#! FIELDS time phi psi
#! SET min_phi -pi
#! SET max_phi pi
#! SET min_psi -pi
#! SET max_psi pi
 0.000000 0.972841 1.874093
 100.000000 -1.940584 2.588459
 200.000000 -2.752443 2.867369
 300.000000 1.297032 2.417742
 400.000000 -2.064682 -2.945604
 500.000000 -2.612514 -2.533420
 600.000000 -2.934001 2.213588
 700.000000 -2.976266 2.190412
 800.000000 -2.075368 -2.275120
 900.000000 -1.295123 -2.879360
 1000.000000 -2.058350 2.772294
 1100.000000 -1.895673 -2.837389
 1200.000000 -2.383679 2.948332
 1300.000000 -2.559632 -2.664105
 1400.000000 -1.252740 -2.815463
 1500.000000 -1.408505 -3.080007
 1600.000000 -2.459983 2.771731
 1700.000000 2.882679 1.239473
 1800.000000 3.096202 -1.145741
 1900.000000 -1.954529 2.536201
 2000.000000 -3.065325 -2.875769
 2100.000000 -3.094188 -2.653555
 2200.000000 -2.841116 2.385921
 2300.000000 -2.691734 -3.094449
 2400.000000 -1.552578 -2.676018
 2500.000000 -2.027946 2.637836
 2600.000000 -1.292873 -3.032371
 2700.000000 -1.413167 -2.691496
 2800.000000 -1.445428 3.009198
 2900.000000 -2.211918 2.286960
 3000.000000 2.899155 -0.348673
 3100.000000 -1.882952 -2.163881
 3200.000000 3.082412 -1.677782
 3300.000000 -2.000024 3.120326
 3400.000000 -2.052255 -2.900181
 3500.000000 -1.899960 2.989026
 3600.000000 2.812253 -0.485319
 3700.000000 2.968712 0.748822
 3800.000000 -2.199497 2.906102
 3900.000000 -2.054905 -2.635490
 4000.000000 3.042788 -1.864276
 4100.000000 -2.925265 3.070278
 4200.000000 -2.962599 2.952446
 4300.000000 -2.171124 2.840707
 4400.000000 -2.542906 2.373881
 4500.000000 -2.617261 3.121691
 4600.000000 -2.926469 -2.845409
 4700.000000 -1.943443 2.869574
 4800.000000 -3.066141 1.974776
 4900.000000 -2.191249 3.055176
 5000.000000 -2.300398 2.934399
 5100.000000 -2.143651 -2.414768
 5200.000000 -2.896059 2.460105
 5300.000000 -2.298732 -2.272258
 5400.000000 -2.226315 3.074706
 5500.000000 -2.009701 3.081888
 5600.000000 2.780895 -1.584515
 5700.000000 -3.019047 2.997662
 5800.000000 2.921937 -1.680750
 5900.000000 -2.722944 -2.050754
 6000.000000 -2.236184 -2.946620
 6100.000000 -2.778657 -2.558719
 6200.000000 -2.961902 2.029850
 6300.000000 -2.065897 2.758142
 6400.000000 -2.293338 2.460480
 6500.000000 -2.998682 2.002208
 6600.000000 -1.550390 2.830671
 6700.000000 -2.158402 2.814248
 6800.000000 -2.204692 2.252046
 6900.000000 -1.995871 -2.784659
 7000.000000 -1.959619 2.960798
 7100.000000 -2.012757 -2.834482
 7200.000000 -2.213205 2.372251
 7300.000000 0.686092 1.742691
 7400.000000 -0.482503 -2.992258
 7500.000000 1.907881 2.140463
 7600.000000 -2.040810 2.302266
 7700.000000 2.068066 2.081583
 7800.000000 -2.421385 2.321923
 7900.000000 -1.381113 2.880581
 8000.000000 -1.415167 2.800938
 8100.000000 -2.053045 1.992041
 8200.000000 -0.697599 2.615336
 8300.000000 -2.027985 -2.903366
 8400.000000 -1.991965 2.468007
 8500.000000 -2.677843 2.632457
 8600.000000 -2.382833 3.120656
 8700.000000 2.348432 1.556789
 8800.000000 -2.648246 1.937815
 8900.000000 1.246586 1.795189
 9000.000000 1.542664 2.981235
 9100.000000 -1.351058 3.043019
 9200.000000 -3.001005 2.389772
 9300.000000 -2.190682 2.263687
 9400.000000 -2.765842 -2.874401
 9500.000000 -1.715398 2.738435
 9600.000000 -2.387334 2.399614
 9700.000000 -2.367296 2.233908
 9800.000000 -2.154824 2.411004
 9900.000000 1.576127 2.080088
 10000.000000 -1.326930 2.786403
 10100.000000 -2.540185 2.727290
 10200.000000 -0.816770 3.030356
 10300.000000 -2.122341 1.792015
 10400.000000 -1.736115 2.677908
 10500.000000 -2.639523 2.109801
 10600.000000 -2.466133 -2.864994
 10700.000000 -1.903095 2.052106
 10800.000000 2.058758 3.003202
 10900.000000 -1.809169 3.136716
 11000.000000 -2.381376 2.215976
 11100.000000 -1.674889 2.810084
 11200.000000 -1.626285 2.527064
 11300.000000 -2.446557 -2.980291
 11400.000000 -1.757669 -3.034993
 11500.000000 -3.138520 2.861410
 11600.000000 -2.115386 2.372599
 11700.000000 1.370160 2.005240
 11800.000000 -2.413950 2.164206
 11900.000000 -0.762011 2.828496
 12000.000000 -1.604155 2.678167
 12100.000000 -2.667467 -2.836519
 12200.000000 -2.491628 -3.011705
 12300.000000 -2.405136 -2.050719
 12400.000000 -2.656544 -2.455520
 12500.000000 3.131165 -2.239474
 12600.000000 -3.128708 -1.501530
 12700.000000 -2.936893 1.529752
 12800.000000 -2.828652 2.716677
 12900.000000 3.012203 -1.199421
 13000.000000 -2.714972 -1.621044
 13100.000000 -2.015633 -2.938557
 13200.000000 -2.934786 2.833807
 13300.000000 3.136738 -1.402473
 13400.000000 2.671554 -1.918025
 13500.000000 -1.945097 2.733820
 13600.000000 -2.907404 -2.565774
 13700.000000 -2.248810 2.866793
 13800.000000 -2.977921 2.112801
 13900.000000 -2.617346 -1.719587
 14000.000000 -1.381984 -2.901761
 14100.000000 -1.731037 2.791444
 14200.000000 -1.739385 -3.073187
 14300.000000 -1.413775 -3.110936
 14400.000000 -3.119336 -2.877165
 14500.000000 -2.267139 -3.075103
 14600.000000 -1.602410 -2.802666
 14700.000000 -0.887022 -3.040507
 14800.000000 -2.071256 2.683992
 14900.000000 -1.841369 -2.915619
 15000.000000 -2.962291 -2.764041
 15100.000000 -2.571311 -3.022204
 15200.000000 -1.473239 -2.501417
 15300.000000 -2.636059 -2.666941
 15400.000000 -2.639636 -2.175147
 15500.000000 3.052837 1.638043
 15600.000000 2.799872 -0.324353
 15700.000000 -2.775204 2.112787
 15800.000000 -0.399921 3.136740
 15900.000000 -1.041562 -3.097214
 16000.000000 -1.135082 -3.134676
 16100.000000 -1.766019 2.499438
 16200.000000 1.127884 1.838515
 16300.000000 -1.841826 2.238124
 16400.000000 -1.991247 -3.090277
 16500.000000 -1.884175 2.382135
 16600.000000 -1.235621 -2.798628
 16700.000000 -2.461641 2.357538
 16800.000000 -2.294169 2.219130
 16900.000000 -2.294972 -3.059793
 17000.000000 1.997224 2.295907
 17100.000000 -2.441067 2.097561
 17200.000000 -1.558117 3.007705
 17300.000000 -1.764576 2.626337
 17400.000000 -1.260776 2.698474
 17500.000000 -2.218272 -2.993794
 17600.000000 0.763601 2.135061
 17700.000000 -2.065865 -2.934866
 17800.000000 -2.219777 3.118888
 17900.000000 2.981986 2.000636
 18000.000000 -1.675798 2.645118
 18100.000000 0.826320 2.940976
 18200.000000 -1.833243 -3.041875
 18300.000000 -1.338959 3.118985
 18400.000000 -2.673973 -3.139210
 18500.000000 -2.239670 2.134102
 18600.000000 -2.247233 -2.868170
 18700.000000 -2.751886 1.840254
 18800.000000 -2.875846 2.693567
 18900.000000 -2.929607 -2.729138
 19000.000000 -2.713978 -2.724689
 19100.000000 -2.025871 2.978853
 19200.000000 -2.392293 -2.156229
 19300.000000 -2.651926 3.077638
 19400.000000 -2.949330 -1.767029
 19500.000000 3.065714 -1.070698
 19600.000000 -2.163648 -2.679203
 19700.000000 2.997595 -0.542715
 19800.000000 -2.971420 2.134455
 19900.000000 -2.164707 2.972602
 20000.000000 -2.599203 -2.334902
 20100.000000 -2.458462 2.466151
 20200.000000 -2.647568 2.792878
 20300.000000 -2.519004 2.879771
 20400.000000 -2.248054 -2.311400
 20500.000000 2.919579 -2.061299
 20600.000000 -2.124879 2.823710
 20700.000000 -2.690899 -1.619631
 20800.000000 -2.567268 -2.309363
 20900.000000 -2.588857 2.982704
 21000.000000 -2.920146 2.289172
 21100.000000 -2.165549 -2.662075
 21200.000000 -2.265801 -3.132044
 21300.000000 -2.203447 2.881846
 21400.000000 -3.109320 -1.657109
 21500.000000 -2.677897 -2.324120
 21600.000000 -2.240320 2.744650
 21700.000000 -2.499744 -2.146730
 21800.000000 -2.592771 3.099062
 21900.000000 -2.541207 -2.765635
 22000.000000 -2.968763 -1.644628
 22100.000000 -2.429461 2.826702
 22200.000000 -2.244694 -2.208028
 22300.000000 -2.666361 2.577283
 22400.000000 -1.121579 -2.679543
 22500.000000 -2.240745 -2.795584
 22600.000000 -2.686667 -2.720648
 22700.000000 -1.648423 2.931392
 22800.000000 -2.666119 -2.438305
 22900.000000 -2.296787 2.961681
 23000.000000 -1.976620 2.452396
 23100.000000 -2.476102 -2.776426
 23200.000000 -2.302265 2.859313
 23300.000000 -2.097031 2.705553
 23400.000000 -1.624929 -2.959632
 23500.000000 -1.501820 -2.881602
 23600.000000 -2.676547 -3.103444
 23700.000000 -2.368761 2.685511
 23800.000000 -1.435397 -3.090471
 23900.000000 -2.031510 2.792575
 24000.000000 -3.003946 -3.067826
 24100.000000 -1.981170 -2.913722
 24200.000000 -2.852425 2.396284
 24300.000000 -2.136338 -3.052355
 24400.000000 -2.858297 2.381355
 24500.000000 3.081662 1.074087
 24600.000000 -3.001300 -1.770719
 24700.000000 -1.955631 3.077361
 24800.000000 -2.000378 2.949311
 24900.000000 -2.853012 -2.933981
 25000.000000 -1.995706 2.904786
 25100.000000 -1.195326 3.081782
 25200.000000 -1.608648 2.857301
 25300.000000 -2.312969 2.979115
 25400.000000 -2.515028 -2.732359
 25500.000000 -1.333380 -3.078388
 25600.000000 -2.858165 -2.788214
 25700.000000 -1.596506 2.842685
 25800.000000 -2.672000 2.160108
 25900.000000 -2.296524 3.014416
 26000.000000 -2.409904 2.617332
 26100.000000 -2.405432 3.127466
 26200.000000 -1.048880 -2.794314
 26300.000000 -2.323688 -2.870274
 26400.000000 -2.407868 2.276110
 26500.000000 -1.444902 -2.750822
 26600.000000 -2.396014 2.753864
 26700.000000 -2.158271 -3.024494
 26800.000000 -2.191861 2.589089
 26900.000000 -2.112294 2.889601
 27000.000000 -2.959446 -2.544473
 27100.000000 -2.624080 -2.513097
 27200.000000 -2.633431 3.083624
 27300.000000 -2.024268 2.491618
 27400.000000 -2.937452 2.608742
 27500.000000 -1.788313 2.767532
 27600.000000 -1.479692 -3.125275
 27700.000000 -1.562454 -2.660761
 27800.000000 -2.252780 -2.808805
 27900.000000 -1.744302 2.867272
 28000.000000 -2.531335 -2.702322
 28100.000000 -1.121756 -2.936390
 28200.000000 -1.519618 3.028366
 28300.000000 -2.394845 2.966782
 28400.000000 -1.900904 3.045820
 28500.000000 -1.779882 -2.625241
 28600.000000 -1.969625 3.118640
 28700.000000 -2.837132 -2.863652
 28800.000000 -1.494114 3.116450
 28900.000000 -2.600679 -2.564199
 29000.000000 -2.513701 2.626536
 29100.000000 -2.978621 -2.666228
 29200.000000 -2.238319 2.483111
 29300.000000 -2.164179 2.884411
 29400.000000 3.065357 1.537441
 29500.000000 -3.035285 -2.599922
 29600.000000 -2.675804 -1.655060
 29700.000000 -3.024396 1.558768
 29800.000000 -2.383644 -3.037875
 29900.000000 -3.133630 -2.611074
 30000.000000 -2.014179 -2.907358
 30100.000000 -2.860499 2.540047
 30200.000000 -2.797507 2.179795
 30300.000000 -2.269612 2.658485
 30400.000000 -2.736234 2.408244
 30500.000000 -2.858282 2.493042
 30600.000000 -3.121397 -1.346645
 30700.000000 -2.619558 -2.828879
 30800.000000 -2.548240 -2.172854
 30900.000000 -2.228174 -2.407344
 31000.000000 1.735048 2.212088
 31100.000000 0.128511 2.816194
 31200.000000 -1.659403 1.927460
 31300.000000 1.612471 1.357926
 31400.000000 -2.076661 2.329944
 31500.000000 -1.548758 3.023250
 31600.000000 -1.595494 2.845306
 31700.000000 1.231723 1.837398
 31800.000000 -1.492524 3.095500
 31900.000000 -1.972317 2.370297
 32000.000000 2.904552 1.877175
 32100.000000 -2.556465 3.052160
 32200.000000 -1.335400 2.414262
 32300.000000 -2.532126 -2.266317
 32400.000000 2.789601 1.053055
 32500.000000 -2.276290 -3.037075
 32600.000000 3.001359 -1.503261
 32700.000000 -2.245085 2.372370
 32800.000000 -1.668705 2.884156
 32900.000000 -2.962538 -2.297246
 33000.000000 -2.702763 -2.041701
 33100.000000 -1.731340 3.095900
 33200.000000 -2.977157 -1.804765
 33300.000000 -2.957392 -1.530247
 33400.000000 -3.128234 -2.561280
 33500.000000 -3.083237 2.795914
 33600.000000 -2.913831 2.346004
 33700.000000 -2.745644 -3.018635
 33800.000000 0.726375 1.985640
 33900.000000 -1.312323 -2.975103
 34000.000000 -2.121886 2.539604
 34100.000000 1.914757 2.877500
 34200.000000 -2.799630 -2.741829
 34300.000000 -1.693365 -2.702191
 34400.000000 -2.433072 2.628380
 34500.000000 2.317672 3.057331
 34600.000000 -2.061069 1.991272
 34700.000000 -2.443770 -3.134844
 34800.000000 -0.384081 -2.957708
 34900.000000 2.982629 2.967116
 35000.000000 -1.236438 2.607656
 35100.000000 -1.966691 -2.962017
 35200.000000 0.662760 2.966872
 35300.000000 -3.006521 2.207102
 35400.000000 -1.828356 2.371270
 35500.000000 -2.379218 -3.084449
 35600.000000 -2.419185 1.827681
 35700.000000 -2.092212 2.313054
 35800.000000 -2.197359 2.152423
 35900.000000 -2.561836 1.950299
 36000.000000 -1.161770 2.780897
 36100.000000 -2.290853 -3.093549
 36200.000000 -2.238339 -3.103800
 36300.000000 2.244000 2.279821
 36400.000000 -2.756070 2.818195
 36500.000000 -1.246323 3.053074
 36600.000000 -2.718387 2.147129
 36700.000000 -2.717261 -3.065920
 36800.000000 -1.847632 2.281042
 36900.000000 -1.858075 -3.111909
 37000.000000 -2.347115 2.518793
 37100.000000 -2.038796 -2.775236
 37200.000000 2.868604 -1.970018
 37300.000000 -2.219526 2.863727
 37400.000000 -2.222718 3.105950
 37500.000000 -2.875593 -1.789165
 37600.000000 -2.464427 -2.548546
 37700.000000 -1.737223 2.482994
 37800.000000 2.445394 1.890227
 37900.000000 1.088942 2.733637
 38000.000000 -1.971180 -2.941668
 38100.000000 2.578607 2.029395
 38200.000000 -2.321559 2.289860
 38300.000000 2.697652 2.868975
 38400.000000 -2.906871 -2.668787
 38500.000000 -2.087835 2.635850
 38600.000000 -2.202780 -2.648974
 38700.000000 -1.630743 -2.995023
 38800.000000 -1.815736 2.782230
 38900.000000 -2.744243 -3.089612
 39000.000000 -1.807747 -2.963184
 39100.000000 -1.237370 -2.820990
 39200.000000 -2.176374 2.986164
 39300.000000 -1.946248 -2.875064
 39400.000000 -1.920839 2.703647
 39500.000000 -2.837436 -2.839127
 39600.000000 -1.634150 -2.571258
 39700.000000 -1.863365 -3.104571
 39800.000000 -1.721284 2.921517
 39900.000000 -2.077172 2.814876
 40000.000000 -1.921896 2.759214
 40100.000000 -1.767813 -2.848560
 40200.000000 -2.321548 2.748051
 40300.000000 -1.111821 -2.841462
 40400.000000 -2.493875 2.391387
 40500.000000 -2.706395 -2.931876
 40600.000000 -2.192558 2.830220
 40700.000000 -2.994937 -2.951904
 40800.000000 -2.826025 2.479397
 40900.000000 3.019484 -0.302941
 41000.000000 3.139375 -2.325257
 41100.000000 2.954818 1.303222
 41200.000000 3.115281 -2.195946
 41300.000000 -2.758472 -1.747070
 41400.000000 2.971813 1.696980
 41500.000000 -2.751159 -1.569752
 41600.000000 -2.285634 2.671612
 41700.000000 -2.909195 -2.572882
 41800.000000 -1.803940 2.898674
 41900.000000 -2.328274 2.969177
 42000.000000 -2.965669 -2.880070
 42100.000000 -1.566983 3.063687
 42200.000000 -1.614747 2.959313
 42300.000000 -2.228284 -2.876221
 42400.000000 -2.166429 -3.094064
 42500.000000 -2.477486 2.818527
 42600.000000 -1.226615 -2.795559
 42700.000000 -2.123008 2.639692
 42800.000000 -3.056375 -2.898368
 42900.000000 -2.513974 -2.692022
 43000.000000 3.075952 -2.619934
 43100.000000 -2.199966 2.749648
 43200.000000 -2.240643 2.440390
 43300.000000 -2.702741 -2.637165
 43400.000000 -3.008826 -3.004906
 43500.000000 -2.070012 -2.986773
 43600.000000 3.051062 1.981685
 43700.000000 -3.049776 2.054283
 43800.000000 -2.110086 -2.915455
 43900.000000 -2.354709 2.525396
 44000.000000 -2.654413 -1.967806
 44100.000000 -2.899296 -1.943852
 44200.000000 3.082861 1.262311
 44300.000000 2.836496 1.295013
 44400.000000 -2.617204 2.253522
 44500.000000 2.848122 0.843791
 44600.000000 -3.038511 1.712555
 44700.000000 -3.099403 -1.147003
 44800.000000 -2.579358 -1.969472
 44900.000000 -2.437406 2.664309
 45000.000000 -2.422196 -2.333186
 45100.000000 -0.119205 2.895545
 45200.000000 -1.543377 2.953715
 45300.000000 -1.225536 2.644164
 45400.000000 -2.562188 2.582459
 45500.000000 -1.011470 -3.119659
 45600.000000 -1.582116 2.841095
 45700.000000 -2.610894 2.384792
 45800.000000 2.682838 2.974642
 45900.000000 -1.629249 2.700889
 46000.000000 -2.848503 -1.881916
 46100.000000 -2.454579 2.923210
 46200.000000 -2.440511 2.504397
 46300.000000 -1.759829 2.743647
 46400.000000 -2.271979 2.961777
 46500.000000 -1.935089 -2.644997
 46600.000000 -1.949704 -2.673916
 46700.000000 -1.919553 2.706493
 46800.000000 -2.665617 2.342367
 46900.000000 -2.196462 -2.865075
 47000.000000 -1.284220 -2.961103
 47100.000000 -1.781730 2.827102
 47200.000000 -1.632772 3.095921
 47300.000000 -2.423887 2.894613
 47400.000000 -2.298049 2.558414
 47500.000000 -2.135175 2.678085
 47600.000000 -2.817095 -2.745148
 47700.000000 -2.906265 -2.943598
 47800.000000 -2.501477 2.997686
 47900.000000 -2.068424 -2.959141
 48000.000000 -2.347444 -1.988900
 48100.000000 3.014236 -2.623347
 48200.000000 -2.629292 2.668628
 48300.000000 -2.841568 -2.776639
 48400.000000 -2.465287 -2.926198
 48500.000000 -2.560280 -2.011280
 48600.000000 -3.005560 -2.391562
 48700.000000 -2.204933 2.752934
 48800.000000 -2.410550 3.000331
 48900.000000 -2.342700 -2.485409
 49000.000000 -1.192482 -2.913092
 49100.000000 -2.233345 2.653926
 49200.000000 -2.604703 -2.846481
 49300.000000 -1.596120 3.103098
 49400.000000 -1.979487 2.784580
 49500.000000 -2.053598 2.839780
 49600.000000 -2.310284 2.546952
 49700.000000 -1.081982 -2.786857
 49800.000000 -2.002767 2.752109
 49900.000000 1.986539 1.700355
 50000.000000 -2.650583 2.578468
 50100.000000 -1.898593 -2.994161
 50200.000000 -1.458963 3.018193
 50300.000000 -2.259177 -3.096920
 50400.000000 -2.130483 -3.131115
 50500.000000 -1.807271 2.709350
 50600.000000 -2.420956 2.019741
 50700.000000 1.726747 2.246629
 50800.000000 -2.972256 -2.970543
 50900.000000 -2.490594 2.703509
 51000.000000 3.132913 1.384836
 51100.000000 -1.982825 -2.390454
 51200.000000 -2.608079 2.921145
 51300.000000 -2.734719 -1.901965
 51400.000000 -2.287449 -2.661575
 51500.000000 -2.306481 -2.083328
 51600.000000 -1.849923 3.103181
 51700.000000 -1.950792 -2.919529
 51800.000000 -2.553886 -2.604819
 51900.000000 -2.405017 -3.071556
 52000.000000 -2.188577 2.691402
 52100.000000 -1.485255 -2.951468
 52200.000000 -1.159778 2.998051
 52300.000000 -2.911904 2.383503
 52400.000000 -2.366681 -3.086539
 52500.000000 -2.491691 2.172658
 52600.000000 -1.304998 2.814002
 52700.000000 -1.744402 -2.972721
 52800.000000 -2.522584 2.286934
 52900.000000 -2.076132 2.125341
 53000.000000 -1.736172 2.486884
 53100.000000 -1.737445 2.604915
 53200.000000 -2.256446 2.699716
 53300.000000 -1.874586 2.677187
 53400.000000 -2.464129 2.825990
 53500.000000 -0.962934 -2.832845
 53600.000000 2.821663 2.802610
 53700.000000 -2.730752 3.048273
 53800.000000 -2.536262 2.418742
 53900.000000 -2.503696 2.751119
 54000.000000 -1.580413 3.001023
 54100.000000 -1.583256 3.056564
 54200.000000 -2.526699 2.236850
 54300.000000 -1.573522 2.721434
 54400.000000 -1.962836 3.098498
 54500.000000 -1.553714 -3.074233
 54600.000000 2.860761 -0.272171
 54700.000000 3.030755 1.381616
 54800.000000 -2.955100 -3.001200
 54900.000000 -2.084002 -2.923342
 55000.000000 -1.921124 -2.704989
 55100.000000 -3.074974 1.721946
 55200.000000 -2.055523 -2.513492
 55300.000000 -2.050109 2.728339
 55400.000000 -2.315846 2.368273
 55500.000000 -2.272332 -3.047006
 55600.000000 -2.712686 2.623519
 55700.000000 2.082077 2.390428
 55800.000000 -2.065003 -2.986464
 55900.000000 -1.550010 2.748252
 56000.000000 2.073561 2.418955
 56100.000000 -2.857830 2.511705
 56200.000000 -1.639713 -3.120004
 56300.000000 -1.390897 2.891702
 56400.000000 -1.846263 2.681561
 56500.000000 -2.680816 3.092266
 56600.000000 -2.922523 -2.953897
 56700.000000 -1.688123 2.944955
 56800.000000 -2.578476 3.049907
 56900.000000 -2.843781 -3.106860
 57000.000000 -2.150416 3.027233
 57100.000000 -1.984651 2.739295
 57200.000000 -1.763578 3.019076
 57300.000000 -1.359536 -2.829117
 57400.000000 -2.104043 2.574044
 57500.000000 -1.834570 -2.726058
 57600.000000 -1.378869 -2.561454
 57700.000000 -2.320101 -2.979782
 57800.000000 -3.006878 -2.434013
 57900.000000 -1.696842 -2.673091
 58000.000000 -1.792108 -2.573416
 58100.000000 -1.800199 -2.777226
 58200.000000 -1.796470 2.857711
 58300.000000 -1.444334 3.077318
 58400.000000 -1.106800 -2.924667
 58500.000000 -1.407121 -2.964248
 58600.000000 -2.148439 2.470541
 58700.000000 -1.737967 3.135404
 58800.000000 1.980445 1.858366
 58900.000000 -1.225457 2.299482
 59000.000000 -2.526942 2.154262
 59100.000000 -1.813536 3.023224
 59200.000000 -1.604696 3.097060
 59300.000000 2.228111 2.827611
 59400.000000 -1.750610 2.198341
 59500.000000 -2.196179 2.512195
 59600.000000 -2.661404 -2.681969
 59700.000000 -2.387329 -2.836257
 59800.000000 -1.845825 -2.425130
 59900.000000 -2.925372 2.356140
 60000.000000 -2.184973 3.090614
 60100.000000 -2.361559 -3.000000
 60200.000000 2.712554 1.032122
 60300.000000 -2.336437 2.664136
 60400.000000 -2.239607 -2.891066
 60500.000000 -2.230333 3.079591
 60600.000000 -1.268842 -2.913923
 60700.000000 -2.703052 2.306557
 60800.000000 -1.856610 2.676770
 60900.000000 -2.524325 -2.611715
 61000.000000 -2.511275 -2.947448
 61100.000000 -3.104093 -3.028070
 61200.000000 -2.941719 -2.321736
 61300.000000 -2.353943 2.959183
 61400.000000 -2.424247 -2.839926
 61500.000000 -1.786815 -3.016926
 61600.000000 -2.961190 -2.812828
 61700.000000 -2.021770 -2.977279
 61800.000000 -2.067420 2.677372
 61900.000000 -1.570518 -3.110518
 62000.000000 -2.175674 2.647474
 62100.000000 -1.565403 2.852189
 62200.000000 -2.904265 -2.641120
 62300.000000 -1.560808 -2.700673
 62400.000000 -1.975452 -2.901200
 62500.000000 -2.576046 2.627721
 62600.000000 -2.387838 -2.834298
 62700.000000 -1.513561 -2.679951
 62800.000000 -2.294492 2.620423
 62900.000000 -2.564469 -3.073833
 63000.000000 -2.573150 3.046252
 63100.000000 -1.877149 2.827106
 63200.000000 -1.982667 2.679225
 63300.000000 -2.838531 2.505319
 63400.000000 -3.099218 -2.751899
 63500.000000 -3.008436 2.411264
 63600.000000 3.031673 -2.304833
 63700.000000 -1.585517 2.671839
 63800.000000 -2.146197 -3.106508
 63900.000000 1.380207 2.728070
 64000.000000 -1.618809 2.826844
 64100.000000 -1.447466 2.993998
 64200.000000 -1.617140 2.818589
 64300.000000 -2.425195 2.115372
 64400.000000 -2.833185 3.107023
 64500.000000 1.788036 1.714141
 64600.000000 -1.488167 2.952208
 64700.000000 2.902655 -0.792995
 64800.000000 -2.930127 2.021461
 64900.000000 -2.934266 2.062124
 65000.000000 3.123283 -1.038942
 65100.000000 2.963711 -1.955307
 65200.000000 -2.499760 2.982480
 65300.000000 -2.466344 -2.249230
 65400.000000 -2.636194 -2.016271
 65500.000000 -2.288476 -2.355814
 65600.000000 -2.000963 -2.821537
 65700.000000 -1.408643 -2.973806
 65800.000000 -2.847417 -3.052057
 65900.000000 -2.384441 2.475021
 66000.000000 -2.198257 -2.947655
 66100.000000 -2.794157 2.196056
 66200.000000 -2.505385 2.913392
 66300.000000 -2.412184 2.708391
 66400.000000 3.033932 1.664654
 66500.000000 -2.277740 2.952744
 66600.000000 -2.440527 2.946711
 66700.000000 -2.449389 -2.128213
 66800.000000 -2.472284 2.644003
 66900.000000 -2.167479 -3.049746
 67000.000000 -1.751570 -3.051963
 67100.000000 -2.616225 -2.991859
 67200.000000 2.968124 -0.224006
 67300.000000 -2.347012 2.611463
 67400.000000 -2.807573 2.520437
 67500.000000 -2.476613 2.541752
 67600.000000 -2.254434 2.785945
 67700.000000 -2.460455 -2.661634
 67800.000000 3.062921 1.506003
 67900.000000 -2.133809 -2.430399
 68000.000000 -2.740739 2.577744
 68100.000000 -2.659204 2.706946
 68200.000000 -2.190668 3.042258
 68300.000000 -2.461674 2.990214
 68400.000000 -3.107073 -2.509872
 68500.000000 -2.075253 -2.913361
 68600.000000 -3.012806 -2.472116
 68700.000000 -2.534311 -2.329089
 68800.000000 -3.049207 -2.865352
 68900.000000 -3.015480 2.771291
 69000.000000 -2.356327 2.931907
 69100.000000 -2.362530 -2.252844
 69200.000000 -3.133081 -2.520342
 69300.000000 -2.234279 2.518716
 69400.000000 -2.718596 -2.115494
 69500.000000 -2.422034 2.333970
 69600.000000 -2.323996 -2.915048
 69700.000000 2.835974 -0.425683
 69800.000000 -3.063671 1.868065
 69900.000000 -2.495577 2.986678
 70000.000000 -1.689854 2.817704
 70100.000000 -2.662184 -3.056468
 70200.000000 -2.758990 -2.793583
 70300.000000 -2.658146 2.277031
 70400.000000 -1.687960 2.801810
 70500.000000 -1.446559 -3.053119
 70600.000000 -2.702101 -2.909686
 70700.000000 -2.352956 -3.106103
 70800.000000 -2.286774 -2.670100
 70900.000000 -1.388598 -2.884682
 71000.000000 -2.202592 -2.893624
 71100.000000 -1.564244 -3.107548
 71200.000000 -2.301472 2.470040
 71300.000000 -2.009346 -2.647054
 71400.000000 -1.913079 3.004505
 71500.000000 -2.550208 2.898170
 71600.000000 -1.043636 -2.899378
 71700.000000 -2.311925 2.570105
 71800.000000 -2.099345 -2.882450
 71900.000000 -2.103524 2.792047
 72000.000000 -1.130414 -2.762508
 72100.000000 -2.398109 -2.236585
 72200.000000 -2.775312 -1.922229
 72300.000000 -2.416275 -3.043845
 72400.000000 -2.179401 -2.922998
 72500.000000 -2.435335 -2.838901
 72600.000000 2.737471 0.953582
 72700.000000 -2.212759 -3.020081
 72800.000000 -2.414731 -2.946865
 72900.000000 -3.059715 -2.061971
 73000.000000 -2.933055 2.128173
 73100.000000 -2.015850 3.104081
 73200.000000 -2.955049 2.356362
 73300.000000 -1.991036 2.799768
 73400.000000 -2.872743 -2.648469
 73500.000000 -2.727075 -2.467189
 73600.000000 -2.885673 2.759639
 73700.000000 -2.088935 3.079993
 73800.000000 -2.800048 -2.782669
 73900.000000 -2.972873 2.424009
 74000.000000 2.846664 -0.660097
 74100.000000 2.870703 0.435967
 74200.000000 -2.215501 2.777852
 74300.000000 3.101219 1.865177
 74400.000000 -2.923025 2.736194
 74500.000000 -2.013714 -3.074573
 74600.000000 2.924654 1.103466
 74700.000000 -1.839213 -2.650360
 74800.000000 -2.747954 -2.670670
 74900.000000 -2.955686 2.166941
 75000.000000 -2.674067 2.975150
 75100.000000 2.863636 0.284563
 75200.000000 -2.965064 1.920411
 75300.000000 -2.980979 -2.795023
 75400.000000 -2.926314 -2.792626
 75500.000000 -2.575632 -2.911348
 75600.000000 -1.408581 -2.879145
 75700.000000 -2.600441 3.110612
 75800.000000 -3.044319 -2.923651
 75900.000000 2.736976 0.924724
 76000.000000 -2.106838 2.246174
 76100.000000 -2.271002 -2.960930
 76200.000000 -2.013992 -3.057567
 76300.000000 -1.764798 2.826727
 76400.000000 -1.904139 2.922142
 76500.000000 -2.212858 2.572740
 76600.000000 -2.490724 2.807344
 76700.000000 -2.163607 -2.550949
 76800.000000 -1.555860 -2.626837
 76900.000000 -0.972377 -2.760363
 77000.000000 -1.774227 2.537114
 77100.000000 -2.462834 -2.725374
 77200.000000 -3.026318 -2.745168
 77300.000000 -1.878550 2.877779
 77400.000000 -2.736042 2.991067
 77500.000000 -1.380372 -2.698086
 77600.000000 -1.362178 -2.512973
 77700.000000 -2.756958 -3.114307
 77800.000000 -2.712802 -2.945827
 77900.000000 -1.748065 2.897026
 78000.000000 -1.923090 2.986805
 78100.000000 -2.419359 -2.899622
 78200.000000 -3.094651 -2.547722
 78300.000000 2.225800 2.023563
 78400.000000 1.670568 2.520875
 78500.000000 -1.260984 2.967514
 78600.000000 -1.209056 -3.022978
 78700.000000 -1.663685 2.940878
 78800.000000 1.210917 3.028658
 78900.000000 2.841620 2.400060
 79000.000000 -2.550179 3.043331
 79100.000000 0.881014 1.791576
 79200.000000 3.021208 2.254165
 79300.000000 -2.742593 -2.693778
 79400.000000 -2.555076 -2.821784
 79500.000000 -2.485834 -2.811247
 79600.000000 -1.576154 3.007763
 79700.000000 -2.367436 2.482107
 79800.000000 -1.575237 2.844562
 79900.000000 -2.697332 -2.733785
 80000.000000 -2.040831 -2.421249
 80100.000000 -2.280297 3.132561
 80200.000000 -2.531640 -3.023666
 80300.000000 -2.606732 -2.857542
 80400.000000 -2.734309 2.385159
 80500.000000 -2.578551 2.631358
 80600.000000 -2.780189 2.415379
 80700.000000 -1.860231 2.891077
 80800.000000 -1.823702 2.695890
 80900.000000 -2.782745 -2.905133
 81000.000000 -2.645893 -3.073577
 81100.000000 -2.487431 -2.892964
 81200.000000 -2.181792 -2.689994
 81300.000000 -2.368436 2.182335
 81400.000000 -1.211989 3.076981
 81500.000000 -1.767084 -2.561843
 81600.000000 -1.754297 -2.573815
 81700.000000 -2.013676 2.682918
 81800.000000 -3.064192 -2.717692
 81900.000000 -2.199996 2.663168
 82000.000000 -1.848576 -2.803863
 82100.000000 -0.864054 -2.893556
 82200.000000 -2.283473 2.619726
 82300.000000 1.055675 2.753963
 82400.000000 -1.621242 2.669220
 82500.000000 -1.552543 3.038097
 82600.000000 -0.548361 3.096116
 82700.000000 -2.070577 2.406131
 82800.000000 -1.907684 -3.055366
 82900.000000 -2.118331 2.221489
 83000.000000 -1.714986 2.276362
 83100.000000 -2.234571 2.531565
 83200.000000 -1.061670 -2.975781
 83300.000000 3.040888 2.817177
 83400.000000 1.666635 2.359019
 83500.000000 -2.324377 2.202209
 83600.000000 -1.725952 -2.780950
 83700.000000 -2.147517 2.987017
 83800.000000 -1.275974 -2.898368
 83900.000000 -2.548534 2.823257
 84000.000000 -2.657169 -2.909886
 84100.000000 -1.312659 -3.023891
 84200.000000 -2.870511 -2.925082
 84300.000000 -1.523001 -2.910463
 84400.000000 -1.304310 -3.126953
 84500.000000 -1.676050 -3.038315
 84600.000000 -2.478191 2.225286
 84700.000000 -2.434405 -2.810769
 84800.000000 -2.168666 -2.822579
 84900.000000 -1.423702 2.974396
 85000.000000 -1.231606 -2.957581
 85100.000000 -1.259970 -2.637548
 85200.000000 -1.098408 -2.467972
 85300.000000 -2.702932 -2.921104
 85400.000000 -2.595650 -2.831571
 85500.000000 2.815745 0.384571
 85600.000000 -2.849234 2.491021
 85700.000000 -2.758867 -2.883344
 85800.000000 -2.426017 -2.387490
 85900.000000 -2.836792 -2.766665
 86000.000000 3.098938 -1.436115
 86100.000000 -2.926929 2.417940
 86200.000000 3.058461 -2.436602
 86300.000000 -2.635312 2.469812
 86400.000000 -2.468894 -3.068762
 86500.000000 -2.365208 -3.016438
 86600.000000 -2.847018 2.332239
 86700.000000 -2.132603 2.686913
 86800.000000 -2.600658 -2.977617
 86900.000000 -1.550337 2.965845
 87000.000000 -2.013176 3.088755
 87100.000000 -1.854458 2.952400
 87200.000000 -1.594885 -3.014372
 87300.000000 -2.580896 2.681271
 87400.000000 -1.817929 2.356798
 87500.000000 -1.822676 2.434789
 87600.000000 -1.568836 -2.733065
 87700.000000 -2.176164 -2.805104
 87800.000000 -1.247931 -3.125809
 87900.000000 -1.687990 2.878344
 88000.000000 -2.005784 2.728140
 88100.000000 -2.037832 2.846492
 88200.000000 -3.054561 -2.953230
 88300.000000 -2.189684 -2.532787
 88400.000000 -2.539401 -3.069555
 88500.000000 -2.196762 -3.074590
 88600.000000 -2.176900 2.896547
 88700.000000 -2.573107 -3.063411
 88800.000000 -2.686434 -3.040256
 88900.000000 -1.757369 -2.738782
 89000.000000 -1.593288 3.020559
 89100.000000 -1.789649 -2.818349
 89200.000000 -2.472456 -2.664689
 89300.000000 -1.497593 2.999854
 89400.000000 -2.465056 2.886500
 89500.000000 -2.752979 3.061809
 89600.000000 -2.705139 -3.125740
 89700.000000 -1.884948 2.800937
 89800.000000 -1.571554 -2.633541
 89900.000000 -1.184181 -2.849159
 90000.000000 -2.045963 -3.076045
 90100.000000 -2.265788 -2.484860
 90200.000000 3.120119 -2.558223
 90300.000000 -1.234452 -3.017329
 90400.000000 -1.827672 -2.786697
 90500.000000 -2.218130 3.132868
 90600.000000 -2.020829 2.960100
 90700.000000 3.114481 -1.544947
 90800.000000 -2.925955 2.173728
 90900.000000 -2.762182 -2.360931
 91000.000000 -2.435545 2.590781
 91100.000000 -2.753571 -2.188536
 91200.000000 2.997120 -2.274277
 91300.000000 -2.262684 2.996390
 91400.000000 -3.056777 -1.609584
 91500.000000 -2.616091 3.022445
 91600.000000 -2.961942 2.013942
 91700.000000 -2.964830 2.269538
 91800.000000 -1.918177 -3.088681
 91900.000000 -2.049664 -2.530902
 92000.000000 2.856857 1.132283
 92100.000000 -2.451708 -2.648392
 92200.000000 3.053659 1.779738
 92300.000000 2.726901 1.953501
 92400.000000 -1.956132 -3.079152
 92500.000000 1.731653 1.861473
 92600.000000 -2.717830 2.071573
 92700.000000 -2.727605 2.707383
 92800.000000 -1.354005 -3.095115
 92900.000000 -2.415971 2.327205
 93000.000000 -1.481141 2.607912
 93100.000000 2.179691 3.015028
 93200.000000 0.331481 2.278102
 93300.000000 -2.310522 -3.129775
 93400.000000 3.127903 2.399656
 93500.000000 -1.894488 -3.015054
 93600.000000 -1.383721 -2.982970
 93700.000000 -2.666121 -3.001692
 93800.000000 -2.452933 -2.525019
 93900.000000 -2.450731 2.691518
 94000.000000 -2.358655 -2.553213
 94100.000000 -1.253209 -2.783173
 94200.000000 -1.099039 -2.894402
 94300.000000 0.196062 2.092347
 94400.000000 -2.083226 3.099946
 94500.000000 -1.429296 2.783439
 94600.000000 -1.214819 -3.088724
 94700.000000 -1.249432 -2.921261
 94800.000000 -1.336174 3.043525
 94900.000000 -1.698190 2.875411
 95000.000000 -1.683780 2.883490
 95100.000000 2.810279 1.093455
 95200.000000 -1.987685 -2.782300
 95300.000000 -2.751307 2.278575
 95400.000000 -2.301764 -3.022838
 95500.000000 2.794939 -0.067532
 95600.000000 -2.183189 -2.888881
 95700.000000 -3.016400 -1.809494
 95800.000000 -2.112999 -2.502371
 95900.000000 -2.184210 3.105158
 96000.000000 -1.632782 -3.034264
 96100.000000 -2.796907 -3.089536
 96200.000000 -2.422953 2.794380
 96300.000000 -2.138740 2.897318
 96400.000000 -1.447779 -2.521755
 96500.000000 -2.874445 -2.932062
 96600.000000 -1.991068 -2.954359
 96700.000000 -2.149453 -2.661755
 96800.000000 -2.446678 2.945879
 96900.000000 -2.573374 -2.812199
 97000.000000 -2.922235 -2.681775
 97100.000000 -2.404314 -2.810592
 97200.000000 -1.465168 -3.062441
 97300.000000 -2.762125 -2.882014
 97400.000000 -2.748353 -2.866772
 97500.000000 -2.897357 -2.781312
 97600.000000 -1.925868 2.796618
 97700.000000 -2.731292 -2.997674
 97800.000000 -2.764520 -2.915045
 97900.000000 -1.867999 3.027175
 98000.000000 -1.694862 3.078105
 98100.000000 -2.434787 -2.714141
 98200.000000 -1.419883 -3.132731
 98300.000000 -2.226443 -2.928615
 98400.000000 -1.316086 -2.917956
 98500.000000 -2.761695 2.687412
 98600.000000 -1.603124 -2.854572
 98700.000000 -1.523396 2.840622
 98800.000000 -1.648252 -2.889717
 98900.000000 -1.836576 2.509903
 99000.000000 -2.716891 -3.128102
 99100.000000 -1.700006 2.527613
 99200.000000 -2.655194 2.119442
 99300.000000 2.917030 1.947858
 99400.000000 -2.145073 1.952656
 99500.000000 -0.720314 3.075325
 99600.000000 -2.167686 2.109021
 99700.000000 0.914925 2.095786
 99800.000000 -1.492440 2.995977
 99900.000000 2.851353 -0.893567
 100000.000000 -2.883116 2.423530
