#! FIELDS phi metad.bias der_phi
#! SET min_phi -pi
#! SET max_phi pi
#! SET nbins_phi  242
#! SET periodic_phi true
   -3.141592654   75.695242163   46.399880649
   -3.115629078   76.877106791   44.274047281
   -3.089665502   78.002913582   42.102640398
   -3.063701927   79.068683450   39.603651888
   -3.037738351   80.066714126   36.979757113
   -3.011774775   80.997482526   34.297828570
   -2.985811200   81.856556442   31.482827622
   -2.959847624   82.646000685   28.860702797
   -2.933884048   83.377303754   26.640914969
   -2.907920473   84.037987330   24.551766743
   -2.881956897   84.647833969   22.353505491
   -2.855993321   85.206551804   20.652463086
   -2.830029746   85.717664418   18.599624358
   -2.804066170   86.186600529   16.866718278
   -2.778102594   86.606407474   15.105869462
   -2.752139019   86.979306788   13.268958220
   -2.726175443   87.298512796   11.306088735
   -2.700211868   87.566277907    9.116215791
   -2.674248292   87.777633380    7.171649509
   -2.648284716   87.938219798    5.160960362
   -2.622321141   88.052890186    3.304210850
   -2.596357565   88.114062519    1.688520907
   -2.570393989   88.140966958    0.268644068
   -2.544430414   88.132411742   -0.873005735
   -2.518466838   88.105955129   -1.565512080
   -2.492503262   88.061016752   -1.904328363
   -2.466539687   88.008905710   -2.127981162
   -2.440576111   87.949481077   -2.285232532
   -2.414612535   87.887866596   -2.196644076
   -2.388648960   87.826496841   -2.392673751
   -2.362685384   87.764611404   -2.670168877
   -2.336721808   87.695237816   -2.968564323
   -2.310758233   87.612250341   -3.215081693
   -2.284794657   87.521013873   -3.704135754
   -2.258831082   87.420493844   -4.136719600
   -2.232867506   87.303273652   -4.572446576
   -2.206903930   87.176645895   -5.475958300
   -2.180940355   87.026541202   -6.186637492
   -2.154976779   86.851990214   -7.131658352
   -2.129013203   86.658256215   -7.711661071
   -2.103049628   86.450993788   -8.119954300
   -2.077086052   86.244223058   -7.917694410
   -2.051122476   86.047387901   -7.180563714
   -2.025158901   85.875664721   -5.540367879
   -1.999195325   85.754351589   -3.729036207
   -1.973231749   85.688931436   -1.803351835
   -1.947268174   85.671823394    0.523382440
   -1.921304598   85.707568922    2.003680065
   -1.895341022   85.776022666    3.194725244
   -1.869377447   85.869836327    4.188688052
   -1.843413871   85.980982136    4.632586599
   -1.817450295   86.112393036    5.060506060
   -1.791486720   86.250720943    5.700845676
   -1.765523144   86.410995316    6.780463236
   -1.739559569   86.601398415    7.970487649
   -1.713595993   86.829867654    9.504748620
   -1.687632417   87.100373521   11.161139100
   -1.661668842   87.408104774   12.462044533
   -1.635705266   87.743765375   13.458416778
   -1.609741690   88.099735619   14.016419284
   -1.583778115   88.457263145   13.850370541
   -1.557814539   88.815779867   13.168313121
   -1.531850963   89.141765358   11.743666903
   -1.505887388   89.422580968    9.937428738
   -1.479923812   89.657200254    7.785379177
   -1.453960236   89.831392466    5.460283338
   -1.427996661   89.940637112    3.043784300
   -1.402033085   89.985946157    0.557945137
   -1.376069509   89.964813059   -1.859253779
   -1.350105934   89.884263010   -4.154347303
   -1.324142358   89.743053294   -6.527684977
   -1.298178782   89.546836170   -8.762479657
   -1.272215207   89.289353571  -11.040216611
   -1.246251631   88.972871110  -13.235093043
   -1.220288056   88.600533708  -15.399160007
   -1.194324480   88.170639586  -17.455877461
   -1.168360904   87.692689527  -19.248739079
   -1.142397329   87.167831303  -21.100477027
   -1.116433753   86.592472010  -22.868035244
   -1.090470177   85.966904592  -24.980937338
   -1.064506602   85.299594444  -26.682458799
   -1.038543026   84.572802428  -28.759092107
   -1.012579450   83.796417051  -30.828658532
   -0.986615875   82.971619018  -32.640635237
   -0.960652299   82.094086575  -34.129359540
   -0.934688723   81.185737596  -35.299685180
   -0.908725148   80.260242433  -35.777107116
   -0.882761572   79.325855599  -35.883205247
   -0.856797996   78.390352121  -35.753679972
   -0.830834421   77.457670493  -35.426079860
   -0.804870845   76.546376173  -34.952858926
   -0.778907269   75.636470448  -34.827636170
   -0.752943694   74.720706126  -35.131273782
   -0.726980118   73.797511024  -36.027094828
   -0.701016543   72.842028239  -37.347856294
   -0.675052967   71.845541817  -38.892166586
   -0.649089391   70.806781242  -40.393882892
   -0.623125816   69.736079452  -41.803389827
   -0.597162240   68.641384083  -42.246200095
   -0.571198664   67.546539392  -41.612508384
   -0.545235089   66.477701858  -39.967319893
   -0.519271513   65.464784440  -37.347911287
   -0.493307937   64.532316594  -34.156700119
   -0.467344362   63.689096086  -30.717837052
   -0.441380786   62.932619458  -27.553808931
   -0.415417210   62.245906653  -25.406477209
   -0.389453635   61.595556847  -24.346602268
   -0.363490059   60.961102245  -24.376683571
   -0.337526483   60.314558881  -25.099860121
   -0.311562908   59.642329469  -26.008177895
   -0.285599332   58.954563317  -26.581753230
   -0.259635756   58.270492397  -25.972713800
   -0.233672181   57.612552677  -24.024236025
   -0.207708605   57.028734826  -21.023969486
   -0.181745030   56.535649490  -17.098703961
   -0.155781454   56.145092062  -12.510568269
   -0.129817878   55.869147123   -8.652685819
   -0.103854303   55.680510451   -5.514736758
   -0.077890727   55.568650102   -3.274688367
   -0.051927151   55.500490202   -2.061127007
   -0.025963576   55.458701589   -1.427431110
    0.000000000   55.427921587   -0.551207016
    0.025963576   55.436431411    1.140552383
    0.051927151   55.505378658    3.894343919
    0.077890727   55.652737524    7.824492738
    0.103854303   55.924932439   13.131804095
    0.129817878   56.335728480   18.651257723
    0.155781454   56.884257017   23.687557409
    0.181745030   57.556726020   27.789854019
    0.207708605   58.323145833   30.387312051
    0.233672181   59.133168789   31.556745699
    0.259635756   59.958263104   31.690883726
    0.285599332   60.781735935   31.336265023
    0.311562908   61.594443611   31.242342863
    0.337526483   62.414696174   31.603593394
    0.363490059   63.245813642   32.358437861
    0.389453635   64.114304337   33.974150071
    0.415417210   65.020335597   35.468902893
    0.441380786   65.962715156   36.839367534
    0.467344362   66.929446159   37.613250117
    0.493307937   67.909841735   37.939170439
    0.519271513   68.901434802   37.710611452
    0.545235089   69.885930401   37.475787592
    0.571198664   70.858575019   37.017852771
    0.597162240   71.818403317   36.612923399
    0.623125816   72.772368493   36.226585173
    0.649089391   73.709339852   35.679978559
    0.675052967   74.630475623   35.029762101
    0.701016543   75.531355438   33.838630059
    0.726980118   76.386527609   32.205386708
    0.752943694   77.198719081   30.458621269
    0.778907269   77.962478956   28.175589584
    0.804870845   78.680046939   26.196385497
    0.830834421   79.335189865   24.457417871
    0.856797996   79.953709417   22.758400591
    0.882761572   80.532943116   21.425225600
    0.908725148   81.071759666   19.885034410
    0.934688723   81.566746488   18.142751197
    0.960652299   82.003061915   15.870408953
    0.986615875   82.375818791   12.727004980
    1.012579450   82.665508453    9.180411733
    1.038543026   82.847978910    5.018473760
    1.064506602   82.924405618    0.377986696
    1.090470177   82.868999583   -4.271438176
    1.116433753   82.704347192   -8.742722046
    1.142397329   82.419479940  -12.923874385
    1.168360904   82.027288105  -16.944566904
    1.194324480   81.536026833  -20.386913611
    1.220288056   80.958349899  -23.675152624
    1.246251631   80.304973600  -26.561217074
    1.272215207   79.576604882  -29.582482740
    1.298178782   78.761226907  -32.611750354
    1.324142358   77.871185578  -35.916417175
    1.350105934   76.883147926  -39.599947073
    1.376069509   75.797049846  -43.624768103
    1.402033085   74.606815388  -47.944738249
    1.427996661   73.305993424  -52.139987447
    1.453960236   71.891502727  -56.310773653
    1.479923812   70.363210426  -60.415797682
    1.505887388   68.744064341  -64.121894129
    1.531850963   67.036022453  -66.958309431
    1.557814539   65.260495561  -68.905603760
    1.583778115   63.450018199  -69.792881757
    1.609741690   61.633911965  -69.480850925
    1.635705266   59.835116539  -68.248700139
    1.661668842   58.080147173  -66.436833506
    1.687632417   56.376049413  -64.221631863
    1.713595993   54.725180164  -62.041984957
    1.739559569   53.131661265  -60.216554657
    1.765523144   51.581057209  -58.730901581
    1.791486720   50.059106178  -57.639070300
    1.817450295   48.573568784  -56.744220692
    1.843413871   47.097657868  -56.131819433
    1.869377447   45.637502266  -55.588100681
    1.895341022   44.207245897  -54.820861893
    1.921304598   42.783559787  -53.925068621
    1.947268174   41.396452251  -52.643523696
    1.973231749   40.046125064  -51.183116004
    1.999195325   38.735463575  -49.088959120
    2.025158901   37.488607811  -46.299455219
    2.051122476   36.322384517  -42.795937574
    2.077086052   35.266967978  -38.422510361
    2.103049628   34.341571290  -32.715944916
    2.129013203   33.575971186  -25.975188480
    2.154976779   32.996007692  -18.285930597
    2.180940355   32.622722310   -9.994612787
    2.206903930   32.474188561   -1.674198844
    2.232867506   32.529797087    6.191243629
    2.258831082   32.786926454   13.407916990
    2.284794657   33.224757920   19.672372097
    2.310758233   33.806849877   24.833467415
    2.336721808   34.509877662   29.175635180
    2.362685384   35.315749442   32.624532051
    2.388648960   36.200399465   35.412868434
    2.414612535   37.149118483   37.813827814
    2.440576111   38.169993178   40.227928758
    2.466539687   39.249860357   42.672013385
    2.492503262   40.395366792   45.092798188
    2.518466838   41.605524506   47.730679702
    2.544430414   42.882170799   50.453066132
    2.570393989   44.225314554   52.850327469
    2.596357565   45.634533150   54.948855458
    2.622321141   47.092880112   56.656173003
    2.648284716   48.584738497   57.674423847
    2.674248292   50.096564819   58.002845845
    2.700211868   51.612669681   57.949391213
    2.726175443   53.115864089   57.533261095
    2.752139019   54.605005243   56.779864527
    2.778102594   56.086775431   56.303167417
    2.804066170   57.548577408   56.101617708
    2.830029746   59.009687225   55.970410556
    2.855993321   60.468535749   56.145781032
    2.881956897   61.937848397   56.272824975
    2.907920473   63.403074644   56.171935531
    2.933884048   64.871553943   55.954227374
    2.959847624   66.322847248   55.262514422
    2.985811200   67.752199192   54.395692654
    3.011774775   69.152460868   53.334730665
    3.037738351   70.528579594   52.097661100
    3.063701927   71.875695951   50.831708522
    3.089665502   73.184843167   49.515851878
    3.115629078   74.458373589   48.117907814
