#! FIELDS phi file.free der_phi
#! SET min_phi -pi
#! SET max_phi pi
#! SET nbins_phi  137
#! SET periodic_phi true
   -3.141592654   15.735522351  -45.072391511
   -3.095729987   13.737235638  -42.172250672
   -3.049867321   11.870980549  -39.311346434
   -3.004004654   10.141238849  -36.117031473
   -2.958141988    8.566866256  -32.550297816
   -2.912279321    7.162097812  -28.767301878
   -2.866416655    5.929418087  -25.173348104
   -2.820553988    4.858098742  -21.686143756
   -2.774691322    3.945943709  -18.254876432
   -2.728828655    3.196185916  -14.519870366
   -2.682965989    2.624138238  -10.561388209
   -2.637103322    2.234109638   -6.703891099
   -2.591240656    2.005396680   -3.578198007
   -2.545377989    1.897441818   -1.555488534
   -2.499515323    1.858977537   -0.385269816
   -2.453652656    1.867088842    0.626052931
   -2.407789990    1.932624056    2.209035830
   -2.361927324    2.086295929    4.322337243
   -2.316064657    2.335415364    6.252866661
   -2.270201991    2.651931477    7.109465180
   -2.224339324    2.985471913    7.171354345
   -2.178476658    3.320257393    7.309861504
   -2.132613991    3.676528369    8.115213994
   -2.086751325    4.076020038    8.945032573
   -2.040888658    4.489192289    8.623513568
   -1.995025992    4.847707297    6.536886250
   -1.949163325    5.080712516    3.364647169
   -1.903300659    5.166482716    0.177767152
   -1.857437992    5.113964361   -2.549888111
   -1.811575326    4.935454544   -5.602629281
   -1.765712659    4.598839618   -9.395761743
   -1.719849993    4.073796583  -13.744073313
   -1.673987326    3.357088066  -17.467937891
   -1.628124660    2.508510803  -19.357786731
   -1.582261993    1.632358012  -18.561661733
   -1.536399327    0.855052954  -15.160203983
   -1.490536660    0.284778680   -9.581039192
   -1.444673994    0.000000000   -2.978630670
   -1.398811328    0.020072041    3.548571377
   -1.352948661    0.318252613    9.038084193
   -1.307085995    0.835047054   12.980675634
   -1.261223328    1.499339412   15.580782948
   -1.215360662    2.259152065   17.257759567
   -1.169497995    3.092504414   18.903472089
   -1.123635329    4.019070324   21.493095952
   -1.077772662    5.097969150   25.573818136
   -1.031909996    6.392471673   30.734152704
   -0.986047329    7.924188943   35.599603482
   -0.940184663    9.647297870   38.980240742
   -0.894321996   11.476547753   40.239444901
   -0.848459330   13.330871305   40.250521166
   -0.802596663   15.182837031   40.388689551
   -0.756733997   17.065755850   41.688240916
   -0.710871330   19.039267568   44.269139426
   -0.665008664   21.143585751   47.241692798
   -0.619145997   23.362116695   48.933431767
   -0.573283331   25.599622834   47.901358321
   -0.527420664   27.717498812   43.770382351
   -0.481557998   29.601335644   38.035786302
   -0.435695332   31.235437139   33.421160496
   -0.389832665   32.723964239   31.868679232
   -0.343969999   34.209666727   32.958206001
   -0.298107332   35.753501747   33.893950943
   -0.252244666   37.271103375   31.326307366
   -0.206381999   38.563901451   24.168283750
   -0.160519333   39.453670072   14.357258877
   -0.114656666   39.905054419    5.573180625
   -0.068794000   40.033497725    0.538430676
   -0.022931333   40.010394366   -1.380086723
    0.022931333   39.909643816   -3.432645801
    0.068794000   39.646903590   -8.956675297
    0.114656666   39.041314790  -17.836280782
    0.160519333   38.011480327  -26.904097161
    0.206381999   36.643512338  -31.982527877
    0.252244666   35.157041643  -32.232460857
    0.298107332   33.720839194  -30.475559648
    0.343969999   32.335413371  -30.588189564
    0.389832665   30.866603944  -34.080226616
    0.435695332   29.182083800  -39.569113328
    0.481557998   27.250024465  -44.555601629
    0.527420664   25.131644184  -47.617597445
    0.573283331   22.917238250  -48.720719471
    0.619145997   20.691076183  -48.156774781
    0.665008664   18.531983793  -45.691419925
    0.710871330   16.530485915  -41.379566962
    0.756733997   14.759949183  -35.923431712
    0.802596663   13.241643034  -30.636615882
    0.848459330   11.939285730  -26.369212293
    0.894321996   10.812270092  -22.912811463
    0.940184663    9.852033277  -18.818512605
    0.986047329    9.121218168  -12.815219970
    1.031909996    8.716367875   -4.671817625
    1.077772662    8.719709505    4.680046313
    1.123635329    9.151416328   13.866291140
    1.169497995    9.974619606   21.574726475
    1.215360662   11.112663195   27.660124564
    1.261223328   12.505696493   32.877108814
    1.307085995   14.145016377   38.554028327
    1.352948661   16.073512666   45.559585727
    1.398811328   18.355685181   53.891197825
    1.444673994   21.032853679   62.674853835
    1.490536660   24.099728241   70.466424666
    1.536399327   27.477070525   76.141667714
    1.582261993   31.046956153   78.857883737
    1.628124660   34.678151499   78.901507660
    1.673987326   38.275669042   77.604233183
    1.719849993   41.808267701   76.287645122
    1.765712659   45.285708389   75.042121446
    1.811575326   48.686577669   72.773762220
    1.857437992   51.930677122   67.984621555
    1.903300659   54.886829980   60.238635835
    1.949163325   57.434800890   50.531730983
    1.995025992   59.523569668   40.458366420
    2.040888658   61.169815348   31.366332096
    2.086751325   62.426244495   23.348356038
    2.132613991   63.322806904   15.636141837
    2.178476658   63.853945799    7.276879392
    2.224339324   63.981843552   -1.996691781
    2.270201991   63.669973551  -11.745381247
    2.316064657   62.909845226  -21.474164368
    2.361927324   61.712995289  -30.630211575
    2.407789990   60.115263843  -38.957814472
    2.453652656   58.157706265  -46.207469441
    2.499515323   55.895832889  -52.246041603
    2.545377989   53.389794307  -56.744821348
    2.591240656   50.718691660  -59.527924591
    2.637103322   47.955713153  -60.796258227
    2.682965989   45.146324669  -61.796173790
    2.728828655   42.266962745  -64.117732302
    2.774691322   39.236404223  -68.403166394
    2.820553988   35.985219969  -73.204172765
    2.866416655   32.552052375  -75.900505462
    2.912279321   29.091788542  -74.254515504
    2.958141988   25.807390552  -68.448944044
    3.004004654   22.842104925  -60.778475455
    3.049867321   20.221196116  -53.816197562
    3.095729987   17.879480205  -48.652915159
