#! FIELDS phi file.free der_phi
#! SET min_phi -pi
#! SET max_phi pi
#! SET nbins_phi  137
#! SET periodic_phi true
   -3.141592654   15.873103904  -49.612589014
   -3.095729987   13.640607207  -47.681236101
   -3.049867321   11.519248568  -44.782256316
   -3.004004654    9.555472793  -40.780343667
   -2.958141988    7.796374685  -35.950294938
   -2.912279321    6.268456254  -30.764274453
   -2.866416655    4.974361340  -25.915473268
   -2.820553988    3.893512662  -21.411758019
   -2.774691322    3.012702677  -17.205324329
   -2.728828655    2.326118563  -12.860847623
   -2.682965989    1.843072629   -8.360954531
   -2.637103322    1.567006817   -3.947179253
   -2.591240656    1.478791561   -0.240710309
   -2.545377989    1.535435063    2.207841737
   -2.499515323    1.670694353    3.283102591
   -2.453652656    1.830153912    3.384045575
   -2.407789990    1.987263305    3.333457792
   -2.361927324    2.150610858    3.629110991
   -2.316064657    2.336098956    4.292237895
   -2.270201991    2.552671779    4.848324249
   -2.224339324    2.792595070    5.416600220
   -2.178476658    3.063576500    6.220972820
   -2.132613991    3.377177249    7.208010151
   -2.086751325    3.725199127    7.476438096
   -2.040888658    4.049967781    6.189603842
   -1.995025992    4.279944335    3.450657029
   -1.949163325    4.374509463    0.596709031
   -1.903300659    4.363690166   -1.118114226
   -1.857437992    4.301889501   -1.612453217
   -1.811575326    4.218554444   -2.478023184
   -1.765712659    4.062084948   -4.850797108
   -1.719849993    3.758594055   -8.836624591
   -1.673987326    3.258044232  -13.095143846
   -1.628124660    2.586310385  -16.116592075
   -1.582261993    1.826765150  -16.787411317
   -1.536399327    1.094300029  -15.011604432
   -1.490536660    0.494325872  -11.011669756
   -1.444673994    0.114410902   -5.618514803
   -1.398811328    0.000000000    0.444159407
   -1.352948661    0.164131733    6.432344186
   -1.307085995    0.590275165   11.710084459
   -1.261223328    1.235445694   15.994158807
   -1.215360662    2.047937624   19.002627526
   -1.169497995    2.975239488   21.057395104
   -1.123635329    3.989949194   23.002831741
   -1.077772662    5.109498008   25.750761490
   -1.031909996    6.379749323   29.524614964
   -0.986047329    7.833510680   33.507879357
   -0.940184663    9.454829045   36.729602217
   -0.894321996   11.189251251   38.400864669
   -0.848459330   12.974142012   39.049536896
   -0.802596663   14.784752233   39.744672622
   -0.756733997   16.647861140   41.415405391
   -0.710871330   18.615386532   44.239069766
   -0.665008664   20.722336042   47.344142729
   -0.619145997   22.944366602   48.894903346
   -0.573283331   25.167548673   47.196037409
   -0.527420664   27.226053354   41.768414009
   -0.481557998   28.980224728   34.325754314
   -0.435695332   30.405536514   28.069374573
   -0.389832665   31.621046704   25.401709740
   -0.343969999   32.800535554   26.183760164
   -0.298107332   34.042324809   27.591056429
   -0.252244666   35.294407957   26.118859526
   -0.206381999   36.382586618   20.482896756
   -0.160519333   37.143724714   12.437263890
   -0.114656666   37.549493338    5.486232178
   -0.068794000   37.715517781    2.224890745
   -0.022931333   37.806959215    1.857596263
    0.022931333   37.882126589    0.861866257
    0.068794000   37.825892060   -4.418130998
    0.114656666   37.415659194  -14.033959652
    0.160519333   36.528613047  -24.614953518
    0.206381999   35.225251093  -31.472564853
    0.252244666   33.725843463  -33.253351294
    0.298107332   32.220207990  -32.374890208
    0.343969999   30.744134091  -32.543270228
    0.389832665   29.201194258  -35.271059792
    0.435695332   27.490756676  -39.474132587
    0.481557998   25.594351671  -43.171991536
    0.527420664   23.561220743  -45.441353325
    0.573283331   21.451894055  -46.453257160
    0.619145997   19.321362738  -46.321500290
    0.665008664   17.235549077  -44.321583411
    0.710871330   15.294425684  -40.041939008
    0.756733997   13.595335756  -34.104873306
    0.802596663   12.176852653  -28.121502708
    0.848459330   11.001889400  -23.435348617
    0.894321996   10.008273186  -20.158723599
    0.940184663    9.159580660  -16.799356909
    0.986047329    8.499465124  -11.793887484
    1.031909996    8.119357201   -4.621248016
    1.077772662    8.105931185    3.896834360
    1.123635329    8.485345176   12.356883076
    1.169497995    9.225482327   19.463828384
    1.215360662   10.256684886   25.123345339
    1.261223328   11.527954130   30.097034203
    1.307085995   13.036479424   35.608788478
    1.352948661   14.825760976   42.398194827
    1.398811328   16.958764117   50.534986065
    1.444673994   19.482392615   59.380585170
    1.490536660   22.408358601   67.671327582
    1.536399327   25.676171439   74.163322981
    1.582261993   29.173309959   77.569425395
    1.628124660   32.751248965   77.728305577
    1.673987326   36.283884271   75.810037701
    1.719849993   39.711186779   73.439278428
    1.765712659   43.036131897   71.305462934
    1.811575326   46.260351621   68.966678839
    1.857437992   49.353492671   65.415386118
    1.903300659   52.249236780   60.409428974
    1.949163325   54.892337891   54.633210914
    1.995025992   57.267192202   48.725805554
    2.040888658   59.367433560   42.515389048
    2.086751325   61.152615454   34.714477407
    2.132613991   62.518988982   24.308286247
    2.178476658   63.352178280   11.655543304
    2.224339324   63.590347350   -1.310293236
    2.270201991   63.267231692  -12.502148962
    2.316064657   62.486674421  -21.324446355
    2.361927324   61.341051624  -28.566871357
    2.407789990   59.873291375  -35.600179798
    2.453652656   58.070071469  -43.166733961
    2.499515323   55.909246596  -51.158848647
    2.545377989   53.387409484  -58.686941118
    2.591240656   50.552698369  -64.716034480
    2.637103322   47.491512018  -68.382099549
    2.682965989   44.315674276  -69.777575430
    2.728828655   41.113865265  -69.734436794
    2.774691322   37.928234509  -69.287803458
    2.820553988   34.763718055  -68.636981570
    2.866416655   31.641682181  -67.329999575
    2.912279321   28.612802351  -64.542214284
    2.958141988   25.743499260  -60.475831564
    3.004004654   23.068734268  -56.280376381
    3.049867321   20.566440144  -53.116980291
    3.095729987   18.181341913  -51.105359840
