#! FIELDS phi file.free der_phi
#! SET min_phi -pi
#! SET max_phi pi
#! SET nbins_phi  137
#! SET periodic_phi true
   -3.141592654   15.557582176  -49.678953054
   -3.095729987   13.356937597  -46.288727036
   -3.049867321   11.323175418  -42.363248611
   -3.004004654    9.491894853  -37.372004816
   -2.958141988    7.910917258  -31.530018913
   -2.912279321    6.603326567  -25.604659929
   -2.866416655    5.551270666  -20.601668247
   -2.820553988    4.701312594  -16.749518390
   -2.774691322    4.003191058  -14.000910353
   -2.728828655    3.417639892  -11.677650837
   -2.682965989    2.937060024   -9.395996986
   -2.637103322    2.566472993   -6.895048108
   -2.591240656    2.311987525   -4.340375079
   -2.545377989    2.173856836   -1.939506255
   -2.499515323    2.138905461    0.225960015
   -2.453652656    2.198091487    2.172949409
   -2.407789990    2.342844444    3.975011543
   -2.361927324    2.562950771    5.318266866
   -2.316064657    2.826029116    5.837881891
   -2.270201991    3.091770747    5.413110231
   -2.224339324    3.333751927    5.084072818
   -2.178476658    3.585560535    5.978952727
   -2.132613991    3.913855372    8.315913358
   -2.086751325    4.358702628   10.670935060
   -2.040888658    4.871793580   11.097249071
   -1.995025992    5.339622881    8.674314565
   -1.949163325    5.645589671    4.335503327
   -1.903300659    5.744340336   -0.164268710
   -1.857437992    5.654806618   -3.673363767
   -1.811575326    5.422417046   -6.669415170
   -1.765712659    5.050176340   -9.801997265
   -1.719849993    4.522731009  -13.469127296
   -1.673987326    3.823813009  -17.076794550
   -1.628124660    2.979722236  -19.665891405
   -1.582261993    2.061142492  -20.136612959
   -1.536399327    1.182222569  -17.916380242
   -1.490536660    0.472636850  -12.703869885
   -1.444673994    0.057462757   -5.353088096
   -1.398811328    0.000000000    2.615950532
   -1.352948661    0.285275697    9.307353327
   -1.307085995    0.823882506   13.492249972
   -1.261223328    1.498683940   15.449762927
   -1.215360662    2.234765133   16.459885473
   -1.169497995    3.032303302   18.372191897
   -1.123635329    3.964849993   22.498409398
   -1.077772662    5.141053926   28.879751656
   -1.031909996    6.637579543   36.144748024
   -0.986047329    8.445312007   42.010504622
   -0.940184663   10.454746638   44.799307311
   -0.894321996   12.507086123   43.942548406
   -0.848459330   14.462971440   40.906435801
   -0.802596663   16.273918471   38.041250080
   -0.756733997   17.995999407   37.261181532
   -0.710871330   19.743301537   39.084357113
   -0.665008664   21.614714640   42.436221114
   -0.619145997   23.635494119   45.214943627
   -0.573283331   25.735261171   45.693126174
   -0.527420664   27.792472671   43.398652016
   -0.481557998   29.702482791   39.505370296
   -0.435695332   31.432172934   35.912145723
   -0.389832665   33.024432221   33.551724466
   -0.343969999   34.526914495   31.731064212
   -0.298107332   35.924239267   28.756241660
   -0.252244666   37.133972034   23.459946063
   -0.206381999   38.061072309   16.725422050
   -0.160519333   38.688450528   10.879002468
   -0.114656666   39.111375656    7.904782035
   -0.068794000   39.464782332    7.612712300
   -0.022931333   39.808981142    6.861624145
    0.022931333   40.030505110    1.780514095
    0.068794000   39.881418148   -9.418110510
    0.114656666   39.121567425  -23.842171683
    0.160519333   37.734555841  -35.878188064
    0.206381999   35.952044888  -40.512651585
    0.252244666   34.136884523  -37.706270895
    0.298107332   32.539085550  -32.050640973
    0.343969999   31.158516583  -29.019857801
    0.389832665   29.805185056  -30.865747650
    0.435695332   28.279362098  -36.025193554
    0.481557998   26.503357196  -41.324981955
    0.527420664   24.523529707  -44.754821757
    0.573283331   22.434082821  -46.068507590
    0.619145997   20.325375234  -45.661032802
    0.665008664   18.274267933  -43.512604975
    0.710871330   16.359615640  -39.812035064
    0.756733997   14.639744466  -35.330426037
    0.802596663   13.121351295  -31.237894026
    0.848459330   11.765283330  -28.036812194
    0.894321996   10.547396953  -25.043780826
    0.940184663    9.495983113  -20.478058836
    0.986047329    8.716270178  -13.170481524
    1.031909996    8.330945871   -3.479233208
    1.077772662    8.414553211    6.843230972
    1.123635329    8.945862711   15.853091156
    1.169497995    9.832695250   22.221096712
    1.215360662   10.955511927   26.331071292
    1.261223328   12.243802172   29.756587145
    1.307085995   13.715104761   34.574132400
    1.352948661   15.466218757   42.060204005
    1.398811328   17.622139599   52.058353041
    1.444673994   20.263833646   62.972033258
    1.490536660   23.383246861   72.293337970
    1.536399327   26.851948664   78.022178026
    1.582261993   30.477057947   79.162443149
    1.628124660   34.065023415   76.659686514
    1.673987326   37.502406196   73.026591940
    1.719849993   40.794372206   70.678531319
    1.765712659   44.026263074   70.290045570
    1.811575326   47.263865222   70.681328895
    1.857437992   50.495013050   69.620306646
    1.903300659   53.612907930   65.582644471
    1.949163325   56.471089974   58.467529585
    1.995025992   58.950513114   49.263545718
    2.040888658   60.988099636   39.419396096
    2.086751325   62.576277070   29.687110389
    2.132613991   63.718315875   20.009338074
    2.178476658   64.404154458    9.652289016
    2.224339324   64.590203709   -1.881536368
    2.270201991   64.223332856  -14.310934943
    2.316064657   63.282943511  -26.692418655
    2.361927324   61.803295490  -37.464635661
    2.407789990   59.891127494  -45.463374064
    2.453652656   57.682819691  -50.348985497
    2.499515323   55.307803324  -52.957232391
    2.545377989   52.841861488  -54.440513965
    2.591240656   50.319725822  -55.562569431
    2.637103322   47.750433716  -56.436648524
    2.682965989   45.138551714  -57.541340136
    2.728828655   42.453208704  -59.881265631
    2.774691322   39.615382268  -64.206147023
    2.820553988   36.543020685  -69.755886724
    2.866416655   33.232090398  -74.150515604
    2.912279321   29.798958802  -74.823266466
    2.958141988   26.435915469  -71.204875062
    3.004004654   23.308338665  -64.953836128
    3.049867321   20.480149803  -58.562286516
    3.095729987   17.918169180  -53.447894801
