#! FIELDS phi file.free der_phi
#! SET min_phi -pi
#! SET max_phi pi
#! SET nbins_phi  137
#! SET periodic_phi true
   -3.141592654   13.381402288  -42.316765354
   -3.095729987   11.446292332  -42.050877457
   -3.049867321    9.536586686  -41.078509216
   -3.004004654    7.699361413  -38.832143295
   -2.958141988    5.987805329  -35.653254951
   -2.912279321    4.438308483  -31.818974380
   -2.866416655    3.081276733  -27.309226691
   -2.820553988    1.953663351  -21.767211370
   -2.774691322    1.097156109  -15.650689595
   -2.728828655    0.520474348   -9.706458043
   -2.682965989    0.191952434   -4.938916891
   -2.637103322    0.044650487   -1.872043256
   -2.591240656    0.000000000   -0.346052995
   -2.545377989    0.006166326    0.407478661
   -2.499515323    0.046839380    1.344617794
   -2.453652656    0.146529024    3.037156096
   -2.407789990    0.337363447    5.241804732
   -2.361927324    0.623348388    6.915496299
   -2.316064657    0.954939464    7.136200785
   -2.270201991    1.260334180    5.822136030
   -2.224339324    1.494338094    4.381711165
   -2.178476658    1.689643322    4.311918089
   -2.132613991    1.922397493    5.906819998
   -2.086751325    2.242520414    7.714010496
   -2.040888658    2.611897964    7.911624500
   -1.995025992    2.936916912    5.783394552
   -1.949163325    3.126876670    2.285488313
   -1.903300659    3.154478654   -1.177368984
   -1.857437992    3.038144839   -3.812000394
   -1.811575326    2.815655669   -6.017659481
   -1.765712659    2.501153923   -7.689051758
   -1.719849993    2.128767686   -8.515118619
   -1.673987326    1.748046529   -7.963223540
   -1.628124660    1.419541934   -6.395681042
   -1.582261993    1.170048230   -4.653179111
   -1.536399327    0.987760390   -3.583620164
   -1.490536660    0.842223020   -2.851782089
   -1.444673994    0.737294975   -1.728356055
   -1.398811328    0.710833884    0.707245346
   -1.352948661    0.829453892    4.536685676
   -1.307085995    1.146524420    9.170608008
   -1.261223328    1.680781985   13.988524827
   -1.215360662    2.430357919   18.499392084
   -1.169497995    3.381519885   22.758915050
   -1.123635329    4.524526480   26.901163157
   -1.077772662    5.851392345   30.686315585
   -1.031909996    7.331364964   33.471214157
   -0.986047329    8.901176084   34.423516520
   -0.940184663   10.466585597   33.408866474
   -0.894321996   11.944586083   30.702722164
   -0.848459330   13.284457843   27.568963048
   -0.802596663   14.500347940   25.580050342
   -0.756733997   15.677261039   26.060433234
   -0.710871330   16.947251351   29.648872197
   -0.665008664   18.442308664   35.704860575
   -0.619145997   20.235788926   42.248515561
   -0.573283331   22.293254461   46.848925512
   -0.527420664   24.483336747   47.856674515
   -0.481557998   26.636068328   45.314814246
   -0.435695332   28.616710323   40.774568155
   -0.389832665   30.374188109   35.786070523
   -0.343969999   31.910462856   31.109085259
   -0.298107332   33.235089606   26.560453783
   -0.252244666   34.344613245   21.688129779
   -0.206381999   35.231852510   16.978620424
   -0.160519333   35.924440401   13.411234774
   -0.114656666   36.490702910   11.313826873
   -0.068794000   36.976249703    9.635686151
   -0.022931333   37.345491991    5.849400720
    0.022931333   37.451836257   -1.974024830
    0.068794000   37.107845336  -13.580669334
    0.114656666   36.199483814  -25.745230274
    0.160519333   34.804796223  -34.231770040
    0.206381999   33.163215030  -36.263908713
    0.252244666   31.561267478  -32.992019572
    0.298107332   30.153985396  -28.609546815
    0.343969999   28.888773309  -27.343580222
    0.389832665   27.580455744  -30.375943440
    0.435695332   26.069841097  -35.581209131
    0.481557998   24.336182152  -39.672823994
    0.527420664   22.476321523  -40.997111880
    0.573283331   20.607038140  -40.300883252
    0.619145997   18.788150746  -39.013604005
    0.665008664   17.030528155  -37.577647608
    0.710871330   15.350982552  -35.514881260
    0.756733997   13.791878300  -32.378361328
    0.802596663   12.393467144  -28.740137248
    0.848459330   11.153314202  -25.455607197
    0.894321996   10.049065659  -22.780296000
    0.940184663    9.071184827  -19.705378283
    0.986047329    8.267448239  -15.058145760
    1.031909996    7.722164715   -8.544688561
    1.077772662    7.508731526   -0.785475794
    1.123635329    7.661452768    7.395574968
    1.169497995    8.188749413   15.526085079
    1.215360662    9.093382695   23.943718524
    1.261223328   10.399120899   33.017102306
    1.307085995   12.139296941   42.790158469
    1.352948661   14.330747065   52.514092878
    1.398811328   16.943408501   60.943382418
    1.444673994   19.887796069   66.924008396
    1.490536660   23.039848241   69.761159102
    1.536399327   26.257584209   70.043592640
    1.582261993   29.445215331   68.736302598
    1.628124660   32.562855718   67.099223542
    1.673987326   35.617360885   66.008691170
    1.719849993   38.628650670   65.125330215
    1.765712659   41.578188780   62.962987214
    1.811575326   44.371173363   58.193328930
    1.857437992   46.873195049   50.313667306
    1.903300659   48.958185157   40.232361274
    1.949163325   50.560896913   29.642829192
    1.995025992   51.696676988   20.033870959
    2.040888658   52.434700264   12.425299696
    2.086751325   52.874682981    7.020792404
    2.132613991   53.112052523    3.593519121
    2.178476658   53.226896844    1.542842366
    2.224339324   53.268963886    0.243451726
    2.270201991   53.256565180   -0.848027288
    2.316064657   53.183373375   -2.501698532
    2.361927324   53.008051385   -5.380111476
    2.407789990   52.662204678  -10.009532588
    2.453652656   52.060583012  -16.466592862
    2.499515323   51.131203721  -24.161631436
    2.545377989   49.840919484  -32.012021973
    2.591240656   48.205321591  -39.144834142
    2.637103322   46.257430252  -45.772182579
    2.682965989   43.991875334  -53.285034535
    2.728828655   41.332901368  -63.053033979
    2.774691322   38.179086241  -74.533280825
    2.820553988   34.517916763  -84.444641386
    2.866416655   30.523885101  -88.361197780
    2.912279321   26.542535086  -83.817213237
    2.958141988   22.939470430  -72.487670299
    3.004004654   19.920857699  -59.255087807
    3.049867321   17.454790578  -49.010309794
    3.095729987   15.345570701  -43.750688837
