#! FIELDS phi file.free der_phi
#! SET min_phi -pi
#! SET max_phi pi
#! SET nbins_phi  137
#! SET periodic_phi true
   -3.141592654   15.470470227  -50.141194112
   -3.095729987   13.227865741  -47.602462583
   -3.049867321   11.123379344  -44.156477489
   -3.004004654    9.197121331  -39.822209129
   -2.958141988    7.482991149  -35.012907394
   -2.912279321    5.990787585  -30.192488550
   -2.866416655    4.711182759  -25.855113432
   -2.820553988    3.623466937  -21.729238069
   -2.774691322    2.725373823  -17.585281122
   -2.728828655    2.025942708  -13.010147508
   -2.682965989    1.544158797   -8.158100665
   -2.637103322    1.284302669   -3.473371874
   -2.591240656    1.220541487    0.314383711
   -2.545377989    1.300899921    2.658627731
   -2.499515323    1.452177268    3.511399243
   -2.453652656    1.616318338    3.353623880
   -2.407789990    1.766446188    3.066567106
   -2.361927324    1.913823852    3.221485681
   -2.316064657    2.080847678    3.929077978
   -2.270201991    2.286312964    4.753128077
   -2.224339324    2.531112597    5.730976697
   -2.178476658    2.825114039    6.876453864
   -2.132613991    3.172089021    7.953666072
   -2.086751325    3.551067391    8.035974428
   -2.040888658    3.894625357    6.448412884
   -1.995025992    4.131062610    3.503672031
   -1.949163325    4.227442489    0.650505285
   -1.903300659    4.222600744   -0.898566900
   -1.857437992    4.175228442   -1.216931535
   -1.811575326    4.111808360   -2.036684169
   -1.765712659    3.973234099   -4.544702683
   -1.719849993    3.678178383   -8.795655050
   -1.673987326    3.173260796  -13.317764823
   -1.628124660    2.487966889  -16.453404869
   -1.582261993    1.715230925  -16.982795487
   -1.536399327    0.981945865  -14.820970287
   -1.490536660    0.401963059  -10.335546876
   -1.444673994    0.062551995   -4.569919162
   -1.398811328    0.000000000    1.604537815
   -1.352948661    0.214659726    7.437073323
   -1.307085995    0.680861187   12.446414614
   -1.261223328    1.355078788   16.547774363
   -1.215360662    2.192658819   19.575100630
   -1.169497995    3.149997917   21.805739121
   -1.123635329    4.203278873   23.917302188
   -1.077772662    5.365203530   26.640362425
   -1.031909996    6.670599530   30.120805463
   -0.986047329    8.140824857   33.600174770
   -0.940184663    9.753402206   36.257673898
   -0.894321996   11.454405489   37.430997737
   -0.848459330   13.185553389   37.689886314
   -0.802596663   14.926119892   38.050818081
   -0.756733997   16.703754357   39.371525793
   -0.710871330   18.569228549   41.835262934
   -0.665008664   20.559489272   44.689049006
   -0.619145997   22.659488504   46.291581778
   -0.573283331   24.773169562   45.104683542
   -0.527420664   26.756562548   40.652246936
   -0.481557998   28.488143152   34.483664291
   -0.435695332   29.950971122   29.529948066
   -0.389832665   31.259191363   27.919343530
   -0.343969999   32.570135868   29.312728578
   -0.298107332   33.958879249   30.770629545
   -0.252244666   35.347292507   28.797054039
   -0.206381999   36.538543667   22.245423096
   -0.160519333   37.356151356   13.136134210
   -0.114656666   37.771872883    5.264862844
   -0.068794000   37.913119728    1.426631935
   -0.022931333   37.962325685    0.868285341
    0.022931333   37.994150271    0.000721758
    0.068794000   37.905653424   -4.945240969
    0.114656666   37.480863143  -14.139924669
    0.160519333   36.597767355  -24.362399598
    0.206381999   35.310494285  -31.075752102
    0.252244666   33.826897848  -33.023041937
    0.298107332   32.322380319  -32.596276302
    0.343969999   30.822312927  -33.380307342
    0.389832665   29.226619925  -36.719633712
    0.435695332   27.438484448  -41.382270938
    0.481557998   25.449194949  -45.264356452
    0.527420664   23.322698392  -47.355913761
    0.573283331   21.137027107  -47.807862567
    0.619145997   18.963044857  -46.832425735
    0.665008664   16.875223362  -43.909308792
    0.710871330   14.971507058  -38.874032787
    0.756733997   13.336859902  -32.532303346
    0.802596663   11.991803731  -26.559820787
    0.848459330   10.881159183  -22.242887268
    0.894321996    9.929593895  -19.537805114
    0.940184663    9.096187028  -16.737939116
    0.986047329    8.429734869  -12.083850901
    1.031909996    8.034091950   -4.961658232
    1.077772662    8.009199215    3.765500355
    1.123635329    8.389931201   12.544705201
    1.169497995    9.145546807   19.931244642
    1.215360662   10.202364226   25.743011241
    1.261223328   11.502760193   30.712331190
    1.307085995   13.036646243   36.078436227
    1.352948661   14.842098033   42.621315767
    1.398811328   16.979444371   50.502148251
    1.444673994   19.496625557   59.143168724
    1.490536660   22.407957371   67.273213026
    1.536399327   25.653199065   73.555947625
    1.582261993   29.115225854   76.609513215
    1.628124660   32.638055361   76.265500475
    1.673987326   36.091156850   73.812823755
    1.719849993   39.417644995   71.086029768
    1.765712659   42.634008628   69.003426498
    1.811575326   45.764541718   67.275438571
    1.857437992   48.804989911   64.886961613
    1.903300659   51.710034196   61.371704616
    1.949163325   54.431766473   57.056966073
    1.995025992   56.945041502   52.260219457
    2.040888658   59.223073545   46.638215396
    2.086751325   61.201031217   38.907433351
    2.132613991   62.752149114   28.092721250
    2.178476658   63.739949282   14.530741184
    2.224339324   64.079582471    0.151330461
    2.270201991   63.784208331  -12.787966408
    2.316064657   62.950260332  -23.318380353
    2.361927324   61.682855372  -31.771083895
    2.407789990   60.055131819  -39.259882279
    2.453652656   58.087029598  -46.614779243
    2.499515323   55.779048350  -54.113354501
    2.545377989   53.133036053  -61.167029493
    2.591240656   50.194909214  -66.730284377
    2.637103322   47.055869092  -69.701661327
    2.682965989   43.842937381  -70.021335532
    2.728828655   40.658752059  -68.729009984
    2.774691322   37.542478208  -67.367934856
    2.820553988   34.472587410  -66.577982930
    2.866416655   31.431915351  -65.957290302
    2.912279321   28.440587392  -64.306675837
    2.958141988   25.556768046  -61.292647763
    3.004004654   22.829213512  -57.679466544
    3.049867321   20.260099662  -54.554619381
    3.095729987   17.816114372  -52.186952775
