#! FIELDS phi file.free der_phi
#! SET min_phi -pi
#! SET max_phi pi
#! SET nbins_phi  137
#! SET periodic_phi true
   -3.141592654   15.970180172  -48.165341459
   -3.095729987   13.772213241  -47.467904773
   -3.049867321   11.645384157  -45.007432583
   -3.004004654    9.674189283  -40.698236973
   -2.958141988    7.926371855  -35.406781118
   -2.912279321    6.429085334  -29.930860776
   -2.866416655    5.180960542  -24.627215619
   -2.820553988    4.176005664  -19.245171605
   -2.774691322    3.417277187  -14.012746434
   -2.728828655    2.889199856   -9.246083383
   -2.682965989    2.554783909   -5.652067300
   -2.637103322    2.351060279   -3.603733365
   -2.591240656    2.208528345   -2.850282302
   -2.545377989    2.090693340   -2.407886226
   -2.499515323    2.009188819   -1.038757656
   -2.453652656    2.025689118    1.895193285
   -2.407789990    2.203271663    5.810844543
   -2.361927324    2.551465362    8.932970901
   -2.316064657    2.990749227    9.591014355
   -2.270201991    3.394151816    7.430699102
   -2.224339324    3.664769732    4.282459616
   -2.178476658    3.816342761    2.594598601
   -2.132613991    3.952197148    3.605732431
   -2.086751325    4.181115770    6.270404474
   -2.040888658    4.525958207    8.388901131
   -1.995025992    4.922463809    8.370928121
   -1.949163325    5.267441537    6.272698055
   -1.903300659    5.487536720    2.990437765
   -1.857437992    5.541934730   -0.754470113
   -1.811575326    5.412546017   -5.203374163
   -1.765712659    5.066183802  -10.036138520
   -1.719849993    4.501642857  -14.607002364
   -1.673987326    3.754014710  -17.819583926
   -1.628124660    2.901881408  -19.164033381
   -1.582261993    2.032707821  -18.566803834
   -1.536399327    1.230534555  -16.306073776
   -1.490536660    0.571990337  -12.209072742
   -1.444673994    0.141627809   -6.490117291
   -1.398811328    0.000000000    0.267714160
   -1.352948661    0.168732461    6.811327053
   -1.307085995    0.610850150   11.988794876
   -1.261223328    1.252091275   15.598060382
   -1.215360662    2.032596583   18.226962711
   -1.169497995    2.935310028   21.069044765
   -1.123635329    3.991341577   25.019588674
   -1.077772662    5.255160163   30.020440360
   -1.031909996    6.753604119   35.045241766
   -0.986047329    8.455777629   38.613942862
   -0.940184663   10.271731970   40.040959829
   -0.894321996   12.104609606   39.480948179
   -0.848459330   13.894158519   38.372001132
   -0.802596663   15.651578426   38.345845133
   -0.756733997   17.450001694   40.207864375
   -0.710871330   19.372649545   43.583174205
   -0.665008664   21.456968025   47.020656519
   -0.619145997   23.664940719   48.699842205
   -0.573283331   25.887675896   47.590719452
   -0.527420664   27.999579659   44.018190754
   -0.481557998   29.919375336   39.472297475
   -0.435695332   31.640281393   35.647266966
   -0.389832665   33.214436419   33.046505350
   -0.343969999   34.683646912   30.789206033
   -0.298107332   36.029539242   27.555817748
   -0.252244666   37.190260197   22.728097180
   -0.206381999   38.113531500   17.466710666
   -0.160519333   38.820853056   13.672731412
   -0.114656666   39.410459065   12.242143541
   -0.068794000   39.971774963   12.122163235
   -0.022931333   40.500229514   10.318997485
    0.022931333   40.852183979    4.141209740
    0.068794000   40.807106029   -6.932034161
    0.114656666   40.187149395  -20.093275031
    0.160519333   39.001870335  -30.922416988
    0.206381999   37.448217946  -35.710125813
    0.252244666   35.821866212  -34.387298169
    0.298107332   34.336813686  -30.311387219
    0.343969999   33.018863902  -27.727700127
    0.389832665   31.741006439  -28.647195895
    0.435695332   30.353144050  -32.140377942
    0.481557998   28.791226616  -35.933340020
    0.527420664   27.076531554  -38.670844107
    0.573283331   25.256974811  -40.569229186
    0.619145997   23.363452089  -41.914477429
    0.665008664   21.430853365  -42.081906376
    0.710871330   19.533845480  -40.292840941
    0.756733997   17.766677789  -36.632017965
    0.802596663   16.185996338  -32.508828291
    0.848459330   14.774048074  -29.268366757
    0.894321996   13.487329341  -26.930248754
    0.940184663   12.317908449  -23.789267362
    0.986047329   11.347373467  -18.065246810
    1.031909996   10.709618564   -9.436411642
    1.077772662   10.513147400    0.819549245
    1.123635329   10.786061986   10.841578059
    1.169497995   11.486214190   19.346097738
    1.215360662   12.544543263   26.612485390
    1.261223328   13.930186021   33.780808244
    1.307085995   15.664830572   41.871491570
    1.352948661   17.789674536   50.652038003
    1.398811328   20.306302789   58.652601026
    1.444673994   23.137606081   64.224677790
    1.490536660   26.152621186   66.458406097
    1.536399327   29.207215463   66.301861095
    1.582261993   32.229985304   65.489183071
    1.628124660   35.238701584   65.854831641
    1.673987326   38.310851236   68.202188648
    1.719849993   41.516686653   71.428149860
    1.765712659   44.843809995   72.972859053
    1.811575326   48.158734994   70.703257087
    1.857437992   51.264740048   63.904547236
    1.903300659   53.974869744   53.718837725
    1.949163325   56.176614492   42.148212092
    1.995025992   57.849482272   30.821469556
    2.040888658   59.030431843   20.836983570
    2.086751325   59.790841572   12.477943148
    2.132613991   60.201705006    5.611177417
    2.178476658   60.321095262   -0.367436545
    2.224339324   60.175651064   -6.103832562
    2.270201991   59.764833416  -11.879939770
    2.316064657   59.086089548  -17.710554797
    2.361927324   58.145634161  -23.187367357
    2.407789990   56.967903193  -28.063254742
    2.453652656   55.577364312  -32.512114591
    2.499515323   53.985475497  -36.898611649
    2.545377989   52.190017578  -41.367594306
    2.591240656   50.191814116  -45.710633100
    2.637103322   47.996737979  -50.018301819
    2.682965989   45.589934062  -55.139728975
    2.728828655   42.908727695  -62.090423177
    2.774691322   39.869176579  -70.517921043
    2.820553988   36.454787538  -77.845128337
    2.866416655   32.798378532  -80.517835294
    2.912279321   29.169096485  -76.640072277
    2.958141988   25.844371826  -67.819058178
    3.004004654   22.960963828  -58.135728354
    3.049867321   20.464589433  -51.387921476
    3.095729987   18.184642050  -48.591697279
