#! FIELDS phi file.free der_phi
#! SET min_phi -pi
#! SET max_phi pi
#! SET nbins_phi  137
#! SET periodic_phi true
   -3.141592654   15.009809396  -46.271816315
   -3.095729987   12.942471158  -43.929268440
   -3.049867321   10.990609563  -41.207067469
   -3.004004654    9.180163185  -37.664907636
   -2.958141988    7.550036986  -33.397727667
   -2.912279321    6.124082726  -28.847191156
   -2.866416655    4.901210810  -24.720023798
   -2.820553988    3.856213230  -21.042638985
   -2.774691322    2.971988248  -17.720440209
   -2.728828655    2.241119078  -14.230081328
   -2.682965989    1.676643855  -10.502010627
   -2.637103322    1.287104833   -6.691800781
   -2.591240656    1.063972943   -3.277577635
   -2.545377989    0.984626374   -0.527919355
   -2.499515323    1.016903256    1.715623820
   -2.453652656    1.147358046    3.827430639
   -2.407789990    1.377668856    6.084201026
   -2.361927324    1.709623678    8.075542131
   -2.316064657    2.111121828    9.019900182
   -2.270201991    2.519901271    8.312446758
   -2.224339324    2.870303857    6.738710307
   -2.178476658    3.154671966    5.643433610
   -2.132613991    3.418721392    5.877795832
   -2.086751325    3.714916306    6.774860354
   -2.040888658    4.038400651    6.928582411
   -1.995025992    4.332786833    5.431992699
   -1.949163325    4.526692216    2.732124417
   -1.903300659    4.590057492   -0.196375706
   -1.857437992    4.522986842   -2.817644101
   -1.811575326    4.334707614   -5.726729697
   -1.765712659    3.999669476   -9.147726585
   -1.719849993    3.500241121  -12.824730106
   -1.673987326    2.844423764  -15.719895747
   -1.628124660    2.092779786  -16.920282296
   -1.582261993    1.336554945  -15.849942767
   -1.536399327    0.680198660  -12.669977918
   -1.490536660    0.211854497   -7.658255194
   -1.444673994    0.000000000   -1.715489529
   -1.398811328    0.064131705    4.224872662
   -1.352948661    0.381383652    9.202761771
   -1.307085995    0.893961048   12.635845589
   -1.261223328    1.530872815   14.749634113
   -1.215360662    2.244873165   16.145393350
   -1.169497995    3.028277489   17.925118047
   -1.123635329    3.921800798   21.091938384
   -1.077772662    5.000092580   25.954329782
   -1.031909996    6.326355332   31.669368905
   -0.986047329    7.902300380   36.480519636
   -0.940184663    9.650554004   39.091647146
   -0.894321996   11.457296873   39.106101208
   -0.848459330   13.229517521   37.846054146
   -0.802596663   14.949266031   37.123751154
   -0.756733997   16.674299772   38.185987124
   -0.710871330   18.493242086   41.131479734
   -0.665008664   20.471531717   44.963390193
   -0.619145997   22.613620494   47.959479973
   -0.573283331   24.845211285   48.695881336
   -0.527420664   27.047429886   46.694522971
   -0.481557998   29.114189515   43.031979751
   -0.435695332   31.011863322   39.730713907
   -0.389832665   32.793295161   38.067411840
   -0.343969999   34.529465838   37.451459023
   -0.298107332   36.218989233   35.674237294
   -0.252244666   37.755806240   30.509189029
   -0.206381999   38.972853842   21.945155281
   -0.160519333   39.759160133   12.325494987
   -0.114656666   40.144478549    4.827416479
   -0.068794000   40.270501175    1.086393918
   -0.022931333   40.283978261   -0.562119034
    0.022931333   40.200009843   -3.730535838
    0.068794000   39.878556269  -11.298335130
    0.114656666   39.118297169  -22.135338498
    0.160519333   37.865100823  -32.092581855
    0.206381999   36.267512431  -36.535250734
    0.252244666   34.612781890  -34.837629304
    0.298107332   33.113930629  -30.584364113
    0.343969999   31.775223553  -28.574853273
    0.389832665   30.427296659  -31.037576629
    0.435695332   28.880308103  -36.825087129
    0.481557998   27.046719759  -43.109796572
    0.527420664   24.956937950  -47.794975356
    0.573283331   22.703543823  -50.126061723
    0.619145997   20.400130937  -49.952890414
    0.665008664   18.165290203  -47.086738295
    0.710871330   16.117944775  -41.958819264
    0.756733997   14.338732796  -35.768139391
    0.802596663   12.836760205  -30.151316443
    0.848459330   11.556052216  -25.964019534
    0.894321996   10.441989366  -22.753531785
    0.940184663    9.484891004  -18.797306659
    0.986047329    8.755754117  -12.727485199
    1.031909996    8.358626588   -4.415138176
    1.077772662    8.375669488    4.998721020
    1.123635329    8.818765524   14.004285031
    1.169497995    9.640464628   21.359671112
    1.215360662   10.760522284   27.114826821
    1.261223328   12.124671862   32.206603442
    1.307085995   13.734443590   37.972833912
    1.352948661   15.638912136   45.077107807
    1.398811328   17.896511695   53.244107342
    1.444673994   20.531454204   61.407175412
    1.490536660   23.517518178   68.159291697
    1.536399327   26.761126363   72.622537786
    1.582261993   30.144193102   74.290241856
    1.628124660   33.549953413   73.734382581
    1.673987326   36.908149932   72.456228316
    1.719849993   40.217965225   71.836940950
    1.765712659   43.519453155   71.924572632
    1.811575326   46.817198236   71.460699748
    1.857437992   50.046615784   68.664070354
    1.903300659   53.077727975   62.789718828
    1.949163325   55.779494451   54.628624296
    1.995025992   58.084781754   45.759745759
    2.040888658   59.996082431   37.582631306
    2.086751325   61.551701512   30.097915529
    2.132613991   62.758412604   22.281207842
    2.178476658   63.574974909   12.925551758
    2.224339324   63.922823989    1.848214439
    2.270201991   63.738636989  -10.018833733
    2.316064657   63.014231767  -21.551824417
    2.361927324   61.784484967  -31.881958888
    2.407789990   60.112186500  -40.916873388
    2.453652656   58.049775393  -48.853317830
    2.499515323   55.645548636  -55.860906491
    2.545377989   52.947707682  -61.474378069
    2.591240656   50.040146744  -64.990930192
    2.637103322   47.027778035  -66.011112666
    2.682965989   44.007806117  -65.560991790
    2.728828655   41.005610537  -65.631128750
    2.774691322   37.959312812  -67.596456539
    2.820553988   34.785739472  -70.777755357
    2.866416655   31.482417429  -72.828711212
    2.912279321   28.161004982  -71.370621886
    2.958141988   24.994221528  -66.238477559
    3.004004654   22.110950902  -59.424782367
    3.049867321   19.531838212  -53.349149107
    3.095729987   17.191226238  -49.057982645
