#! FIELDS phi psi file.free der_phi der_psi
#! SET min_phi -pi
#! SET max_phi pi
#! SET nbins_phi  33
#! SET periodic_phi true
#! SET min_psi -pi
#! SET max_psi pi
#! SET nbins_psi  18
#! SET periodic_psi true
   -3.141592654   -3.141592654   18.135704046  -54.799994428   16.744444674
   -2.951193099   -3.141592654    9.467175693  -35.535404731   19.313091247
   -2.760793544   -3.141592654    4.766007355  -14.137597970   20.904018785
   -2.570393989   -3.141592654    3.854102126    3.449529700   21.688421623
   -2.379994435   -3.141592654    5.594449040   13.370973844   22.120529724
   -2.189594880   -3.141592654    8.439459533   15.329579683   22.790779862
   -1.999195325   -3.141592654   11.118688636   12.341736556   24.187831401
   -1.808795770   -3.141592654   13.128789309    9.105591416   26.466187054
   -1.618396215   -3.141592654   14.841798707    9.747630216   29.314909211
   -1.427996661   -3.141592654   17.214095133   16.090418224   32.030605227
   -1.237597106   -3.141592654   21.273723171   27.043261593   33.764224588
   -1.047197551   -3.141592654   27.607743880   39.276538176   33.838181524
   -0.856797996   -3.141592654   36.063837269   48.634452201   31.968266804
   -0.666398442   -3.141592654   45.744236111   51.623585805   28.284315690
   -0.475998887   -3.141592654   55.222627833   46.352705363   23.195434672
   -0.285599332   -3.141592654   62.893129265   32.822156561   17.199602251
   -0.095199777   -3.141592654   67.327666565   12.826716726   10.745945099
    0.095199777   -3.141592654   67.606141167  -10.116563322    4.216603285
    0.285599332   -3.141592654   63.621855181  -31.012136705   -2.015076655
    0.475998887   -3.141592654   56.304055674  -44.245656987   -7.514144615
    0.666398442   -3.141592654   47.579790261  -45.191869077  -11.793251374
    0.856797996   -3.141592654   39.988921160  -32.504936284  -14.423267888
    1.047197551   -3.141592654   35.896604757   -9.339047811  -15.212802925
    1.237597106   -3.141592654   36.653183021   17.008699631  -14.334504068
    1.427996661   -3.141592654   42.026944829   37.786719887  -12.275397643
    1.618396215   -3.141592654   50.258260910   46.223911315   -9.627730903
    1.808795770   -3.141592654   58.685668871   39.868674002   -6.833832066
    1.999195325   -3.141592654   64.638667656   20.924361270   -4.048957026
    2.189594880   -3.141592654   66.193515088   -5.275706238   -1.166390135
    2.379994435   -3.141592654   62.579450198  -32.286321834    2.015161447
    2.570393989   -3.141592654   54.232632543  -54.095314325    5.601478531
    2.760793544   -3.141592654   42.603495238  -66.182369626    9.486720395
    2.951193099   -3.141592654   29.809872819  -66.227954542   13.345669302

   -3.141592654   -2.792526803   25.743196154  -49.909910071   25.060108457
   -2.951193099   -2.792526803   17.789403221  -32.965404432   27.445777569
   -2.760793544   -2.792526803   13.363903519  -13.725767884   28.505705264
   -2.570393989   -2.792526803   12.387396462    2.547843232   28.565429579
   -2.379994435   -2.792526803   13.931389154   12.437665129   28.251116700
   -2.189594880   -2.792526803   16.699245174   15.633722307   28.264106756
   -1.999195325   -2.792526803   19.621120653   14.654379665   29.093592089
   -1.808795770   -2.792526803   22.264220330   13.350941033   30.798900104
   -1.618396215   -2.792526803   24.897102361   14.936820071   32.932951074
   -1.427996661   -2.792526803   28.219278256   20.580646502   34.679994865
   -1.237597106   -2.792526803   32.923485808   29.059720900   35.139937212
   -1.047197551   -2.792526803   39.293081342   37.490059804   33.661315541
   -0.856797996   -2.792526803   47.000643663   42.567941424   30.062338739
   -0.666398442   -2.792526803   55.146690687   41.728218238   24.643684673
   -0.475998887   -2.792526803   62.462519581   33.776811859   18.032639590
   -0.285599332   -2.792526803   67.598147142   19.030002718   10.950634761
   -0.095199777   -2.792526803   69.406555904   -0.733306690    4.018551893
    0.095199777   -2.792526803   67.224613019  -22.212037489   -2.294779484
    0.285599332   -2.792526803   61.155734598  -40.666055602   -7.634554236
    0.475998887   -2.792526803   52.290188335  -50.749272199  -11.688551949
    0.666398442   -2.792526803   42.660303877  -48.167757712  -14.180532686
    0.856797996   -2.792526803   34.834220451  -32.044963651  -14.957468616
    1.047197551   -2.792526803   31.107102458   -6.096349140  -14.103279278
    1.237597106   -2.792526803   32.661722787   21.968537881  -11.986817306
    1.427996661   -2.792526803   39.052339616   43.355662254   -9.140597280
    1.618396215   -2.792526803   48.337730815   51.663275471   -6.044473279
    1.808795770   -2.792526803   57.771679228   45.030154382   -2.930015268
    1.999195325   -2.792526803   64.706289120   26.160011414    0.255091585
    2.189594880   -2.792526803   67.307011441    0.551864362    3.740017929
    2.379994435   -2.792526803   64.887194551  -25.559327830    7.729129741
    2.570393989   -2.792526803   57.899635140  -46.619045920   12.225437998
    2.760793544   -2.792526803   47.717779518  -58.611352343   16.958600982
    2.951193099   -2.792526803   36.300138519  -59.531308372   21.425968433

   -3.141592654   -2.443460953   34.172552266  -44.642757358   22.803071188
   -2.951193099   -2.443460953   27.013158394  -29.927055942   24.762595459
   -2.760793544   -2.443460953   22.960056226  -12.772776438   25.556579245
   -2.570393989   -2.443460953   22.022015547    2.164804911   25.463185246
   -2.379994435   -2.443460953   23.452133832   11.813998373   24.985658202
   -2.189594880   -2.443460953   26.160649954   15.764708988   24.656392284
   -1.999195325   -2.443460953   29.220864488   15.992920031   24.803335565
   -1.808795770   -2.443460953   32.212063050   15.542252729   25.398858240
   -1.618396215   -2.443460953   35.259664048   16.875386692   26.029943867
   -1.427996661   -2.443460953   38.808551096   20.776422353   26.041445404
   -1.237597106   -2.443460953   43.274932713   26.203437714   24.774198088
   -1.047197551   -2.443460953   48.752438266   30.964996260   21.830427686
   -0.856797996   -2.443460953   54.885795175   32.696661174   17.236770248
   -0.666398442   -2.443460953   60.917991012   29.641396267   11.430937973
   -0.475998887   -2.443460953   65.840638492   21.005173562    5.104044017
   -0.285599332   -2.443460953   68.595888422    7.019943981   -1.024312730
   -0.095199777   -2.443460953   68.277524707  -10.919336638   -6.410663131
    0.095199777   -2.443460953   64.378752063  -29.989029210  -10.739402462
    0.285599332   -2.443460953   57.078089840  -45.803177778  -13.884074867
    0.475998887   -2.443460953   47.488020529  -53.219751228  -15.807958732
    0.666398442   -2.443460953   37.632886602  -48.089367147  -16.497634401
    0.856797996   -2.443460953   30.039964226  -29.731246020  -15.985746770
    1.047197551   -2.443460953   26.920640852   -2.128011334  -14.403466636
    1.237597106   -2.443460953   29.328017000   26.842680788  -12.020207744
    1.427996661   -2.443460953   36.676804832   48.459341100   -9.174568287
    1.618396215   -2.443460953   46.924682492   56.654442525   -6.150521489
    1.808795770   -2.443460953   57.302886565   50.000357653   -3.062974106
    1.999195325   -2.443460953   65.212733114   31.508099245    0.142490321
    2.189594880   -2.443460953   68.903172811    6.701567209    3.612418321
    2.379994435   -2.443460953   67.748315939  -18.435213623    7.452135136
    2.570393989   -2.443460953   62.194608511  -38.767514262   11.609886196
    2.760793544   -2.443460953   53.527000324  -50.709221403   15.837877781
    2.951193099   -2.443460953   43.546463480  -52.509343275   19.719963733

   -3.141592654   -2.094395102   40.376650506  -40.773511828   13.375962922
   -2.951193099   -2.094395102   33.803765928  -27.656328779   14.651597173
   -2.760793544   -2.094395102   30.037304227  -11.976828689   15.268597578
   -2.570393989   -2.094395102   29.147363500    1.978571554   15.351340186
   -2.379994435   -2.094395102   30.500922141   11.302852687   15.104816199
   -2.189594880   -2.094395102   33.123876259   15.428919709   14.714983333
   -1.999195325   -2.094395102   36.145948832   15.898852142   14.241817295
   -1.808795770   -2.094395102   39.108051375   15.212333945   13.575033096
   -1.618396215   -2.094395102   42.001656103   15.427456251   12.456599952
   -1.427996661   -2.094395102   45.090930093   17.256815092   10.593226442
   -1.237597106   -2.094395102   48.636962811   20.013716397    7.787950038
   -1.047197551   -2.094395102   52.680288714   22.181509020    4.058626349
   -0.856797996   -2.094395102   56.954536104   22.150902374   -0.324947882
   -0.666398442   -2.094395102   60.915909742   18.685819609   -4.908476122
   -0.475998887   -2.094395102   63.827760853   11.073635606   -9.184193712
   -0.285599332   -2.094395102   64.876711898   -0.840633665  -12.733932680
   -0.095199777   -2.094395102   63.298051086  -16.272468865  -15.357755035
    0.095199777   -2.094395102   58.609886871  -32.981383006  -17.071310477
    0.285599332   -2.094395102   50.928984822  -46.881371539  -18.036515579
    0.475998887   -2.094395102   41.279175996  -52.817701825  -18.428267756
    0.666398442   -2.094395102   31.619667241  -46.457309412  -18.321364493
    0.856797996   -2.094395102   24.445421085  -26.967514650  -17.679109745
    1.047197551   -2.094395102   21.950432757    1.646232435  -16.414912101
    1.237597106   -2.094395102   25.153896671   31.385718707  -14.502454957
    1.427996661   -2.094395102   33.416039017   53.452833566  -12.026052490
    1.618396215   -2.094395102   44.635963164   61.836834859   -9.159714342
    1.808795770   -2.094395102   56.011015260   55.276679726   -6.086932412
    1.999195325   -2.094395102   64.940010572   36.948018093   -2.952010533
    2.189594880   -2.094395102   69.692642755   12.429065173    0.169152878
    2.379994435   -2.094395102   69.661274608  -12.381381947    3.240488166
    2.570393989   -2.094395102   65.281247653  -32.545582344    6.215663119
    2.760793544   -2.094395102   57.784859704  -44.719870034    9.003815745
    2.951193099   -2.094395102   48.879159359  -47.313095608   11.449429948

   -3.141592654   -1.745329252   43.088914592  -38.290004033    4.953126554
   -2.951193099   -1.745329252   36.914254415  -25.994045881    5.606567954
   -2.760793544   -1.745329252   33.374721123  -11.266653870    5.962919673
   -2.570393989   -1.745329252   32.529600233    1.750910475    6.000487417
   -2.379994435   -1.745329252   33.758662936   10.237965359    5.684883228
   -2.189594880   -1.745329252   36.103987469   13.570112853    4.949699403
   -1.999195325   -1.745329252   38.687316938   13.115344427    3.688953406
   -1.808795770   -1.745329252   41.008370906   11.209561376    1.790183581
   -1.618396215   -1.745329252   42.999555491    9.920158915   -0.810098537
   -1.427996661   -1.745329252   44.890889844   10.205843956   -4.054288866
   -1.237597106   -1.745329252   46.974465574   11.810466878   -7.732093142
   -1.047197551   -1.745329252   49.407840685   13.649154813  -11.494591999
   -0.856797996   -1.745329252   52.110949816   14.368371732  -14.924211326
   -0.666398442   -1.745329252   54.745810843   12.685112853  -17.638682363
   -0.475998887   -1.745329252   56.742202671    7.541563268  -19.384019287
   -0.285599332   -1.745329252   57.367876130   -1.782003739  -20.089556643
   -0.095199777   -1.745329252   55.824835835  -15.071141066  -19.907897830
    0.095199777   -1.745329252   51.501912912  -30.507014960  -19.159689164
    0.285599332   -1.745329252   44.335368901  -44.099846927  -18.239318621
    0.475998887   -1.745329252   35.184353569  -50.431491451  -17.463957797
    0.666398442   -1.745329252   25.921308390  -44.666015117  -16.937572098
    0.856797996   -1.745329252   19.053031034  -25.460631841  -16.521243954
    1.047197551   -1.745329252   16.862459324    3.435110060  -15.906285192
    1.237597106   -1.745329252   20.474901900   33.945644707  -14.789654538
    1.427996661   -1.745329252   29.316929792   56.971266795  -13.021769813
    1.618396215   -1.745329252   41.287886323   66.146105823  -10.672551321
    1.808795770   -1.745329252   53.530447512   59.992131554   -7.975150378
    1.999195325   -1.745329252   63.364206007   41.665115019   -5.231306361
    2.189594880   -1.745329252   68.992806891   16.876021289   -2.690814716
    2.379994435   -1.745329252   69.775334394   -8.291076568   -0.493759984
    2.570393989   -1.745329252   66.142985851  -28.776319730    1.329283088
    2.760793544   -1.745329252   59.336315964  -41.249623615    2.818488461
    2.951193099   -1.745329252   51.056924057  -44.230638960    4.019582141

   -3.141592654   -1.396263402   41.481688336  -38.162824531    2.760059012
   -2.951193099   -1.396263402   35.357499181  -25.601397947    2.672452953
   -2.760793544   -1.396263402   31.907185264  -10.775646145    2.378632822
   -2.570393989   -1.396263402   31.135734591    1.950100131    1.827004172
   -2.379994435   -1.396263402   32.334712266    9.626875762    0.882518236
   -2.189594880   -1.396263402   34.444138542   11.617716209   -0.656062802
   -1.999195325   -1.396263402   36.493976618    9.418209126   -2.982880247
   -1.808795770   -1.396263402   37.932475712    5.650999717   -6.171234259
   -1.618396215   -1.396263402   38.709623586    2.822834479  -10.072363605
   -1.427996661   -1.396263402   39.164417891    2.383453305  -14.286302628
   -1.237597106   -1.396263402   39.782340513    4.451248092  -18.246588842
   -1.047197551   -1.396263402   40.959215717    8.008468976  -21.381725588
   -0.856797996   -1.396263402   42.832055161   11.403043354  -23.278143610
   -0.666398442   -1.396263402   45.193014532   12.773276170  -23.778102326
   -0.475998887   -1.396263402   47.479644621   10.407968181  -22.984893649
   -0.285599332   -1.396263402   48.852083666    3.016642255  -21.199837258
   -0.095199777   -1.396263402   48.314253364   -9.521138364  -18.863332068
    0.095199777   -1.396263402   45.018471260  -25.469922738  -16.460266878
    0.285599332   -1.396263402   38.677271463  -40.605293923  -14.421233603
    0.475998887   -1.396263402   29.999763610  -48.973417172  -13.007653130
    0.666398442   -1.396263402   20.833175488  -45.014702144  -12.221127638
    0.856797996   -1.396263402   13.794736510  -26.712066471  -11.821536817
    1.047197551   -1.396263402   11.377405849    2.497581665  -11.427135338
    1.237597106   -1.396263402   14.927969010   34.351189956  -10.684044196
    1.427996661   -1.396263402   24.017394115   59.156720644   -9.401179229
    1.618396215   -1.396263402   36.557533024   69.829002090   -7.602697121
    1.808795770   -1.396263402   49.583519531   64.364532624   -5.480175939
    1.999195325   -1.396263402   60.240185264   45.780149727   -3.306528545
    2.189594880   -1.396263402   66.567984075   20.013790375   -1.332678116
    2.379994435   -1.396263402   67.829934863   -6.406557616    0.274465269
    2.570393989   -1.396263402   64.447250087  -27.981874441    1.449516398
    2.760793544   -1.396263402   57.721224775  -41.111619158    2.211631799
    2.951193099   -1.396263402   49.444187115  -44.266943007    2.624381410

   -3.141592654   -1.047197551   38.713986846  -40.487117470    4.863250333
   -2.951193099   -1.047197551   32.195189897  -27.377270937    3.787613300
   -2.760793544   -1.047197551   28.470134011  -11.910231469    2.376010738
   -2.570393989   -1.047197551   27.519960700    1.112656205    0.690708355
   -2.379994435   -1.047197551   28.533827986    8.378372406   -1.308404115
   -2.189594880   -1.047197551   30.301980975    9.157501865   -3.772192481
   -1.999195325   -1.047197551   31.722467874    5.224290589   -6.878595960
   -1.808795770   -1.047197551   32.198216322   -0.190738074  -10.675203790
   -1.618396215   -1.047197551   31.765145379   -3.858510146  -14.927376104
   -1.427996661   -1.047197551   30.971833050   -3.800659890  -19.084669788
   -1.237597106   -1.047197551   30.574822433    0.190904218  -22.419280125
   -1.047197551   -1.047197551   31.209209216    6.686325799  -24.284990094
   -0.856797996   -1.047197551   33.139227699   13.303982130  -24.358546073
   -0.666398442   -1.047197551   36.137033818   17.417841761  -22.744180973
   -0.475998887   -1.047197551   39.490625648   16.764894927  -19.904394790
   -0.285599332   -1.047197551   42.135362352    9.800347325  -16.476540030
   -0.095199777   -1.047197551   42.829869205   -3.551331737  -13.083204672
    0.095199777   -1.047197551   40.514229854  -21.268124536  -10.178034447
    0.285599332   -1.047197551   34.763873118  -38.630039550   -7.971577601
    0.475998887   -1.047197551   26.258707581  -49.057997275   -6.435344760
    0.666398442   -1.047197551   16.936629180  -46.407448774   -5.367604134
    0.856797996   -1.047197551    9.596276997  -28.312621058   -4.520944168
    1.047197551   -1.047197551    6.942275255    1.749075567   -3.694578725
    1.237597106   -1.047197551   10.488706543   35.104225041   -2.779557956
    1.427996661   -1.047197551   19.874954754   61.468085664   -1.738902807
    1.618396215   -1.047197551   32.968796998   73.210176733   -0.574706700
    1.808795770   -1.047197551   46.678805535   68.014490061    0.694427928
    1.999195325   -1.047197551   57.989795764   48.871881162    2.019782633
    2.189594880   -1.047197551   64.801454208   21.925272626    3.310287899
    2.379994435   -1.047197551   66.289663588   -5.958586637    4.435807338
    2.570393989   -1.047197551   62.855846682  -28.926136655    5.251130720
    2.760793544   -1.047197551   55.844488501  -43.079921181    5.629931667
    2.951193099   -1.047197551   47.138307352  -46.706108074    5.500702278

   -3.141592654   -0.698131701   38.985725839  -43.838541504    4.953528562
   -2.951193099   -0.698131701   31.768805577  -31.285964103    2.630819626
   -2.760793544   -0.698131701   27.276129738  -16.013688150    0.000408863
   -2.570393989   -0.698131701   25.539760533   -3.044617817   -2.752551064
   -2.379994435   -0.698131701   25.745419361    3.991289165   -5.586374239
   -2.189594880   -0.698131701   26.626505911    4.161056909   -8.615170738
   -1.999195325   -0.698131701   27.014274301   -0.638908654  -11.983501139
   -1.808795770   -0.698131701   26.304445107   -6.682875669  -15.663836809
   -1.618396215   -0.698131701   24.641913170  -10.077421929  -19.294640318
   -1.427996661   -0.698131701   22.796303192   -8.394119768  -22.207989066
   -1.237597106   -0.698131701   21.783837310   -1.507336632  -23.666111214
   -1.047197551   -0.698131701   22.426125755    8.496593385  -23.198695100
   -0.856797996   -0.698131701   25.016167463   18.295964348  -20.838436435
   -0.666398442   -0.698131701   29.181880739   24.455130464  -17.122109222
   -0.475998887   -0.698131701   33.950469652   24.329492432  -12.871137575
   -0.285599332   -0.698131701   37.971453581   16.486334272   -8.882072030
   -0.095199777   -0.698131701   39.777751186    1.339176131   -5.662139808
    0.095199777   -0.698131701   38.197403039  -18.421044503   -3.313379333
    0.285599332   -0.698131701   32.821150871  -37.444407943   -1.582275954
    0.475998887   -0.698131701   24.444613316  -48.745484032   -0.053158589
    0.666398442   -0.698131701   15.167248742  -46.135504193    1.609170418
    0.856797996   -0.698131701    7.925268275  -27.507993446    3.463984667
    1.047197551   -0.698131701    5.493424833    3.256999636    5.290433904
    1.237597106   -0.698131701    9.384089568   37.157017348    6.760208254
    1.427996661   -0.698131701   19.191814708   63.787466204    7.662678532
    1.618396215   -0.698131701   32.733852751   75.563065084    8.031916229
    1.808795770   -0.698131701   46.883603843   70.259388829    8.098719595
    1.999195325   -0.698131701   58.602466863   50.887607591    8.126953716
    2.189594880   -0.698131701   65.762031407   23.527463639    8.248021002
    2.379994435   -0.698131701   67.495078551   -5.036348639    8.397683509
    2.570393989   -0.698131701   64.148341438  -28.978061384    8.359123507
    2.760793544   -0.698131701   57.016884396  -44.306767297    7.869276729
    2.951193099   -0.698131701   47.963333629  -49.111368974    6.744701995

   -3.141592654   -0.349065850   40.410038845  -48.659432752    3.989556614
   -2.951193099   -0.349065850   32.190283265  -36.894253684    0.826354401
   -2.760793544   -0.349065850   26.596794648  -21.879979878   -2.516386293
   -2.570393989   -0.349065850   23.747741754   -8.834580424   -5.768230910
   -2.379994435   -0.349065850   22.860565808   -1.723476244   -8.830245297
   -2.189594880   -0.349065850   22.644009107   -1.686479729  -11.786769100
   -1.999195325   -0.349065850   21.898274469   -6.670479062  -14.753901075
   -1.808795770   -0.349065850   20.054715833  -12.422000382  -17.653285114
   -1.618396215   -0.349065850   17.409591993  -14.434802881  -20.060739755
   -1.427996661   -0.349065850   14.972860430  -10.027112364  -21.296909151
   -1.237597106   -0.349065850   13.990303079    0.531889767  -20.736765477
   -1.047197551   -0.349065850   15.377633626   14.183279069  -18.178076621
   -0.856797996   -0.349065850   19.315345363   26.499155721  -14.022599407
   -0.666398442   -0.349065850   25.138194685   33.326107351   -9.148285966
   -0.475998887   -0.349065850   31.507693240   31.990921708   -4.551495079
   -0.285599332   -0.349065850   36.767717721   21.710337682   -0.961282966
   -0.095199777   -0.349065850   39.312104448    3.922373147    1.424257352
    0.095199777   -0.349065850   38.030134282  -17.669766297    2.946187513
    0.285599332   -0.349065850   32.733005327  -37.118391625    4.274871067
    0.475998887   -0.349065850   24.489170386  -47.498566494    6.051850861
    0.666398442   -0.349065850   15.595992539  -43.332885347    8.548676197
    0.856797996   -0.349065850    9.018635888  -23.481961513   11.497760024
    1.047197551   -0.349065850    7.392582013    7.479073881   14.227979396
    1.237597106   -0.349065850   12.016814296   40.478887846   16.036521149
    1.427996661   -0.349065850   22.320497680   65.639795607   16.556556411
    1.618396215   -0.349065850   36.081693775   76.087465951   15.916083749
    1.808795770   -0.349065850   50.250914934   70.057427417   14.604247546
    1.999195325   -0.349065850   61.910655755   50.548768299   13.177254764
    2.189594880   -0.349065850   69.013990628   23.277672089   11.974761909
    2.379994435   -0.349065850   70.693168565   -5.416665217   11.006883819
    2.570393989   -0.349065850   67.221768704  -30.002283806   10.018593311
    2.760793544   -0.349065850   59.792254461  -46.484143246    8.655624944
    2.951193099   -0.349065850   50.192718818  -52.685990328    6.661086695

   -3.141592654    0.000000000   41.623777705  -54.418674013    1.989908333
   -2.951193099    0.000000000   32.245562434  -43.172180350   -1.171287368
   -2.760793544    0.000000000   25.459765971  -28.012816808   -4.273847245
   -2.570393989    0.000000000   21.495275119  -14.369565499   -7.098757190
   -2.379994435    0.000000000   19.619356680   -6.588722872   -9.595785482
   -2.189594880    0.000000000   18.526084694   -6.056382922  -11.862975287
   -1.999195325    0.000000000   16.989612970  -10.577227249  -13.979155544
   -1.808795770    0.000000000   14.478310730  -15.398123126  -15.802656522
   -1.618396215    0.000000000   11.429503755  -15.508150439  -16.884358629
   -1.427996661    0.000000000    9.053024928   -8.174766304  -16.632161865
   -1.237597106    0.000000000    8.741497776    5.714759526  -14.646415448
   -1.047197551    0.000000000   11.389317045   22.034408729  -11.033502470
   -0.856797996    0.000000000   16.952016674   35.392583936   -6.466721449
   -0.666398442    0.000000000   24.410007715   41.297932392   -1.928396788
   -0.475998887    0.000000000   32.083657477   37.530567690    1.713488921
   -0.285599332    0.000000000   38.121786833   24.362929383    4.056843549
   -0.095199777    0.000000000   40.945885400    4.413114991    5.325699073
    0.095199777    0.000000000   39.673069547  -17.766754109    6.231408904
    0.285599332    0.000000000   34.441955726  -36.075203795    7.638729950
    0.475998887    0.000000000   26.600682936  -44.224774000   10.143237151
    0.666398442    0.000000000   18.545964021  -37.936606617   13.746940231
    0.856797996    0.000000000   13.105987998  -17.236480185   17.793271501
    1.047197551    0.000000000   12.608037024   12.771520403   21.243525604
    1.237597106    0.000000000   18.028374448   43.380197145   23.172512600
    1.427996661    0.000000000   28.612924439   65.719775684   23.185693309
    1.618396215    0.000000000   42.163575930   73.972012434   21.543910490
    1.808795770    0.000000000   55.813475060   66.934412571   18.945219018
    1.999195325    0.000000000   66.869921347   47.478871323   16.149384726
    2.189594880    0.000000000   73.436821721   20.734764914   13.642909106
    2.379994435    0.000000000   74.670857215   -7.625257127   11.517991950
    2.570393989    0.000000000   70.762852474  -32.499663238    9.559971343
    2.760793544    0.000000000   62.777618846  -49.914135360    7.439086750
    2.951193099    0.000000000   52.407540880  -57.366185773    4.923184454

   -3.141592654    0.349065850   43.290307344  -59.301333973    1.364751843
   -2.951193099    0.349065850   32.940875441  -48.392488172   -0.753974161
   -2.760793544    0.349065850   25.164950754  -33.104150155   -2.690013011
   -2.570393989    0.349065850   20.272736430  -18.975676626   -4.384826847
   -2.379994435    0.349065850   17.576368780  -10.593255329   -5.877610519
   -2.189594880    0.349065850   15.775698046   -9.474366508   -7.264500745
   -1.999195325    0.349065850   13.652731454  -13.266565026   -8.570638278
   -1.808795770    0.349065850   10.736808647  -16.835498089   -9.622783294
   -1.618396215    0.349065850    7.596219217  -14.896286824  -10.030542121
   -1.427996661    0.349065850    5.582708210   -4.916295666   -9.366990708
   -1.237597106    0.349065850    6.139169965   11.467555347   -7.445800299
   -1.047197551    0.349065850   10.039063268   29.174004442   -4.520860171
   -0.856797996    0.349065850   16.959426182   42.216712178   -1.237383877
   -0.666398442    0.349065850   25.558599425   46.262331138    1.669316401
   -0.475998887    0.349065850   33.937590856   39.945971305    3.739704944
   -0.285599332    0.349065850   40.223530428   24.720932478    5.003093665
   -0.095199777    0.349065850   43.030133617    4.162809028    5.980506238
    0.095199777    0.349065850   41.797731378  -16.797952536    7.432197163
    0.285599332    0.349065850   36.987765333  -32.457365728   10.006556630
    0.475998887    0.349065850   30.126985082  -37.600772049   13.896480832
    0.666398442    0.349065850   23.549616550  -29.329595438   18.664129759
    0.856797996    0.349065850   19.778669993   -8.726988458   23.334007882
    1.047197551    0.349065850   20.708704246   18.911389569   26.757962310
    1.237597106    0.349065850   26.943997075   45.662865571   28.099506344
    1.427996661    0.349065850   37.573354736   64.017040058   27.160551441
    1.618396215    0.349065850   50.501487514   69.398160320   24.401204323
    1.808795770    0.349065850   63.140129354   61.178761892   20.658748763
    1.999195325    0.349065850   73.108060732   41.995636432   16.776462833
    2.189594880    0.349065850   78.721131013   16.247748173   13.302335123
    2.379994435    0.349065850   79.195649273  -11.180231568   10.402434012
    2.570393989    0.349065850   74.656021329  -35.697752764    7.957526817
    2.760793544    0.349065850   66.042414638  -53.411902803    5.733714359
    2.951193099    0.349065850   54.942976485  -61.562708357    3.551659490

   -3.141592654    0.698131701   45.272819259  -61.198975231    0.398345261
   -2.951193099    0.698131701   34.542631429  -50.487199038   -0.214548071
   -2.760793544    0.698131701   26.344413201  -35.427676622   -0.557285070
   -2.570393989    0.698131701   20.990632157  -21.481393818   -0.784284889
   -2.379994435    0.698131701   17.806074822  -13.187483976   -1.046782935
   -2.189594880    0.698131701   15.513611834  -12.003304589   -1.441973230
   -1.999195325    0.698131701   12.937038427  -15.437814203   -1.963289383
   -1.808795770    0.698131701    9.676694414  -18.194844680   -2.480529226
   -1.618396215    0.698131701    6.393384100  -14.966683999   -2.772220765
   -1.427996661    0.698131701    4.509645403   -3.482756558   -2.638024249
   -1.237597106    0.698131701    5.463067451   14.105095321   -2.019973300
   -1.047197551    0.698131701    9.920071450   32.221731085   -1.054256932
   -0.856797996    0.698131701   17.384582816   44.744131356    0.007984149
   -0.666398442    0.698131701   26.365271887   47.710989369    0.987674534
   -0.475998887    0.698131701   34.924555250   40.481773555    1.938805911
   -0.285599332    0.698131701   41.293436525   25.255935481    3.178298756
   -0.095199777    0.698131701   44.304290431    5.992408905    5.190002648
    0.095199777    0.698131701   43.638185632  -12.533358715    8.390218810
    0.285599332    0.698131701   39.913104666  -25.340675699   12.891645032
    0.475998887    0.698131701   34.636420967  -28.281503476   18.326189559
    0.666398442    0.698131701   29.916551011  -19.485892352   23.843216847
    0.856797996    0.698131701   27.897594370   -0.543577379   28.327145457
    1.047197551    0.698131701   30.072724050   23.555702177   30.781538321
    1.237597106    0.698131701   36.776410936   45.906344973   30.712845331
    1.427996661    0.698131701   47.055418385   60.267980839   28.295727038
    1.618396215    0.698131701   58.995005736   63.042911175   24.247777744
    1.808795770    0.698131701   70.312794549   53.942670594   19.492693869
    1.999195325    0.698131701   78.936538353   35.302189653   14.836398542
    2.189594880    0.698131701   83.394770697   10.878111304   10.765371967
    2.379994435    0.698131701   82.987770744  -15.094602566    7.445991101
    2.570393989    0.698131701   77.819014585  -38.466243727    4.844745064
    2.760793544    0.698131701   68.749888741  -55.506125597    2.857734427
    2.951193099    0.698131701   57.280101507  -63.411136889    1.396985827

   -3.141592654    1.047197551   43.861310228  -62.023980067   -4.211763518
   -2.951193099    1.047197551   33.080336239  -50.227608038   -3.568476730
   -2.760793544    1.047197551   25.004055835  -34.472903422   -2.499863567
   -2.570393989    1.047197551   19.861689872  -20.284326775   -1.349391808
   -2.379994435    1.047197551   16.896155990  -12.127716058   -0.401509954
   -2.189594880    1.047197551   14.773356087  -11.292828347    0.194429083
   -1.999195325    1.047197551   12.295555174  -15.100520230    0.428580629
   -1.808795770    1.047197551    9.071676053  -18.127436188    0.373510983
   -1.618396215    1.047197551    5.785213800  -15.054521525    0.120342015
   -1.427996661    1.047197551    3.873601994   -3.695364185   -0.262202153
   -1.237597106    1.047197551    4.770290401   13.700270434   -0.710645201
   -1.047197551    1.047197551    9.127975249   31.572728116   -1.117946718
   -0.856797996    1.047197551   16.455644305   44.002325524   -1.291868996
   -0.666398442    1.047197551   25.322485101   47.371907262   -0.942909434
   -0.475998887    1.047197551   33.918783855   41.358307514    0.262136557
   -0.285599332    1.047197551   40.643984469   28.264864390    2.605483626
   -0.095199777    1.047197551   44.486252223   11.780002240    6.224329507
    0.095199777    1.047197551   45.194677443   -3.948370101   10.998035215
    0.285599332    1.047197551   43.310468403  -14.804594487   16.488885025
    0.475998887    1.047197551   40.099103544  -17.452257034   21.944603178
    0.666398442    1.047197551   37.304460910  -10.440381671   26.426383722
    0.856797996    1.047197551   36.687068735    4.882869176   29.067281867
    1.047197551    1.047197551   39.466963038   24.420360189   29.358228179
    1.237597106    1.047197551   45.911177881   42.451552262   27.330425521
    1.427996661    1.047197551   55.211235664   53.695747008   23.513809904
    1.618396215    1.047197551   65.729157129   54.936159888   18.702011171
    1.808795770    1.047197551   75.469904880   45.669531217   13.654048515
    1.999195325    1.047197551   82.573131519   27.690159757    8.912584214
    2.189594880    1.047197551   85.673960895    4.249993572    4.762271998
    2.379994435    1.047197551   84.103598592  -20.687106860    1.318915204
    2.570393989    1.047197551   77.969556340  -43.002298437   -1.354692039
    2.760793544    1.047197551   68.143938852  -58.889884627   -3.193010032
    2.951193099    1.047197551   56.148436319  -65.520049388   -4.139054114

   -3.141592654    1.396263402   38.887529368  -61.379311700  -10.767214296
   -2.951193099    1.396263402   28.430709319  -47.552576335   -9.696477649
   -2.760793544    1.396263402   20.998894642  -30.527795672   -7.968853922
   -2.570393989    1.396263402   16.654464052  -15.998798631   -5.953967562
   -2.379994435    1.396263402   14.471373377   -8.300611481   -3.973651778
   -2.189594880    1.396263402   12.991228296   -8.422231826   -2.220072450
   -1.999195325    1.396263402   10.950819561  -13.397303542   -0.771167810
   -1.808795770    1.396263402    7.935842886  -17.640507078    0.322609310
   -1.618396215    1.396263402    4.628126282  -15.760158827    0.981521304
   -1.427996661    1.396263402    2.479863311   -5.441631478    1.128287674
   -1.237597106    1.396263402    2.975802888   11.323652613    0.807201650
   -1.047197551    1.396263402    6.880408476   29.330612840    0.281675309
   -0.856797996    1.396263402   13.875743073   42.931173917    0.016284444
   -0.666398442    1.396263402   22.735423883   48.523785378    0.541085286
   -0.475998887    1.396263402   31.826292830   45.479815896    2.256475354
   -0.285599332    1.396263402   39.637556017   35.521941477    5.291731877
   -0.095199777    1.396263402   45.120832006   21.598827048    9.461726081
    0.095199777    1.396263402   47.845633472    7.143626627   14.273232242
    0.285599332    1.396263402   48.052774594   -4.257381236   18.994262854
    0.475998887    1.396263402   46.642323622   -9.390475094   22.776469257
    0.666398442    1.396263402   45.019545026   -6.375930265   24.850994639
    0.856797996    1.396263402   44.739312492    4.359884943   24.780179947
    1.047197551    1.396263402   47.016267006   19.831641650   22.612936241
    1.237597106    1.396263402   52.303859563   35.152123046   18.861703628
    1.427996661    1.396263402   60.082395891   45.252628107   14.276739329
    1.618396215    1.396263402   68.983817632   46.532942223    9.551924748
    1.808795770    1.396263402   77.175698623   37.833977397    5.115666460
    1.999195325    1.396263402   82.844646950   20.431943122    1.120823809
    2.189594880    1.396263402   84.607063760   -2.566013838   -2.436952797
    2.379994435    1.396263402   81.782971293  -26.995988271   -5.557498925
    2.570393989    1.396263402   74.525237970  -48.397226622   -8.139389185
    2.760793544    1.396263402   63.808726407  -62.730371586   -9.987448292
    2.951193099    1.396263402   51.276430637  -67.222683648  -10.895863094

   -3.141592654    1.745329252   32.255986009  -60.033161610  -17.134385457
   -2.951193099    1.745329252   22.262238504  -44.132179605  -16.124065616
   -2.760793544    1.745329252   15.620126565  -25.814628763  -14.179547374
   -2.570393989    1.745329252   12.219890708  -10.951378728  -11.610685479
   -2.379994435    1.745329252   10.963573160   -3.721524515   -8.727803422
   -2.189594880    1.745329252   10.270738446   -4.783775579   -5.750618786
   -1.999195325    1.745329252    8.815762734  -10.915104599   -2.814897280
   -1.808795770    1.745329252    6.153955657  -16.437510158   -0.059812929
   -1.618396215    1.745329252    2.947954062  -15.903869162    2.310044215
   -1.427996661    1.745329252    0.655959976   -6.753701345    4.069980479
   -1.237597106    1.745329252    0.839386798    9.496396186    5.128119447
   -1.047197551    1.745329252    4.436497077   28.132495141    5.656840336
   -0.856797996    1.745329252   11.367838660   43.652083847    6.081108208
   -0.666398442    1.745329252   20.625615219   52.074701040    6.911042821
   -0.475998887    1.745329252   30.680839559   52.003839372    8.505646675
   -0.285599332    1.745329252   39.966890932   44.307764764   10.912080074
   -0.095199777    1.745329252   47.231960563   31.255489949   13.836955553
    0.095199777    1.745329252   51.741256343   15.924925937   16.709230243
    0.285599332    1.745329252   53.397327547    1.912786646   18.822395319
    0.475998887    1.745329252   52.804594469   -7.134319972   19.523683788
    0.666398442    1.745329252   51.194800004   -8.473886659   18.422171421
    0.856797996    1.745329252   50.140570611   -1.474614766   15.576090035
    1.047197551    1.745329252   51.064702969   11.750018582   11.499181762
    1.237597106    1.745329252   54.741272414   26.578805369    6.969865526
    1.427996661    1.745329252   60.951731700   37.499482771    2.707526487
    1.618396215    1.745329252   68.499594803   40.064117386   -0.896452945
    1.808795770    1.745329252   75.562020184   32.346141020   -3.856762302
    1.999195325    1.745329252   80.230753802   15.314717846   -6.444719428
    2.189594880    1.745329252   81.017665654   -7.724273293   -8.948697380
    2.379994435    1.745329252   77.208184469  -32.123233834  -11.476190287
    2.570393989    1.745329252   69.017958175  -52.934656978  -13.888259374
    2.760793544    1.745329252   57.556430862  -65.869051990  -15.862524532
    2.951193099    1.745329252   44.616641059  -68.257528585  -17.031316939

   -3.141592654    2.094395102   25.009961366  -59.767891011  -19.255740779
   -2.951193099    2.094395102   15.253909696  -41.943690879  -18.059026350
   -2.760793544    2.094395102    9.187434406  -22.048551333  -15.861246827
   -2.570393989    2.094395102    6.612551318   -6.145758544  -12.927184549
   -2.379994435    2.094395102    6.329442699    1.620521866   -9.541690824
   -2.189594880    2.094395102    6.676397375    0.746577283   -5.907016309
   -1.999195325    2.094395102    6.272273512   -5.456285583   -2.140380466
   -1.808795770    2.094395102    4.620069550  -11.357502763    1.628791181
   -1.618396215    2.094395102    2.315708080  -11.584031509    5.169358158
   -1.427996661    2.094395102    0.751457540   -3.456662410    8.173101893
   -1.237597106    2.094395102    1.470916000   11.879778443   10.407858771
   -1.047197551    2.094395102    5.477634219   30.166121792   11.872826802
   -0.856797996    2.094395102   12.825286079   46.111221174   12.821328834
   -0.666398442    2.094395102   22.640692126   55.521486501   13.612770599
   -0.475998887    2.094395102   33.452727217   56.445060432   14.489281127
   -0.285599332    2.094395102   43.633888903   49.114928782   15.429604070
   -0.095199777    2.094395102   51.763699470   35.319253755   16.139171157
    0.095199777    2.094395102   56.875352077   17.978010112   16.150985923
    0.285599332    2.094395102   58.644445702    0.911008577   14.995213318
    0.475998887    2.094395102   57.529940669  -11.623405507   12.391304180
    0.666398442    2.094395102   54.763028437  -15.972376425    8.406355882
    0.856797996    2.094395102   52.094451987  -10.639735788    3.537525291
    1.047197551    2.094395102   51.255983760    2.705546059   -1.416638562
    1.237597106    2.094395102   53.349648187   19.190570024   -5.647714094
    1.427996661    2.094395102   58.373312854   32.446756875   -8.669734844
    1.618396215    2.094395102   65.161758567   37.013033696  -10.493581617
    1.808795770    2.094395102   71.755509171   30.286509755  -11.552652499
    1.999195325    2.094395102   76.038417053   13.171688594  -12.432806760
    2.189594880    2.094395102   76.353278445  -10.584766095  -13.579729856
    2.379994435    2.094395102   71.925237499  -35.697334568  -15.124232865
    2.570393989    2.094395102   63.026808004  -56.667272150  -16.875268876
    2.760793544    2.094395102   50.903590051  -68.936824711  -18.429773215
    2.951193099    2.094395102   37.505234123  -69.889530099  -19.337412531

   -3.141592654    2.443460953   18.688418816  -59.089598206  -13.996196217
   -2.951193099    2.443460953    9.223607786  -39.587607958  -12.654193098
   -2.760793544    2.443460953    3.753665004  -18.204740518  -10.578233378
   -2.570393989    2.443460953    2.025242991   -1.166045974   -7.904296430
   -2.379994435    2.443460953    2.772694365    7.418384125   -4.768636358
   -2.189594880    2.443460953    4.286457441    7.177033104   -1.237471817
   -1.999195325    2.443460953    5.155745114    1.450642087    2.676078376
   -1.808795770    2.443460953    4.842162422   -4.280623390    6.900096618
   -1.618396215    2.443460953    3.861163410   -4.869380340   11.190355109
   -1.427996661    2.443460953    3.493557259    2.305340674   15.130502319
   -1.237597106    2.443460953    5.188140725   16.327174092   18.275962105
   -1.047197551    2.443460953    9.917963143   33.349802768   20.341727491
   -0.856797996    2.443460953   17.778353234   48.376415381   21.298033844
   -0.666398442    2.443460953   27.965455660   57.186972032   21.299990767
   -0.475998887    2.443460953   39.040879328   57.505356254   20.520125316
   -0.285599332    2.443460953   49.336451960   49.157236365   19.010955901
   -0.095199777    2.443460953   57.325025574   33.670854421   16.672488331
    0.095199777    2.443460953   61.909682900   14.000279578   13.333532241
    0.285599332    2.443460953   62.672702918   -5.682722413    8.904762102
    0.475998887    2.443460953   60.074058266  -20.510713237    3.538802939
    0.666398442    2.443460953   55.473317081  -26.113574167   -2.289639682
    0.856797996    2.443460953   50.873692831  -20.488215826   -7.820515727
    1.047197551    2.443460953   48.314253860   -5.280520209  -12.239266262
    1.237597106    2.443460953   49.150864923   14.069675791  -14.982486248
    1.427996661    2.443460953   53.483736903   30.240717471  -15.972918353
    1.618396215    2.443460953   60.067186543   36.877343646  -15.632665482
    1.808795770    2.443460953   66.728889239   30.923531062  -14.671477187
    1.999195325    2.443460953   71.110188342   13.417440964  -13.776517157
    2.189594880    2.443460953   71.379057230  -11.353314554  -13.366440558
    2.379994435    2.443460953   66.703949240  -37.462753140  -13.511051944
    2.570393989    2.443460953   57.413202064  -58.899704419  -13.998904139
    2.760793544    2.443460953   44.881325923  -70.860447609  -14.471531514
    2.951193099    2.443460953   31.206643391  -70.759523043  -14.561846589

   -3.141592654    2.792526803   15.220811119  -58.009959848    0.898772094
   -2.951193099    2.792526803    6.050079455  -37.574750893    3.045401007
   -2.760793544    2.792526803    1.060622544  -15.184526439    5.028404872
   -2.570393989    2.792526803    0.000000000    2.809172304    6.837923193
   -2.379994435    2.792526803    1.589546876   12.275323150    8.638340610
   -2.189594880    2.792526803    4.111127214   12.902577444   10.732707990
   -1.999195325    2.792526803    6.153625506    8.035158334   13.422046224
   -1.808795770    2.792526803    7.164733484    2.994328517   16.805961875
   -1.618396215    2.792526803    7.600509409    2.630834678   20.633909916
   -1.427996661    2.792526803    8.626394144    9.309853838   24.327451070
   -1.237597106    2.792526803   11.545525886   22.068148601   27.183154800
   -1.047197551    2.792526803   17.200405851   37.255584576   28.646423317
   -0.856797996    2.792526803   25.604159877   50.145605837   28.492574640
   -0.666398442    2.792526803   35.914256553   56.686062397   26.812506083
   -0.475998887    2.792526803   46.668527312   54.603541765   23.861606250
   -0.285599332    2.792526803   56.168245410   43.666976564   19.896090709
   -0.095199777    2.792526803   62.854105718   25.476641558   15.095260370
    0.095199777    2.792526803   65.633665400    3.308532910    9.600045184
    0.285599332    2.792526803   64.178589096  -18.108903452    3.621828555
    0.475998887    2.792526803   59.153767599  -33.301245181   -2.452823093
    0.666398442    2.792526803   52.221344815  -37.503771187   -8.049054959
    0.856797996    2.792526803   45.719673183  -28.829022561  -12.500593611
    1.047197551    2.792526803   41.946202634   -9.595459536  -15.274550006
    1.237597106    2.792526803   42.347539427   13.724781921  -16.195409930
    1.427996661    2.792526803   46.916503883   32.842853327  -15.528698480
    1.618396215    2.792526803   54.154624325   40.900338424  -13.859519115
    1.808795770    2.792526803   61.598857186   34.925781506  -11.830657986
    1.999195325    2.792526803   66.661610983   16.482824053   -9.897815885
    2.189594880    2.792526803   67.396757334   -9.513974943   -8.213130457
    2.379994435    2.792526803   62.966331492  -36.667244662   -6.679176199
    2.570393989    2.792526803   53.760564885  -58.720970836   -5.095330967
    2.760793544    2.792526803   41.243220614  -70.810220339   -3.303056700
    2.951193099    2.792526803   27.603748883  -70.381645601   -1.272257939
