#! FIELDS phi psi file.free der_phi der_psi
#! SET min_phi -pi
#! SET max_phi pi
#! SET nbins_phi  33
#! SET periodic_phi true
#! SET min_psi -pi
#! SET max_psi pi
#! SET nbins_psi  18
#! SET periodic_psi true
   -3.141592654   -3.141592654   20.172045817  -53.233530265   10.627284602
   -2.951193099   -3.141592654   11.227244236  -39.424887393   13.219504830
   -2.760793544   -3.141592654    5.533693128  -19.971387549   15.401298243
   -2.570393989   -3.141592654    3.593479083   -1.025021421   17.049962114
   -2.379994435   -3.141592654    4.754599974   11.908863971   18.281813122
   -2.189594880   -3.141592654    7.594548671   16.576305182   19.400767313
   -1.999195325   -3.141592654   10.645526190   14.699175213   20.711713070
   -1.808795770   -3.141592654   13.052309393   10.627161355   22.292530514
   -1.618396215   -3.141592654   14.842752167    8.861301247   23.865302448
   -1.427996661   -3.141592654   16.735935032   11.885081545   24.865653173
   -1.237597106   -3.141592654   19.648421481   19.259134691   24.692899400
   -1.047197551   -3.141592654   24.171159544   28.188560101   23.011433880
   -0.856797996   -3.141592654   30.253503543   35.008183149   19.926024416
   -0.666398442   -3.141592654   37.197729868   36.824880797   15.925263385
   -0.475998887   -3.141592654   43.903348261   32.467653604   11.642047704
   -0.285599332   -3.141592654   49.225228547   22.561501937    7.565384570
   -0.095199777   -3.141592654   52.275760292    9.043832707    3.862157687
    0.095199777   -3.141592654   52.621396943   -5.357651754    0.408425087
    0.285599332   -3.141592654   50.390775296  -17.459298941   -3.006706138
    0.475998887   -3.141592654   46.328524345  -24.135191684   -6.427846336
    0.666398442   -3.141592654   41.705056390  -23.096366451   -9.583268040
    0.856797996   -3.141592654   38.053012614  -14.144445587  -11.945338383
    1.047197551   -3.141592654   36.682167857    0.262360748  -12.986340135
    1.237597106   -3.141592654   38.210656146   15.444905170  -12.483510365
    1.427996661   -3.141592654   42.296120801   26.412732713  -10.654917181
    1.618396215   -3.141592654   47.783425779   29.826330831   -8.058715080
    1.808795770   -3.141592654   53.125181937   24.991003761   -5.313534890
    1.999195325   -3.141592654   56.865084494   13.350295470   -2.838270886
    2.189594880   -3.141592654   57.925631620   -2.739371267   -0.732837922
    2.379994435   -3.141592654   55.693263210  -20.819649119    1.165294128
    2.570393989   -3.141592654   50.038239447  -38.204276426    3.124822763
    2.760793544   -3.141592654   41.394782632  -51.612201912    5.358888257
    2.951193099   -3.141592654   30.869670580  -57.439589146    7.910919312

   -3.141592654   -2.792526803   25.238356793  -47.437527776   16.594856448
   -2.951193099   -2.792526803   17.290589835  -34.884914272   19.780757560
   -2.760793544   -2.792526803   12.300902827  -17.151355152   22.003006993
   -2.570393989   -2.792526803   10.740814671    0.228650956   23.171892387
   -2.379994435   -2.792526803   12.045901328   12.320107429   23.563251757
   -2.189594880   -2.792526803   14.958511784   17.073183385   23.676386743
   -1.999195325   -2.792526803   18.167130511   15.916167866   23.959948617
   -1.808795770   -2.792526803   20.878305261   12.540276176   24.556485320
   -1.618396215   -2.792526803   23.045971756   10.742801471   25.206536461
   -1.427996661   -2.792526803   25.205699412   12.609967952   25.365511520
   -1.237597106   -2.792526803   28.061793226   17.815358553   24.472606201
   -1.047197551   -2.792526803   32.062051760   24.143829373   22.233816871
   -0.856797996   -2.792526803   37.146919360   28.694498694   18.769286514
   -0.666398442   -2.792526803   42.741521963   29.149413424   14.541589862
   -0.475998887   -2.792526803   47.938204430   24.463957312   10.126094683
   -0.285599332   -2.792526803   51.765090918   14.948308889    5.942782395
   -0.095199777   -2.792526803   53.423880590    2.039833023    2.102597363
    0.095199777   -2.792526803   52.483964381  -11.884780168   -1.532542105
    0.285599332   -2.792526803   49.044420519  -23.619431070   -5.130278704
    0.475998887   -2.792526803   43.860161801  -29.672525117   -8.645188533
    0.666398442   -2.792526803   38.292596757  -27.332496140  -11.708063613
    0.856797996   -2.792526803   34.021688783  -16.274810694  -13.748932116
    1.047197551   -2.792526803   32.484548191    0.682744531  -14.285158603
    1.237597106   -2.792526803   34.323130159   18.196265615  -13.213033118
    1.427996661   -2.792526803   39.091700242   30.670404797  -10.878566372
    1.618396215   -2.792526803   45.450563697   34.565392623   -7.911249515
    1.808795770   -2.792526803   51.676965558   29.459944938   -4.906989040
    1.999195325   -2.792526803   56.221538757   17.346152440   -2.181632799
    2.189594880   -2.792526803   58.019050996    1.085236599    0.302822000
    2.379994435   -2.792526803   56.541205611  -16.629519819    2.826826779
    2.570393989   -2.792526803   51.755371271  -33.219675393    5.706005382
    2.760793544   -2.792526803   44.144502681  -45.789030907    9.093420524
    2.951193099   -2.792526803   34.776825204  -51.225003727   12.857250765

   -3.141592654   -2.443460953   31.338420878  -40.711452784   17.006235379
   -2.951193099   -2.443460953   24.530996549  -29.793121191   19.901083043
   -2.760793544   -2.443460953   20.305019628  -14.263425035   21.682459876
   -2.570393989   -2.443460953   19.090190719    1.052072055   22.292466738
   -2.379994435   -2.443460953   20.412818122   11.841454543   22.030566341
   -2.189594880   -2.443460953   23.187889299   16.255448470   21.389443040
   -1.999195325   -2.443460953   26.264301662   15.403655104   20.791777517
   -1.808795770   -2.443460953   28.912440150   12.332562313   20.381198691
   -1.618396215   -2.443460953   31.024122048   10.224088451   19.974987324
   -1.427996661   -2.443460953   32.985227655   10.901140718   19.188191465
   -1.237597106   -2.443460953   35.345678032   14.254634304   17.650328250
   -1.047197551   -2.443460953   38.478795501   18.648491672   15.205867318
   -0.856797996   -2.443460953   42.372563598   21.819475493   12.001342313
   -0.666398442   -2.443460953   46.597815032   21.811556523    8.407532778
   -0.475998887   -2.443460953   50.420339481   17.492644500    4.835856327
   -0.285599332   -2.443460953   52.988180947    8.719418932    1.534988989
   -0.095199777   -2.443460953   53.523907487   -3.578390906   -1.514611283
    0.095199777   -2.443460953   51.541412675  -17.271220186   -4.512321842
    0.285599332   -2.443460953   47.078585186  -28.970737673   -7.621128610
    0.475998887   -2.443460953   40.898460251  -34.672873634  -10.747948619
    0.666398442   -2.443460953   34.472973108  -31.177637867  -13.463811352
    0.856797996   -2.443460953   29.653176517  -18.049313874  -15.162224646
    1.047197551   -2.443460953   28.018897092    1.470644250  -15.357501245
    1.237597106   -2.443460953   30.238319423   21.316647565  -13.966972179
    1.427996661   -2.443460953   35.758176186   35.265733990  -11.362434624
    1.618396215   -2.443460953   43.049281318   39.602992413   -8.185264958
    1.808795770   -2.443460953   50.216292805   34.225560259   -5.021338708
    1.999195325   -2.443460953   55.627517791   21.709061346   -2.162668267
    2.189594880   -2.443460953   58.245348108    5.431947607    0.453388265
    2.379994435   -2.443460953   57.641671031  -11.697816853    3.118879425
    2.570393989   -2.443460953   53.888415013  -27.265350854    6.137232409
    2.760793544   -2.443460953   47.511432394  -38.840366162    9.624896037
    2.951193099   -2.443460953   39.518536748  -43.882727470   13.397840597

   -3.141592654   -2.094395102   36.601000899  -35.407973004   12.622835922
   -2.951193099   -2.094395102   30.665002844  -26.068554220   14.477615787
   -2.760793544   -2.094395102   26.962824284  -12.507055979   15.427582596
   -2.570393989   -2.094395102   25.905323592    1.026194498   15.461276839
   -2.379994435   -2.094395102   27.101451888   10.663259029   14.803558271
   -2.189594880   -2.094395102   29.599816612   14.628234763   13.782783081
   -1.999195325   -2.094395102   32.359245584   13.730710623   12.653560857
   -1.808795770   -2.094395102   34.683544991   10.559192238   11.488576725
   -1.618396215   -2.094395102   36.417906704    7.954546099   10.194205032
   -1.427996661   -2.094395102   37.862934094    7.690732524    8.620483146
   -1.237597106   -2.094395102   39.503328298    9.907213820    6.686307888
   -1.047197551   -2.094395102   41.712606994   13.371050760    4.451250387
   -0.856797996   -2.094395102   44.554831896   16.166445778    2.105858369
   -0.666398442   -2.094395102   47.719331104   16.427357751   -0.123373329
   -0.475998887   -2.094395102   50.576531456   12.783770141   -2.091882737
   -0.285599332   -2.094395102   52.310744013    4.628267356   -3.831619202
   -0.095199777   -2.094395102   52.091300131   -7.513380219   -5.568878401
    0.095199777   -2.094395102   49.329241889  -21.590183477   -7.597259615
    0.285599332   -2.094395102   43.988578202  -33.843598535  -10.073451247
    0.475998887   -2.094395102   36.861729699  -39.593619583  -12.832851886
    0.666398442   -2.094395102   29.577755885  -35.061965583  -15.347583030
    0.856797996   -2.094395102   24.213053579  -19.709797275  -16.914408927
    1.047197551   -2.094395102   22.532843442    2.693156065  -16.974139517
    1.237597106   -2.094395102   25.248788664   25.201477254  -15.401273456
    1.427996661   -2.094395102   31.688150811   40.831068712  -12.563740374
    1.618396215   -2.094395102   40.101053760   45.627292358   -9.132745679
    1.808795770   -2.094395102   48.384126901   39.820677415   -5.748271536
    1.999195325   -2.094395102   54.795423807   26.629021603   -2.767245505
    2.189594880   -2.094395102   58.308305031    9.999397136   -0.193189206
    2.379994435   -2.094395102   58.585761358   -6.919324687    2.205841799
    2.570393989   -2.094395102   55.798180808  -21.863208946    4.690592605
    2.760793544   -2.094395102   50.511905121  -32.836992336    7.372691796
    2.951193099   -2.094395102   43.681629349  -37.804459215   10.125447233

   -3.141592654   -1.745329252   39.811230837  -32.600730855    7.634776739
   -2.951193099   -1.745329252   34.301525317  -24.478078194    8.360170965
   -2.760793544   -1.745329252   30.766235169  -12.355522533    8.415553664
   -2.570393989   -1.745329252   29.607977843   -0.135320024    7.846825174
   -2.379994435   -1.745329252   30.486382532    8.557632613    6.821695249
   -2.189594880   -1.745329252   32.524512558   11.948371549    5.526754037
   -1.999195325   -1.745329252   34.734789143   10.651602939    4.069349293
   -1.808795770   -1.745329252   36.433647920    7.055472757    2.456383290
   -1.618396215   -1.745329252   37.455257608    3.972462834    0.659017995
   -1.427996661   -1.745329252   38.103803767    3.349606875   -1.294079824
   -1.237597106   -1.745329252   38.910539620    5.576684569   -3.267178001
   -1.047197551   -1.745329252   40.336106971    9.567720188   -5.045954575
   -0.856797996   -1.745329252   42.541686869   13.343194419   -6.419773801
   -0.666398442   -1.745329252   45.278120679   14.753263072   -7.284928488
   -0.475998887   -1.745329252   47.909771971   12.023610233   -7.710189745
   -0.285599332   -1.745329252   49.538984699    4.162091142   -7.943838119
   -0.095199777   -1.745329252   49.195848339   -8.475651118   -8.360009454
    0.095199777   -1.745329252   46.150087166  -23.674747233   -9.309774904
    0.285599332   -1.745329252   40.291541545  -37.154398698  -10.943378555
    0.475998887   -1.745329252   32.460701941  -43.509914767  -13.067252779
    0.666398442   -1.745329252   24.466007142  -38.384217466  -15.136414178
    0.856797996   -1.745329252   18.631145510  -21.136218062  -16.444342480
    1.047197551   -1.745329252   16.929055063    3.950059848  -16.421472789
    1.237597106   -1.745329252   20.139534691   29.040594877  -14.907436237
    1.427996661   -1.745329252   27.489558590   46.355283543  -12.214170539
    1.618396215   -1.745329252   37.018169289   51.621255088   -8.959191894
    1.808795770   -1.745329252   46.407301805   45.322205266   -5.758874420
    1.999195325   -1.745329252   53.784148102   31.252970015   -2.990685810
    2.189594880   -1.745329252   58.103304732   13.903286345   -0.716386064
    2.379994435   -1.745329252   59.088592401   -3.316515825    1.218676768
    2.570393989   -1.745329252   56.987903764  -18.214300164    3.009950173
    2.760793544   -1.745329252   52.407658294  -29.094366047    4.748190425
    2.951193099   -1.745329252   46.277902574  -34.268679873    6.357209521

   -3.141592654   -1.396263402   40.312254651  -33.111691411    4.573648093
   -2.951193099   -1.396263402   34.650765780  -25.556247162    4.476557616
   -2.760793544   -1.396263402   30.867164108  -13.861489247    3.766049401
   -2.570393989   -1.396263402   29.394020780   -1.914484241    2.528225940
   -2.379994435   -1.396263402   29.914597803    6.579478492    0.914974870
   -2.189594880   -1.396263402   31.552732480    9.701885436   -0.953667701
   -1.999195325   -1.396263402   33.296575742    7.970082334   -3.040068624
   -1.808795770   -1.396263402   34.433584611    3.833687610   -5.342370011
   -1.618396215   -1.396263402   34.798751875    0.349715407   -7.784882494
   -1.427996661   -1.396263402   34.753206669   -0.217343629  -10.141920108
   -1.237597106   -1.396263402   34.937609481    2.724400543  -12.068978743
   -1.047197551   -1.396263402   35.936661753    8.026143429  -13.236061493
   -0.856797996   -1.396263402   37.998281141   13.380558226  -13.475257183
   -0.666398442   -1.396263402   40.880002248   16.164195765  -12.865963070
   -0.475998887   -1.396263402   43.863106812   14.171186331  -11.718945818
   -0.285599332   -1.396263402   45.901073627    6.148725459  -10.477911786
   -0.095199777   -1.396263402   45.849884110   -7.523511250   -9.596870852
    0.095199777   -1.396263402   42.838653735  -24.317255416   -9.398227443
    0.285599332   -1.396263402   36.701951747  -39.375901699   -9.956764330
    0.475998887   -1.396263402   28.347173963  -46.623796470  -11.042336684
    0.666398442   -1.396263402   19.766678796  -41.208642255  -12.165379916
    0.856797996   -1.396263402   13.523562069  -22.420761585  -12.757985178
    1.047197551   -1.396263402   11.792047836    4.986735369  -12.402597340
    1.237597106   -1.396263402   15.426827961   32.380862640  -11.012473086
    1.427996661   -1.396263402   23.577108075   51.242687054   -8.848175407
    1.618396215   -1.396263402   34.096956302   56.958418846   -6.370888612
    1.808795770   -1.396263402   44.467592199   50.163846892   -4.014239069
    1.999195325   -1.396263402   52.675846102   35.101002131   -2.021849080
    2.189594880   -1.396263402   57.626037087   16.702866641   -0.411932772
    2.379994435   -1.396263402   59.058870647   -1.378218138    0.935275004
    2.570393989   -1.396263402   57.261629856  -16.939615535    2.142865625
    2.760793544   -1.396263402   52.868860449  -28.397152535    3.234834896
    2.951193099   -1.396263402   46.816612878  -34.162621480    4.106433598

   -3.141592654   -1.047197551   39.377430541  -35.487266611    3.948774499
   -2.951193099   -1.047197551   33.222705486  -28.314593320    3.308525945
   -2.760793544   -1.047197551   28.903819469  -16.675530195    1.907543219
   -2.570393989   -1.047197551   26.909111384   -4.557708261   -0.106620715
   -2.379994435   -1.047197551   26.943918134    4.095769197   -2.503084014
   -2.189594880   -1.047197551   28.106059241    7.133323046   -5.095766482
   -1.999195325   -1.047197551   29.329048610    5.031813189   -7.801762814
   -1.808795770   -1.047197551   29.864753652    0.481938603  -10.575013097
   -1.618396215   -1.047197551   29.579080459   -3.034709281  -13.270776104
   -1.427996661   -1.047197551   28.942887858   -2.895435148  -15.569690617
   -1.237597106   -1.047197551   28.748997552    1.547147137  -17.047503386
   -1.047197551   -1.047197551   29.707615869    8.817023362  -17.368661504
   -0.856797996   -1.047197551   32.104574236   16.049043347  -16.468711052
   -0.666398442   -1.047197551   35.625812274   20.065840085  -14.612568879
   -0.475998887   -1.047197551   39.393971269   18.338212855  -12.300600230
   -0.285599332   -1.047197551   42.171163724    9.589779377  -10.079853089
   -0.095199777   -1.047197551   42.645052478   -5.539855121   -8.365861337
    0.095199777   -1.047197551   39.846969040  -24.063479212   -7.328472072
    0.285599332   -1.047197551   33.612221426  -40.568991758   -6.874643626
    0.475998887   -1.047197551   24.951584704  -48.483773594   -6.715281395
    0.666398442   -1.047197551   16.035449193  -42.708126801   -6.494915619
    0.856797996   -1.047197551    9.617073154  -22.654658207   -5.952626589
    1.047197551   -1.047197551    8.001703060    6.449402332   -5.017940557
    1.237597106   -1.047197551   12.066748721   35.350233092   -3.814592182
    1.427996661   -1.047197551   20.875822090   55.052925100   -2.564029013
    1.618396215   -1.047197551   32.136449885   60.798134862   -1.461414902
    1.808795770   -1.047197551   43.188916414   53.403252095   -0.582460397
    1.999195325   -1.047197551   51.930413540   37.438674519    0.126773316
    2.189594880   -1.047197551   57.236108999   18.110866270    0.796377173
    2.379994435   -1.047197551   58.855454075   -0.811137448    1.545453503
    2.570393989   -1.047197551   57.091832312  -17.147773589    2.400666626
    2.760793544   -1.047197551   52.586357167  -29.374732952    3.251215737
    2.951193099   -1.047197551   46.275703765  -35.897791833    3.861729449

   -3.141592654   -0.698131701   39.717536549  -37.214739679    1.914566358
   -2.951193099   -0.698131701   33.115498681  -31.265319045    0.622370897
   -2.760793544   -0.698131701   28.136172438  -20.594280432   -1.434218850
   -2.570393989   -0.698131701   25.337659049   -9.005998728   -4.057032287
   -2.379994435   -0.698131701   24.506785773   -0.502692066   -6.977890056
   -2.189594880   -0.698131701   24.793679107    2.547675658   -9.989536537
   -1.999195325   -0.698131701   25.146815816    0.486618369  -12.977685592
   -1.808795770   -0.698131701   24.830747299   -3.868815744  -15.823888439
   -1.618396215   -0.698131701   23.771331969   -6.698659143  -18.272409014
   -1.427996661   -0.698131701   22.562799982   -5.106313098  -19.906321324
   -1.237597106   -0.698131701   22.144317064    1.484976714  -20.291861942
   -1.047197551   -0.698131701   23.317608664   11.115830883  -19.218716770
   -0.856797996   -0.698131701   26.345509040   20.254283488  -16.860453113
   -0.666398442   -0.698131701   30.773598305   25.201514758  -13.738257017
   -0.475998887   -0.698131701   35.519411316   23.295359198  -10.514365439
   -0.285599332   -0.698131701   39.153190179   13.522361123   -7.727755974
   -0.095199777   -0.698131701   40.246687489   -2.977739828   -5.603153985
    0.095199777   -0.698131701   37.816775292  -22.693585157   -4.020274504
    0.285599332   -0.698131701   31.771548617  -39.842946211   -2.636863306
    0.475998887   -0.698131701   23.239782289  -47.756369317   -1.103142118
    0.666398442   -0.698131701   14.501144459  -41.532131749    0.724546813
    0.856797996   -0.698131701    8.360753325  -20.944125411    2.673563372
    1.047197551   -0.698131701    7.104906522    8.438369611    4.338444424
    1.237597106   -0.698131701   11.543328073   37.206819843    5.308768331
    1.427996661   -0.698131701   20.666709806   56.457152694    5.399616843
    1.618396215   -0.698131701   32.143021637   61.665271158    4.745880564
    1.808795770   -0.698131701   43.320066605   53.882044387    3.716851090
    1.999195325   -0.698131701   52.136127827   37.788731216    2.731199180
    2.189594880   -0.698131701   57.514492345   18.551657736    2.092330026
    2.379994435   -0.698131701   59.233208133   -0.215169423    1.907955081
    2.570393989   -0.698131701   57.587133733  -16.553467557    2.087156946
    2.760793544   -0.698131701   53.167356617  -29.141364621    2.377184094
    2.951193099   -0.698131701   46.831564304  -36.472844521    2.432697610

   -3.141592654   -0.349065850   40.006810909  -39.244933355    0.368025058
   -2.951193099   -0.349065850   32.884083883  -34.678744514   -1.189844600
   -2.760793544   -0.349065850   27.138971778  -25.149342256   -3.424310484
   -2.570393989   -0.349065850   23.402068095  -14.221398401   -6.129977602
   -2.379994435   -0.349065850   21.553250406   -5.916704793   -9.049263914
   -2.189594880   -0.349065850   20.814766277   -2.772753106  -11.987842809
   -1.999195325   -0.349065850   20.180504355   -4.521857093  -14.816438660
   -1.808795770   -0.349065850   18.968569602   -8.181188254  -17.356838822
   -1.618396215   -0.349065850   17.206291527   -9.634193442  -19.270806345
   -1.427996661   -0.349065850   15.634248337   -5.864239852  -20.095136873
   -1.237597106   -0.349065850   15.323656576    3.408369426  -19.445039108
   -1.047197551   -0.349065850   17.110674434   15.539874382  -17.268129743
   -0.856797996   -0.349065850   21.150473388   26.262864447  -13.953829307
   -0.666398442   -0.349065850   26.769122821   31.480063507  -10.198172831
   -0.475998887   -0.349065850   32.640384578   28.679111610   -6.707031716
   -0.285599332   -0.349065850   37.164715435   17.459680845   -3.898474776
   -0.095199777   -0.349065850   38.881509834   -0.276410965   -1.742757091
    0.095199777   -0.349065850   36.908212216  -20.445312033    0.162324968
    0.285599332   -0.349065850   31.322338076  -37.136879690    2.334904143
    0.475998887   -0.349065850   23.395381375  -44.083475419    5.084459101
    0.666398442   -0.349065850   15.435919688  -37.136158836    8.269295479
    0.856797996   -0.349065850   10.132462349  -16.760935311   11.279831868
    1.047197551   -0.349065850    9.561632089   11.258982115   13.304658366
    1.237597106   -0.349065850   14.342538464   37.909887609   13.748734540
    1.427996661   -0.349065850   23.394230414   55.073740775   12.540259652
    1.618396215   -0.349065850   34.463564324   58.938279350   10.155516825
    1.808795770   -0.349065850   45.076088870   50.851450098    7.359959599
    1.999195325   -0.349065850   53.357590925   35.319185959    4.863396375
    2.189594880   -0.349065850   58.356915260   17.070923099    3.083311916
    2.379994435   -0.349065850   59.888305602   -0.742239636    2.092628180
    2.570393989   -0.349065850   58.202830863  -16.530264681    1.696851507
    2.760793544   -0.349065850   53.791230567  -29.193458134    1.540596903
    2.951193099   -0.349065850   47.385249639  -37.267773630    1.216084730

   -3.141592654    0.000000000   40.044644516  -41.318742077   -1.296511025
   -2.951193099    0.000000000   32.411927296  -37.924535529   -2.728784994
   -2.760793544    0.000000000   25.954047979  -29.314262898   -4.573362565
   -2.570393989    0.000000000   21.372870290  -18.844918105   -6.685532754
   -2.379994435    0.000000000   18.634646609  -10.579321650   -8.911271072
   -2.189594880    0.000000000   17.027098103   -7.201213922  -11.148194377
   -1.999195325    0.000000000   15.591328604   -8.458249796  -13.299022767
   -1.808795770    0.000000000   13.710745219  -11.167999004  -15.155188743
   -1.618396215    0.000000000   11.524578800  -10.972996934  -16.336341978
   -1.427996661    0.000000000    9.909871118   -4.887058413  -16.392603893
   -1.237597106    0.000000000   10.028249418    6.908331339  -15.039897305
   -1.047197551    0.000000000   12.686050402   21.029128830  -12.379851674
   -0.856797996    0.000000000   17.871411815   32.588908590   -8.930448463
   -0.666398442    0.000000000   24.669332944   37.353652027   -5.413027207
   -0.475998887    0.000000000   31.543348093   33.250631238   -2.424955425
   -0.285599332    0.000000000   36.804960511   20.691497145   -0.173538214
   -0.095199777    0.000000000   39.063224923    2.348603412    1.618175831
    0.095199777    0.000000000   37.619791082  -17.324296964    3.547286514
    0.285599332    0.000000000   32.749388686  -32.656397668    6.196531413
    0.475998887    0.000000000   25.817251170  -38.196195395    9.765868429
    0.666398442    0.000000000   19.042366218  -30.830589408   13.844769151
    0.856797996    0.000000000   14.849651522  -11.716427345   17.488521244
    1.047197551    0.000000000   14.990543671   13.469648740   19.617031024
    1.237597106    0.000000000   19.859314546   36.607597937   19.548058013
    1.427996661    0.000000000   28.362088658   50.795375367   17.329536459
    1.618396215    0.000000000   38.442826268   53.110620669   13.690279344
    1.808795770    0.000000000   47.927669876   45.081183040    9.655867020
    1.999195325    0.000000000   55.212048995   30.753625301    6.102937142
    2.189594880    0.000000000   59.496901819   14.145902001    3.491535466
    2.379994435    0.000000000   60.616853559   -2.209144807    1.849871898
    2.570393989    0.000000000   58.747051170  -17.115428625    0.920937321
    2.760793544    0.000000000   54.249301523  -29.640023186    0.323139265
    2.951193099    0.000000000   47.713863225  -38.286808642   -0.320895515

   -3.141592654    0.349065850   40.190132593  -42.410240793   -1.767830052
   -2.951193099    0.349065850   32.270390758  -39.832334236   -2.588549132
   -2.760793544    0.349065850   25.373017219  -31.984605996   -3.580099880
   -2.570393989    0.349065850   20.228458225  -22.048868821   -4.722982985
   -2.379994435    0.349065850   16.849431977  -14.069236920   -6.000764490
   -2.189594880    0.349065850   14.567857679  -10.750024627   -7.403928532
   -1.999195325    0.349065850   12.475169185  -11.737338121   -8.863957747
   -1.808795770    0.349065850   10.038758514  -13.611696297  -10.166075906
   -1.618396215    0.349065850    7.525598457  -11.839845562  -10.939973112
   -1.427996661    0.349065850    5.946129837   -3.587431862  -10.790222423
   -1.237597106    0.349065850    6.527596724   10.412957075   -9.512538494
   -1.047197551    0.349065850   10.014406805   26.056319791   -7.254361177
   -0.856797996    0.349065850   16.210495926   37.972925082   -4.491749425
   -0.666398442    0.349065850   23.975245499   41.983377939   -1.804270939
   -0.475998887    0.349065850   31.611506460   36.602411428    0.415032401
   -0.285599332    0.349065850   37.409780748   23.096486142    2.155451681
   -0.095199777    0.349065850   40.112929954    4.819943023    3.814163479
    0.095199777    0.349065850   39.243312344  -13.589924050    5.985914956
    0.285599332    0.349065850   35.267935319  -26.947073575    9.123910853
    0.475998887    0.349065850   29.594659487  -30.840976664   13.205400001
    0.666398442    0.349065850   24.267386054  -23.311858315   17.583066562
    0.856797996    0.349065850   21.355493103   -6.156682901   21.157340701
    1.047197551    0.349065850   22.219746165   15.278157140   22.834922690
    1.237597106    0.349065850   27.016214135   34.065310921   22.055771265
    1.427996661    0.349065850   34.677999932   44.756883206   19.053801514
    1.618396215    0.349065850   43.417658207   45.403910152   14.716706933
    1.808795770    0.349065850   51.432307283   37.633829369   10.143950160
    1.999195325    0.349065850   57.433348553   24.870767841    6.201460439
    2.189594880    0.349065850   60.789366592   10.280792279    3.291308254
    2.379994435    0.349065850   61.351683945   -4.277793571    1.389796823
    2.570393989    0.349065850   59.213864370  -17.975462255    0.234503761
    2.760793544    0.349065850   54.611804485  -29.990433041   -0.502540131
    2.951193099    0.349065850   48.005613685  -38.772928783   -1.104868797

   -3.141592654    0.698131701   40.726425438  -41.997694248   -2.718505524
   -2.951193099    0.698131701   32.843997029  -39.878623141   -2.923855839
   -2.760793544    0.698131701   25.874563662  -32.710062817   -2.975441759
   -2.570393989    0.698131701   20.520419848  -23.525995641   -2.987578196
   -2.379994435    0.698131701   16.792186731  -16.240921990   -3.105845828
   -2.189594880    0.698131701   14.045104119  -13.421128300   -3.446940180
   -1.999195325    0.698131701   11.425032989  -14.523667131   -4.019505353
   -1.808795770    0.698131701    8.492318404  -15.928114761   -4.676046798
   -1.618396215    0.698131701    5.635937005  -13.025267393   -5.142891287
   -1.427996661    0.698131701    3.978985503   -3.171613936   -5.133162275
   -1.237597106    0.698131701    4.798022245   12.443183430   -4.490045045
   -1.047197551    0.698131701    8.788951240   29.192903452   -3.273857848
   -0.856797996    0.698131701   15.623798499   41.407882814   -1.732869698
   -0.666398442    0.698131701   24.012154343   45.022758937   -0.153676506
   -0.475998887    0.698131701   32.168150455   39.039747228    1.319165937
   -0.285599332    0.698131701   38.402907147   25.364551601    2.796835730
   -0.095199777    0.698131701   41.589144015    7.786878398    4.640466921
    0.095199777    0.698131701   41.421085937   -9.078900854    7.275954372
    0.285599332    0.698131701   38.479064622  -20.636323551   10.915191803
    0.475998887    0.698131701   34.129753586  -23.452700336   15.295420630
    0.666398442    0.698131701   30.186978144  -16.485954448   19.612070636
    0.856797996    0.698131701   28.364566640   -1.856569737   22.752243703
    1.047197551    0.698131701   29.688447585   15.654849783   23.755724832
    1.237597106    0.698131701   34.158548734   30.348268134   22.273493913
    1.427996661    0.698131701   40.802510487   38.055429683   18.728761722
    1.618396215    0.698131701   48.125673614   37.546906850   14.095582314
    1.808795770    0.698131701   54.676453423   30.364211226    9.438554367
    1.999195325    0.698131701   59.441172817   19.269736135    5.512229809
    2.189594880    0.698131701   61.919800829    6.661194739    2.597168747
    2.379994435    0.698131701   61.966384137   -6.140985823    0.596809832
    2.570393989    0.698131701   59.604916353  -18.546082375   -0.745046886
    2.760793544    0.698131701   54.976780508  -29.774283155   -1.666946047
    2.951193099    0.698131701   48.447722375  -38.244796987   -2.307729708

   -3.141592654    1.047197551   39.159296707  -42.746385967   -6.526529032
   -2.951193099    1.047197551   31.207516347  -39.840810925   -6.762752414
   -2.760793544    1.047197551   24.310084411  -32.030830426   -6.353200754
   -2.570393989    1.047197551   19.119322701  -22.561815632   -5.483181688
   -2.379994435    1.047197551   15.566680785  -15.429598186   -4.465723979
   -2.189594880    1.047197551   12.932745705  -13.075262185   -3.602654009
   -1.999195325    1.047197551   10.329150838  -14.674756234   -3.058736780
   -1.808795770    1.047197551    7.339396112  -16.313563943   -2.819121453
   -1.618396215    1.047197551    4.420359182  -13.227028142   -2.739350040
   -1.427996661    1.047197551    2.773065321   -2.825908768   -2.638324219
   -1.237597106    1.047197551    3.723939812   13.477042983   -2.377038106
   -1.047197551    1.047197551    7.970480291   30.798257712   -1.888822466
   -0.856797996    1.047197551   15.145049660   43.321172842   -1.168652334
   -0.666398442    1.047197551   23.909804052   47.047508644   -0.222606032
   -0.475998887    1.047197551   32.464459540   41.237511448    0.989515325
   -0.285599332    1.047197551   39.163389485   28.132282850    2.596180418
   -0.095199777    1.047197551   42.976699817   11.701032317    4.801000216
    0.095199777    1.047197551   43.699007910   -3.610490444    7.763642390
    0.285599332    1.047197551   41.937733955  -13.801156862   11.424888521
    0.475998887    1.047197551   38.945644914  -16.270598339   15.358165934
    0.666398442    1.047197551   36.274026311  -10.618872851   18.786223760
    0.856797996    1.047197551   35.306502625    1.012832721   20.827730554
    1.047197551    1.047197551   36.809282024   14.602075768   20.865922565
    1.237597106    1.047197551   40.718100982   25.652795190   18.847994834
    1.427996661    1.047197551   46.220658067   31.042235104   15.312024484
    1.618396215    1.047197551   52.125590276   29.939750393   11.130785082
    1.808795770    1.047197551   57.286747073   23.552304652    7.121102155
    1.999195325    1.047197551   60.887348732   13.896761070    3.763123491
    2.189594880    1.047197551   62.480124091    2.677134147    1.132424677
    2.379994435    1.047197551   61.869002119   -9.141300217   -0.959859990
    2.570393989    1.047197551   58.997485640  -20.952321034   -2.747046422
    2.760793544    1.047197551   53.952686363  -31.745092204   -4.338855876
    2.951193099    1.047197551   47.094155044  -39.694510969   -5.662464113

   -3.141592654    1.396263402   35.266160010  -45.135888825  -11.007321605
   -2.951193099    1.396263402   27.040404308  -40.262766668  -11.616995672
   -2.760793544    1.396263402   20.255793216  -30.472883976  -11.089468717
   -2.570393989    1.396263402   15.508857484  -19.591137254   -9.606588232
   -2.379994435    1.396263402   12.586865275  -11.928196335   -7.585963327
   -2.189594880    1.396263402   10.603534929   -9.854355420   -5.485207188
   -1.999195325    1.396263402    8.545618110  -12.209998455   -3.631402948
   -1.808795770    1.396263402    5.942393731  -14.711060005   -2.170719357
   -1.618396215    1.396263402    3.256406657  -12.347237375   -1.121725667
   -1.427996661    1.396263402    1.727702753   -2.417765238   -0.442078972
   -1.237597106    1.396263402    2.734527067   13.702590695   -0.048126603
   -1.047197551    1.396263402    7.031852341   31.150443329    0.200267028
   -0.856797996    1.396263402   14.310465920   44.103856709    0.490914485
   -0.666398442    1.396263402   23.288556878   48.539796281    1.022701230
   -0.475998887    1.396263402   32.215156624   43.684410439    1.961583589
   -0.285599332    1.396263402   39.486510494   31.723250642    3.427378198
   -0.095199777    1.396263402   44.098557716   16.487806374    5.484608929
    0.095199777    1.396263402   45.830630807    2.133856852    8.089129863
    0.285599332    1.396263402   45.203683224   -7.786498667   11.005860340
    0.475998887    1.396263402   43.297096182  -11.094405552   13.761944596
    0.666398442    1.396263402   41.432993960   -7.498457791   15.726301972
    0.856797996    1.396263402   40.791594450    1.237535828   16.342649119
    1.047197551    1.396263402   42.050105826   11.877747265   15.379696493
    1.237597106    1.396263402   45.215930078   20.754489581   13.058401165
    1.427996661    1.396263402   49.676023958   25.206402177    9.951610186
    1.618396215    1.396263402   54.474716427   24.307240108    6.721936162
    1.808795770    1.396263402   58.636663038   18.737480573    3.836873284
    1.999195325    1.396263402   61.401136103    9.879211805    1.433014391
    2.189594880    1.396263402   62.271085220   -0.990309779   -0.647692478
    2.379994435    1.396263402   60.952928370  -12.969658297   -2.686467888
    2.570393989    1.396263402   57.315800967  -25.165109196   -4.885499084
    2.760793544    1.396263402   51.448124054  -36.085766904   -7.221605568
    2.951193099    1.396263402   43.801885615  -43.474351694   -9.409964302

   -3.141592654    1.745329252   30.124149704  -48.364547556  -14.437586830
   -2.951193099    1.745329252   21.522759030  -40.892988289  -15.538525436
   -2.760793544    1.745329252   14.878503150  -28.429674417  -15.132662007
   -2.570393989    1.745329252   10.724390650  -15.574826039  -13.316630496
   -2.379994435    1.745329252    8.667194899   -7.053550916  -10.510813598
   -2.189594880    1.745329252    7.608684621   -5.161464705   -7.242903213
   -1.999195325    1.745329252    6.370560324   -8.368524505   -3.952047532
   -1.808795770    1.745329252    4.392505952  -12.008982696   -0.930279156
   -1.618396215    1.745329252    2.108952339  -10.811644237    1.621304435
   -1.427996661    1.745329252    0.773977351   -1.875573267    3.540143356
   -1.237597106    1.745329252    1.818856323   13.640669868    4.728806812
   -1.047197551    1.745329252    6.092848474   31.066684874    5.231300232
   -0.856797996    1.745329252   13.403731628   44.610933640    5.259768723
   -0.666398442    1.745329252   22.572398111   50.068901079    5.136108255
   -0.475998887    1.745329252   31.900618896   46.361967041    5.181692823
   -0.285599332    1.745329252   39.779722413   35.381254912    5.628044004
   -0.095199777    1.745329252   45.152352704   20.737829501    6.559295346
    0.095199777    1.745329252   47.706509890    6.405334895    7.876929196
    0.285599332    1.745329252   47.837956722   -4.226430731    9.292475613
    0.475998887    1.745329252   46.479576682   -9.021742981   10.379065436
    0.666398442    1.745329252   44.821965548   -7.452660488   10.706093606
    0.856797996    1.745329252   43.988384134   -0.772602077   10.036543547
    1.047197551    1.745329252   44.709393562    8.383299045    8.448036111
    1.237597106    1.745329252   47.142643736   16.716126571    6.306734417
    1.427996661    1.745329252   50.854738634   21.504654985    4.087684262
    1.618396215    1.745329252   55.020275007   21.382485151    2.157494525
    1.808795770    1.745329252   58.692773616   16.458425701    0.618292735
    1.999195325    1.745329252   61.042589182    7.688389239   -0.694806882
    2.189594880    1.745329252   61.448663855   -3.778980883   -2.108201107
    2.379994435    1.745329252   59.500271562  -16.849548772   -3.944742454
    2.570393989    1.745329252   55.013829496  -30.160506043   -6.362833746
    2.760793544    1.745329252   48.129424748  -41.618237246   -9.238393029
    2.951193099    1.745329252   39.460896677  -48.462729715  -12.139792866

   -3.141592654    2.094395102   24.539436652  -52.503978020  -13.915364767
   -2.951193099    2.094395102   15.391080473  -42.376462870  -14.839299612
   -2.760793544    2.094395102    8.753345137  -26.890996370  -14.216618421
   -2.570393989    2.094395102    5.151690119  -11.436912690  -12.121608295
   -2.379994435    2.094395102    4.058192994   -1.240204465   -8.943992521
   -2.189594880    2.094395102    4.186507887    1.340753198   -5.176156015
   -1.999195325    2.094395102    4.188600752   -1.950973614   -1.237299023
   -1.808795770    2.094395102    3.379649280   -6.225963341    2.553338902
   -1.618396215    2.094395102    2.102129519   -6.093040348    5.897366006
   -1.427996661    2.094395102    1.538008679    1.463348201    8.473417881
   -1.237597106    2.094395102    3.078600476   15.520773187   10.010725301
   -1.047197551    2.094395102    7.590165314   31.748670683   10.433117503
   -0.856797996    2.094395102   14.958477308   44.623322015    9.936112681
   -0.666398442    2.094395102   24.114456272   49.998344274    8.925297849
   -0.475998887    2.094395102   33.457791475   46.629741826    7.852548154
   -0.285599332    2.094395102   41.433172133   36.117168466    7.052489380
   -0.095199777    2.094395102   46.978321184   21.756328749    6.636393499
    0.095199777    2.094395102   49.719791831    7.259078041    6.475620899
    0.285599332    2.094395102   49.952614379   -4.114296173    6.264682658
    0.475998887    2.094395102   48.505782864  -10.125002438    5.657420038
    0.666398442    2.094395102   46.511070224   -9.858421462    4.439407177
    0.856797996    2.094395102   45.123746993   -4.060986458    2.675757438
    1.047197551    2.094395102   45.195226332    5.003524016    0.708225505
    1.237597106    2.094395102   47.041492064   14.040018967   -1.002490942
    1.427996661    2.094395102   50.347798897   19.945123764   -2.114522319
    1.618396215    2.094395102   54.314707517   20.788303982   -2.567156844
    1.808795770    2.094395102   57.919083281   16.212488233   -2.602224740
    1.999195325    2.094395102   60.190998130    6.980145806   -2.642010862
    2.189594880    2.094395102   60.358599519   -5.675891616   -3.122977321
    2.379994435    2.094395102   57.898685048  -20.358720910   -4.349906283
    2.570393989    2.094395102   52.590776710  -35.221597677   -6.396271819
    2.760793544    2.094395102   44.640929305  -47.589599656   -9.040857490
    2.951193099    2.094395102   34.836713117  -54.193250544  -11.774509726

   -3.141592654    2.443460953   20.143051725  -55.368222453   -9.114290663
   -2.951193099    2.443460953   10.663101694  -42.899759048   -9.363946042
   -2.760793544    2.443460953    4.177554491  -24.785232289   -8.400095910
   -2.570393989    2.443460953    1.204033785   -7.044340262   -6.269277917
   -2.379994435    2.443460953    1.109586585    4.733790769   -3.235459719
   -2.189594880    2.443460953    2.467456165    8.171358142    0.377358175
   -1.999195325    2.443460953    3.803395109    5.137159178    4.287960731
   -1.808795770    2.443460953    4.324401588    0.555273436    8.228397304
   -1.618396215    2.443460953    4.257340173   -0.278947573   11.845689220
   -1.427996661    2.443460953    4.652259781    5.615124549   14.676985576
   -1.237597106    2.443460953    6.784602504   17.541357020   16.272171692
   -1.047197551    2.443460953   11.475369353   31.657862977   16.402034785
   -0.856797996    2.443460953   18.665168431   42.953515442   15.192918880
   -0.666398442    2.443460953   27.418364703   47.565435346   13.083441174
   -0.475998887    2.443460953   36.287832639   44.182148011   10.631059096
   -0.285599332    2.443460953   43.831679400   34.062165996    8.283743959
   -0.095199777    2.443460953   49.024518125   20.070670368    6.222973341
    0.095199777    2.443460953   51.453118741    5.575644441    4.350435183
    0.285599332    2.443460953   51.326745146   -6.280431910    2.409530847
    0.475998887    2.443460953   49.394938500  -13.076864448    0.187194126
    0.666398442    2.443460953   46.769726390  -13.459382104   -2.301625878
    0.856797996    2.443460953   44.678462408   -7.708892558   -4.737879035
    1.047197551    2.443460953   44.114641449    2.126420415   -6.622766971
    1.237597106    2.443460953   45.539163227   12.559443703   -7.527981613
    1.427996661    2.443460953   48.709312892   19.966822023   -7.331602926
    1.618396215    2.443460953   52.789200079   21.839498940   -6.285528941
    1.808795770    2.443460953   56.626226596   17.456188005   -4.899837482
    1.999195325    2.443460953   59.082995081    7.544850615   -3.729519648
    2.189594880    2.443460953   59.239196902   -6.439750550   -3.194279607
    2.379994435    2.443460953   56.481272275  -22.735182310   -3.491873111
    2.570393989    2.443460953   50.577125118  -39.037237417   -4.584297665
    2.760793544    2.443460953   41.812483821  -52.183123236   -6.206002796
    2.951193099    2.443460953   31.141111198  -58.508560232   -7.900483384

   -3.141592654    2.792526803   18.129066033  -56.241953155    0.664228498
   -2.951193099    2.792526803    8.616442485  -42.318590553    1.878244874
   -2.760793544    2.792526803    2.399761263  -22.547773495    3.511439592
   -2.570393989    2.792526803    0.000000000   -3.303371362    5.472017367
   -2.379994435    2.792526803    0.734007117    9.632416132    7.686477363
   -2.189594880    2.792526803    3.105927155   13.867440960   10.158632796
   -1.999195325    2.792526803    5.575370644   11.285577872   12.921442459
   -1.808795770    2.792526803    7.275565391    6.698544724   15.890335499
   -1.618396215    2.792526803    8.324571269    5.166117223   18.731885231
   -1.427996661    2.792526803    9.622085206    9.508723069   20.882642738
   -1.237597106    2.792526803   12.287833698   19.163590339   21.753035600
   -1.047197551    2.792526803   17.046787150   30.763275929   21.011977422
   -0.856797996    2.792526803   23.851316669   39.903815339   18.764443172
   -0.666398442    2.792526803   31.881282085   43.161357557   15.503873926
   -0.475998887    2.792526803   39.853278921   39.284496018   11.876839867
   -0.285599332    2.792526803   46.465159596   29.225064654    8.399580453
   -0.095199777    2.792526803   50.754332490   15.397711031    5.272877508
    0.095199777    2.792526803   52.292266377    0.844362566    2.387339753
    0.285599332    2.792526803   51.239684493  -11.296359440   -0.502735074
    0.475998887    2.792526803   48.330626034  -18.269963845   -3.534608230
    0.666398442    2.792526803   44.742382251  -18.241123401   -6.557146291
    0.856797996    2.792526803   41.848078255  -11.196450381   -9.119202678
    1.047197551    2.792526803   40.805352270    0.690496493  -10.671357458
    1.237597106    2.792526803   42.173538815   13.391009046  -10.864598570
    1.427996661    2.792526803   45.684961003   22.595977795   -9.751668687
    1.618396215    2.792526803   50.362360351   25.313233216   -7.770452892
    1.808795770    2.792526803   54.857076479   20.733053098   -5.531326611
    1.999195325    2.792526803   57.854387919    9.847805961   -3.561333435
    2.189594880    2.792526803   58.323388552   -5.484832537   -2.141427516
    2.379994435    2.792526803   55.616092431  -23.130794577   -1.290594838
    2.570393989    2.792526803   49.529623881  -40.485977572   -0.842501549
    2.760793544    2.792526803   40.429823898  -54.150199663   -0.538041190
    2.951193099    2.792526803   29.389858307  -60.292514276   -0.107349231
