#! FIELDS phi psi file.free der_phi der_psi
#! SET min_phi -pi
#! SET max_phi pi
#! SET nbins_phi  33
#! SET periodic_phi true
#! SET min_psi -pi
#! SET max_psi pi
#! SET nbins_psi  18
#! SET periodic_psi true
   -3.141592654   -3.141592654   18.037395895  -54.705194094   17.436781095
   -2.951193099   -3.141592654    9.400948306  -35.322952858   19.940447917
   -2.760793544   -3.141592654    4.739491973  -13.955992731   21.408080248
   -2.570393989   -3.141592654    3.851594267    3.510257242   22.055284534
   -2.379994435   -3.141592654    5.590822804   13.297541556   22.378342199
   -2.189594880   -3.141592654    8.412143007   15.160711069   22.995292705
   -1.999195325   -3.141592654   11.053952314   12.121348682   24.404265608
   -1.808795770   -3.141592654   13.020431909    8.871036139   26.756210505
   -1.618396215   -3.141592654   14.690716287    9.540762733   29.729664775
   -1.427996661   -3.141592654   17.031396276   15.972653531   32.606138553
   -1.237597106   -3.141592654   21.084584271   27.102855807   34.517153184
   -1.047197551   -3.141592654   27.453153487   39.583196980   34.757833793
   -0.856797996   -3.141592654   35.992314067   49.189659458   33.010292748
   -0.666398442   -3.141592654   45.795407942   52.329726324   29.370870429
   -0.475998887   -3.141592654   55.409286577   47.035785242   24.225681375
   -0.285599332   -3.141592654   63.193716176   33.307775702   18.071323159
   -0.095199777   -3.141592654   67.694007984   13.023972139   11.382435101
    0.095199777   -3.141592654   67.984775916  -10.171962089    4.588826678
    0.285599332   -3.141592654   63.976843849  -31.179226862   -1.881719511
    0.475998887   -3.141592654   56.630603312  -44.353966601   -7.552701828
    0.666398442   -3.141592654   47.902061026  -45.118373761  -11.922239164
    0.856797996   -3.141592654   40.345532443  -32.226331224  -14.574124785
    1.047197551   -3.141592654   36.320831562   -8.930864173  -15.346772029
    1.237597106   -3.141592654   37.157423842   17.415469624  -14.442561512
    1.427996661   -3.141592654   42.597822764   38.054431805  -12.366515595
    1.618396215   -3.141592654   50.859036059   46.255264753   -9.711090112
    1.808795770   -3.141592654   59.265888210   39.616515045   -6.903638256
    1.999195325   -3.141592654   65.144176388   20.395609679   -4.075563737
    2.189594880   -3.141592654   66.577133027   -6.013564277   -1.099692020
    2.379994435   -3.141592654   62.812719917  -33.103190795    2.228505310
    2.570393989   -3.141592654   54.316611566  -54.820453841    5.993247558
    2.760793544   -3.141592654   42.571246582  -66.661406505   10.046350138
    2.951193099   -3.141592654   29.716437245  -66.393915379   14.015480590

   -3.141592654   -2.792526803   25.844431489  -49.996138031   25.773241877
   -2.951193099   -2.792526803   17.878219702  -33.026701359   28.037779653
   -2.760793544   -2.792526803   13.438082020  -13.827026174   28.946663159
   -2.570393989   -2.792526803   12.437340575    2.395519008   28.874763026
   -2.379994435   -2.792526803   13.950532685   12.271172671   28.487762190
   -2.189594880   -2.792526803   16.689840682   15.506971423   28.506614640
   -1.999195325   -2.792526803   19.594595439   14.602371883   29.419232971
   -1.808795770   -2.792526803   22.236561377   13.390295887   31.270162163
   -1.618396215   -2.792526803   24.886734262   15.080328032   33.590402279
   -1.427996661   -2.792526803   28.248104177   20.848650862   35.536747979
   -1.237597106   -2.792526803   33.017812920   29.478010064   36.177329104
   -1.047197551   -2.792526803   39.481402246   38.048858755   34.823253405
   -0.856797996   -2.792526803   47.303511559   43.190340669   31.256513367
   -0.666398442   -2.792526803   55.563093418   42.266622785   25.754203368
   -0.475998887   -2.792526803   62.959971624   34.062053676   18.944172705
   -0.285599332   -2.792526803   68.116888691   18.956780986   11.578733115
   -0.095199777   -2.792526803   69.878645555   -1.135581311    4.335190486
    0.095199777   -2.792526803   67.601703446  -22.774058143   -2.251401258
    0.285599332   -2.792526803   61.429918821  -41.147332954   -7.772845101
    0.475998887   -2.792526803   52.497563908  -50.947853546  -11.895277074
    0.666398442   -2.792526803   42.864780553  -48.001274919  -14.358416298
    0.856797996   -2.792526803   35.101552924  -31.575731668  -15.051205509
    1.047197551   -2.792526803   31.480500634   -5.487065465  -14.104583875
    1.237597106   -2.792526803   33.149616565   22.531178764  -11.918493662
    1.427996661   -2.792526803   39.630975537   43.723416187   -9.032766125
    1.618396215   -2.792526803   48.961748891   51.764272399   -5.913037594
    1.808795770   -2.792526803   58.388919280   44.861515161   -2.766989866
    1.999195325   -2.792526803   65.269285106   25.768357570    0.480620511
    2.189594880   -2.792526803   67.780697890    0.017767550    4.070482830
    2.379994435   -2.792526803   65.253931088  -26.133015692    8.199017725
    2.570393989   -2.792526803   58.162285897  -47.125645229   12.840725188
    2.760793544   -2.792526803   47.897389859  -58.972568908   17.684079354
    2.951193099   -2.792526803   36.427095948  -59.729976195   22.188972831

   -3.141592654   -2.443460953   34.471148392  -44.946963869   23.233743908
   -2.951193099   -2.443460953   27.250994423  -30.264439227   25.064422683
   -2.760793544   -2.443460953   23.131984544  -13.122283588   25.731972272
   -2.570393989   -2.443460953   22.131374273    1.868041658   25.554546941
   -2.379994435   -2.443460953   23.516705461   11.649110783   25.062264957
   -2.189594880   -2.443460953   26.211322106   15.787793195   24.795355790
   -1.999195325   -2.443460953   29.295055935   16.211930664   25.071994998
   -1.808795770   -2.443460953   32.344875624   15.930459126   25.844639122
   -1.618396215   -2.443460953   35.479480999   17.392130542   26.675085159
   -1.427996661   -2.443460953   39.136047614   21.380243447   26.877961750
   -1.237597106   -2.443460953   43.722388706   26.846029264   25.760767027
   -1.047197551   -2.443460953   49.319996413   31.562679909   22.890096497
   -0.856797996   -2.443460953   55.553282228   33.121690850   18.264169963
   -0.666398442   -2.443460953   61.638349288   29.745322148   12.311367513
   -0.475998887   -2.443460953   66.541445984   20.684750346    5.741605131
   -0.285599332   -2.443460953   69.195895560    6.293648473   -0.678334291
   -0.095199777   -2.443460953   68.713811192  -11.874628500   -6.340685804
    0.095199777   -2.443460953   64.634251881  -30.884004332  -10.868051264
    0.285599332   -2.443460953   57.192781692  -46.348618847  -14.097041553
    0.475998887   -2.443460953   47.547017126  -53.250127398  -15.992217845
    0.666398442   -2.443460953   37.735444464  -47.622495962  -16.577056851
    0.856797996   -2.443460953   30.265747293  -28.946278013  -15.938043056
    1.047197551   -2.443460953   27.306865092   -1.272341391  -14.252800847
    1.237597106   -2.443460953   29.866265284   27.553499670  -11.811290193
    1.427996661   -2.443460953   37.326142128   48.900746364   -8.945533536
    1.618396215   -2.443460953   47.630152628   56.804354593   -5.915332879
    1.808795770   -2.443460953   58.012602272   49.906079119   -2.810651858
    1.999195325   -2.443460953   65.887354529   31.245703269    0.438402776
    2.189594880   -2.443460953   69.518479575    6.349117515    3.979270834
    2.379994435   -2.443460953   68.293679251  -18.811489088    7.903049579
    2.570393989   -2.443460953   62.670267692  -39.122074451   12.132433320
    2.760793544   -2.443460953   53.939204423  -51.026006097   16.390968502
    2.951193099   -2.443460953   43.901310383  -52.803326177   20.242295377

   -3.141592654   -2.094395102   40.760076341  -41.282979617   13.451624067
   -2.951193099   -2.094395102   34.086834589  -28.194748038   14.626299655
   -2.760793544   -2.094395102   30.221097786  -12.467032693   15.168827843
   -2.570393989   -2.094395102   29.251232648    1.645433050   15.226249678
   -2.379994435   -2.094395102   30.564646170   11.224233180   15.014435038
   -2.189594880   -2.094395102   33.201220961   15.651510325   14.716286486
   -1.999195325   -2.094395102   36.293382355   16.401826778   14.376911665
   -1.808795770   -2.094395102   39.372987283   15.927869720   13.865395065
   -1.618396215   -2.094395102   42.416138904   16.263820649   12.900639815
   -1.427996661   -2.094395102   45.668592332   18.114400365   11.163954810
   -1.237597106   -2.094395102   49.371425250   20.779847997    8.433903647
   -1.047197551   -2.094395102   53.541593596   22.719765510    4.706581192
   -0.856797996   -2.094395102   57.885138167   22.314119411    0.240923593
   -0.666398442   -2.094395102   61.832361915   18.357737164   -4.501214292
   -0.475998887   -2.094395102   64.632694994   10.237413922   -8.982505927
   -0.285599332   -2.094395102   65.484144685   -2.046152584  -12.737939843
   -0.095199777   -2.094395102   63.663606002  -17.552716496  -15.516409956
    0.095199777   -2.094395102   58.753733539  -33.974740677  -17.294769248
    0.285599332   -2.094395102   50.935462543  -47.298665892  -18.224146739
    0.475998887   -2.094395102   41.270866679  -52.562581841  -18.501368109
    0.666398442   -2.094395102   31.715799055  -45.654701773  -18.246290077
    0.856797996   -2.094395102   24.725377815  -25.894889780  -17.470580766
    1.047197551   -2.094395102   22.436341319    2.688991868  -16.119243274
    1.237597106   -2.094395102   25.817578443   32.184096660  -14.170717073
    1.427996661   -2.094395102   34.200771299   53.919820293  -11.693371368
    1.618396215   -2.094395102   45.479207733   61.992724480   -8.837639275
    1.808795770   -2.094395102   56.860170374   55.196718390   -5.770749694
    1.999195325   -2.094395102   65.758299628   36.715099047   -2.632659818
    2.189594880   -2.094395102   70.458028304   12.110937845    0.494983708
    2.379994435   -2.094395102   70.362158556  -12.739866895    3.565301787
    2.570393989   -2.094395102   65.912141752  -32.925658334    6.520099303
    2.760793544   -2.094395102   58.341448678  -45.127890067    9.259472296
    2.951193099   -2.094395102   49.354263699  -47.767376241   11.625695588

   -3.141592654   -1.745329252   43.459221675  -38.918193109    4.806084713
   -2.951193099   -1.745329252   37.164165673  -26.619223537    5.419014229
   -2.760793544   -1.745329252   33.514048020  -11.784957135    5.772876385
   -2.570393989   -1.745329252   32.590708520    1.465235351    5.848272308
   -2.379994435   -1.745329252   33.795945621   10.282159850    5.603920840
   -2.189594880   -1.745329252   36.184120718   13.972723807    4.960269608
   -1.999195325   -1.745329252   38.874905221   13.825274155    3.795746055
   -1.808795770   -1.745329252   41.352487309   12.122032681    1.983754426
   -1.618396215   -1.745329252   43.526682566   10.903714168   -0.551028814
   -1.427996661   -1.745329252   45.601576135   11.125124153   -3.762061424
   -1.237597106   -1.745329252   47.843162839   12.524741458   -7.446890946
   -1.047197551   -1.745329252   50.381893851   14.014699014  -11.260368817
   -0.856797996   -1.745329252   53.111501470   14.261020366  -14.779523365
   -0.666398442   -1.745329252   55.675615249   12.044823767  -17.604988066
   -0.475998887   -1.745329252   57.503238853    6.430241227  -19.454802588
   -0.285599332   -1.745329252   57.888965419   -3.146985001  -20.226528936
   -0.095199777   -1.745329252   56.089149856  -16.343597969  -20.048009853
    0.095199777   -1.745329252   51.562513163  -31.323511320  -19.232108258
    0.285599332   -1.745329252   44.304597196  -44.223473963  -18.188583608
    0.475998887   -1.745329252   35.199032639  -49.852987578  -17.269562926
    0.666398442   -1.745329252   26.097583424  -43.599034687  -16.620430481
    0.856797996   -1.745329252   19.453065844  -24.237859915  -16.134143580
    1.047197551   -1.745329252   17.485325198    4.508868464  -15.511717484
    1.237597106   -1.745329252   21.272791492   34.692267071  -14.435817308
    1.427996661   -1.745329252   30.222287969   57.356060319  -12.729229364
    1.618396215   -1.745329252   42.236449490   66.227711278  -10.435143342
    1.808795770   -1.745329252   54.472784568   59.858730093   -7.774199968
    1.999195325   -1.745329252   64.266913346   41.390563295   -5.052009884
    2.189594880   -1.745329252   69.834537630   16.511593117   -2.532516218
    2.379994435   -1.745329252   70.542272041   -8.713513803   -0.369803926
    2.570393989   -1.745329252   66.825562962  -29.243737039    1.398612909
    2.760793544   -1.745329252   59.925719433  -41.767578686    2.816060463
    2.951193099   -1.745329252   51.542361642  -44.808455582    3.939634770

   -3.141592654   -1.396263402   41.743938831  -38.790290949    2.647465959
   -2.951193099   -1.396263402   35.503892215  -26.178987784    2.542873157
   -2.760793544   -1.396263402   31.956284158  -11.203425280    2.276552707
   -2.570393989   -1.396263402   31.126918825    1.784177102    1.786036460
   -2.379994435   -1.396263402   32.326074642    9.799706639    0.916582495
   -2.189594880   -1.396263402   34.501915097   12.135225554   -0.553685895
   -1.999195325   -1.396263402   36.678054854   10.207905879   -2.834033948
   -1.808795770   -1.396263402   38.283405431    6.589647680   -6.004174576
   -1.618396215   -1.396263402   39.242383298    3.765511414   -9.914616378
   -1.427996661   -1.396263402   39.866289159    3.192763031  -14.162266513
   -1.237597106   -1.396263402   40.615568880    4.999433532  -18.175715861
   -1.047197551   -1.396263402   41.863367500    8.185608670  -21.377283558
   -0.856797996   -1.396263402   43.728633055   11.134871044  -23.342449337
   -0.666398442   -1.396263402   45.995242736   12.054406601  -23.896341177
   -0.475998887   -1.396263402   48.109455199    9.342161126  -23.120943497
   -0.285599332   -1.396263402   49.263804761    1.834855666  -21.299979611
   -0.095199777   -1.396263402   48.515669510  -10.495612304  -18.869507867
    0.095199777   -1.396263402   45.079379530  -25.932691253  -16.328727192
    0.285599332   -1.396263402   38.713081525  -40.401052000  -14.139604714
    0.475998887   -1.396263402   30.134539021  -48.172066752  -12.601522873
    0.666398442   -1.396263402   21.157518438  -43.881592210  -11.745684448
    0.856797996   -1.396263402   14.339712370  -25.584708141  -11.342694020
    1.047197551   -1.396263402   12.114674697    3.356559723  -10.998848242
    1.237597106   -1.396263402   15.793603871   34.834886943  -10.331862393
    1.427996661   -1.396263402   24.941740531   59.302646157   -9.119321174
    1.618396215   -1.396263402   37.485749383   69.740379250   -7.363895118
    1.808795770   -1.396263402   50.480442192   64.135545787   -5.254752929
    1.999195325   -1.396263402   61.084529107   45.458771479   -3.080164208
    2.189594880   -1.396263402   67.344205332   19.615568700   -1.114508077
    2.379994435   -1.396263402   68.524073881   -6.874242924    0.457324020
    2.570393989   -1.396263402   65.046887812  -28.508911719    1.565706606
    2.760793544   -1.396263402   58.215986683  -41.689007897    2.241475510
    2.951193099   -1.396263402   49.825335215  -44.882742151    2.570218357

   -3.141592654   -1.047197551   38.867433399  -41.130141294    4.804027664
   -2.951193099   -1.047197551   32.238213221  -27.883347785    3.717364560
   -2.760793544   -1.047197551   28.436204445  -12.201882148    2.343240340
   -2.570393989   -1.047197551   27.456856822    1.104159600    0.725296915
   -2.379994435   -1.047197551   28.499042185    8.681750542   -1.204469603
   -2.189594880   -1.047197551   30.352817655    9.741465602   -3.621632472
   -1.999195325   -1.047197551   31.904611354    5.999112808   -6.716502125
   -1.808795770   -1.047197551   32.536727519    0.655169211  -10.534949534
   -1.618396215   -1.047197551   32.261910054   -3.066786515  -14.831457196
   -1.427996661   -1.047197551   31.605869541   -3.168758522  -19.043692790
   -1.237597106   -1.047197551   31.306853429    0.572697470  -22.434003177
   -1.047197551   -1.047197551   31.984751179    6.748285518  -24.348785478
   -0.856797996   -1.047197551   33.893123500   13.008178341  -24.455631430
   -0.666398442   -1.047197551   36.801790732   16.783895103  -22.846419664
   -0.475998887   -1.047197551   40.010390446   15.900858048  -19.970474965
   -0.285599332   -1.047197551   42.484930330    8.913344526  -16.459033405
   -0.095199777   -1.047197551   43.030143284   -4.190306762  -12.943009548
    0.095199777   -1.047197551   40.636134413  -21.426079923   -9.900082682
    0.285599332   -1.047197551   34.910141091  -38.221568132   -7.573815776
    0.475998887   -1.047197551   26.529452061  -48.196820403   -5.965164691
    0.666398442   -1.047197551   17.393954515  -45.362218955   -4.886693736
    0.856797996   -1.047197551   10.246285926  -27.381348609   -4.086467094
    1.047197551   -1.047197551    7.742141666    2.370686454   -3.342521220
    1.237597106   -1.047197551   11.373550339   35.379739113   -2.515954551
    1.427996661   -1.047197551   20.785891280   61.484775697   -1.541467072
    1.618396215   -1.047197551   33.867738029   73.082428401   -0.403380132
    1.808795770   -1.047197551   47.545618399   67.807949713    0.879161586
    1.999195325   -1.047197551   58.810081826   48.581649442    2.237951133
    2.189594880   -1.047197551   65.556203494   21.516669934    3.552064416
    2.379994435   -1.047197551   66.954202594   -6.501780781    4.666002509
    2.570393989   -1.047197551   63.406068566  -29.580230069    5.425880244
    2.760793544   -1.047197551   56.263940678  -43.793221445    5.718386634
    2.951193099   -1.047197551   47.421475722  -47.415985353    5.500880653

   -3.141592654   -0.698131701   39.046585587  -44.545191818    4.783100901
   -2.951193099   -0.698131701   31.716814161  -31.754887696    2.438056474
   -2.760793544   -0.698131701   27.162036761  -16.194043382   -0.148164851
   -2.570393989   -0.698131701   25.420467357   -2.922842838   -2.818191461
   -2.379994435   -0.698131701   25.676447887    4.387327644   -5.570161956
   -2.189594880   -0.698131701   26.654380262    4.767556485   -8.552104955
   -1.999195325   -0.698131701   27.170985743    0.090569478  -11.923390738
   -1.808795770   -0.698131701   26.604573502   -5.920873995  -15.650133604
   -1.618396215   -0.698131701   25.083704352   -9.369950222  -19.350462308
   -1.427996661   -0.698131701   23.361844783   -7.815737020  -22.333420045
   -1.237597106   -0.698131701   22.441529158   -1.131778664  -23.843394320
   -1.047197551   -0.698131701   23.131259233    8.606680258  -23.399755158
   -0.856797996   -0.698131701   25.714325108   18.106159979  -21.030362628
   -0.666398442   -0.698131701   29.816789222   23.986704586  -17.270502265
   -0.475998887   -0.698131701   34.477067773   23.682471042  -12.943402044
   -0.285599332   -0.698131701   38.372089835   15.840780822   -8.853890394
   -0.095199777   -0.698131701   40.073731102    0.918951374   -5.525777934
    0.095199777   -0.698131701   38.450174019  -18.436801377   -3.083374856
    0.285599332   -0.698131701   33.114858068  -37.008217631   -1.293643132
    0.475998887   -0.698131701   24.856508759  -47.975686503    0.248867161
    0.666398442   -0.698131701   15.739104956  -45.271495003    1.883360899
    0.856797996   -0.698131701    8.650772421  -26.796108370    3.684010093
    1.047197551   -0.698131701    6.327785499    3.676219842    5.450754536
    1.237597106   -0.698131701   10.270183270   37.291404031    6.876272717
    1.427996661   -0.698131701   20.085130649   63.749085950    7.766463221
    1.618396215   -0.698131701   33.612911945   75.463850903    8.162704886
    1.808795770   -0.698131701   47.741654459   70.133182211    8.287992734
    1.999195325   -0.698131701   59.430092875   50.676092697    8.380920983
    2.189594880   -0.698131701   66.534406496   23.140843596    8.537973864
    2.379994435   -0.698131701   68.173124208   -5.646403654    8.666158923
    2.570393989   -0.698131701   64.691166442  -29.779443337    8.541392025
    2.760793544   -0.698131701   57.396754498  -45.200168348    7.921490391
    2.951193099   -0.698131701   48.174659218  -49.969359331    6.664781170

   -3.141592654   -0.349065850   40.368586725  -49.521007326    3.639086238
   -2.951193099   -0.349065850   32.019827020  -37.378118697    0.437759582
   -2.760793544   -0.349065850   26.372803746  -21.964418489   -2.865168718
   -2.570393989   -0.349065850   23.542038687   -8.575061726   -6.031341111
   -2.379994435   -0.349065850   22.729380766   -1.222116559   -9.006717597
   -2.189594880   -0.349065850   22.622641915   -1.053395625  -11.912959054
   -1.999195325   -0.349065850   22.002705543   -5.996269588  -14.881182004
   -1.808795770   -0.349065850   20.286605228  -11.764268268  -17.823907553
   -1.618396215   -0.349065850   17.762416846  -13.832071984  -20.292590490
   -1.427996661   -0.349065850   15.432892141   -9.511953648  -21.581376311
   -1.237597106   -0.349065850   14.536454204    0.909439575  -21.047766068
   -1.047197551   -0.349065850   15.978273414   14.364231002  -18.483649705
   -0.856797996   -0.349065850   19.928276317   26.437397612  -14.294341411
   -0.666398442   -0.349065850   25.716054867   33.020832324   -9.366138318
   -0.475998887   -0.349065850   32.009336996   31.512036255   -4.704874954
   -0.285599332   -0.349065850   37.173094689   21.202841156   -1.049733005
   -0.095199777   -0.349065850   39.633567987    3.577865041    1.390770821
    0.095199777   -0.349065850   38.315385871  -17.688591507    2.948454528
    0.285599332   -0.349065850   33.051719260  -36.753947924    4.289483769
    0.475998887   -0.349065850   24.908461654  -46.834918986    6.059342506
    0.666398442   -0.349065850   16.155215572  -42.566569195    8.540817450
    0.856797996   -0.349065850    9.716596263  -22.824712332   11.479746949
    1.047197551   -0.349065850    8.194563003    7.903645870   14.216398823
    1.237597106   -0.349065850   12.877539265   40.681050797   16.054478877
    1.427996661   -0.349065850   23.206902904   65.725680765   16.628699718
    1.618396215   -0.349065850   36.981686224   76.152551826   16.062400176
    1.808795770   -0.349065850   51.162400516   70.100341019   14.831137899
    1.999195325   -0.349065850   62.820177554   50.456887209   13.466192230
    2.189594880   -0.349065850   69.881608719   22.903862784   12.277001435
    2.379994435   -0.349065850   71.455779094   -6.152830977   11.251201819
    2.570393989   -0.349065850   67.812822847  -31.051845073   10.133051492
    2.760793544   -0.349065850   60.166520534  -47.680559681    8.595518637
    2.951193099   -0.349065850   50.342769317  -53.810838541    6.429740979

   -3.141592654    0.000000000   41.425462587  -55.440461983    1.498151846
   -2.951193099    0.000000000   31.903251404  -43.654403089   -1.701960772
   -2.760793544    0.000000000   25.077118103  -27.971044742   -4.758526740
   -2.570393989    0.000000000   21.160587460  -13.939473121   -7.488634674
   -2.379994435    0.000000000   19.389074340   -5.956295813   -9.888892345
   -2.189594880    0.000000000   18.422429290   -5.382024885  -12.094901449
   -1.999195325    0.000000000   17.010647405   -9.951658404  -14.200350383
   -1.808795770    0.000000000   14.611994666  -14.837724836  -16.055028009
   -1.618396215    0.000000000   11.665444546  -14.994110925  -17.186976843
   -1.427996661    0.000000000    9.383827937   -7.695407755  -16.979044914
   -1.237597106    0.000000000    9.158224908    6.125837481  -15.016346509
   -1.047197551    0.000000000   11.872671051   22.304595241  -11.402294770
   -0.856797996    0.000000000   17.467491695   35.443033007   -6.817947022
   -0.666398442    0.000000000   24.911044949   41.090901754   -2.257714511
   -0.475998887    0.000000000   32.523481875   37.106953343    1.400278476
   -0.285599332    0.000000000   38.470540119   23.854124898    3.748805135
   -0.095199777    0.000000000   41.205234192    4.014758992    5.012487389
    0.095199777    0.000000000   39.882574351  -17.869996685    5.907569300
    0.285599332    0.000000000   34.668691311  -35.790605631    7.307488887
    0.475998887    0.000000000   26.916213449  -43.599622457    9.819182184
    0.666398442    0.000000000   19.000196020  -37.142628605   13.455594798
    0.856797996    0.000000000   13.711061848  -16.480913052   17.566106074
    1.047197551    0.000000000   13.341521632   13.350480827   21.110747329
    1.237597106    0.000000000   18.853488024   43.769534305   23.155563618
    1.427996661    0.000000000   29.500678382   66.002955850   23.293238296
    1.618396215    0.000000000   43.101736748   74.222782002   21.769115397
    1.808795770    0.000000000   56.795133803   67.121615207   19.263165069
    1.999195325    0.000000000   67.870008067   47.449361059   16.512509282
    2.189594880    0.000000000   74.395686023   20.300370642   13.981231320
    2.379994435    0.000000000   75.499697872   -8.562956791   11.749550576
    2.570393989    0.000000000   71.370121921  -33.864697180    9.612773565
    2.760793544    0.000000000   63.102876549  -51.465012400    7.276945287
    2.951193099    0.000000000   52.445110228  -58.787654931    4.562976406

   -3.141592654    0.349065850   42.932565627  -60.520563718    1.001619006
   -2.951193099    0.349065850   32.417295405  -48.907982094   -1.131265025
   -2.760793544    0.349065850   24.608021384  -32.965234185   -3.011781828
   -2.570393989    0.349065850   19.789210920  -18.388417497   -4.617871166
   -2.379994435    0.349065850   17.226930793   -9.816840724   -6.030064200
   -2.189594880    0.349065850   15.575059024   -8.715117573   -7.374113172
   -1.999195325    0.349065850   13.586532712  -12.620614491   -8.683650478
   -1.808795770    0.349065850   10.782977090  -16.291673830   -9.774728208
   -1.618396215    0.349065850    7.741082681  -14.395919474  -10.236494130
   -1.427996661    0.349065850    5.822327215   -4.422517100   -9.622323227
   -1.237597106    0.349065850    6.470208973   11.918564514   -7.737380195
   -1.047197551    0.349065850   10.444493121   29.478490077   -4.838084590
   -0.856797996    0.349065850   17.399688615   42.254194984   -1.579502558
   -0.666398442    0.349065850   25.975034248   45.966701078    1.294442683
   -0.475998887    0.349065850   34.268662220   39.359974663    3.323468505
   -0.285599332    0.349065850   40.428072949   24.009861688    4.544792890
   -0.095199777    0.349065850   43.107038539    3.574402946    5.491886835
    0.095199777    0.349065850   41.794036577  -17.026386052    6.935835075
    0.285599332    0.349065850   36.986881921  -32.194274118    9.532139051
    0.475998887    0.349065850   30.222186946  -36.876868854   13.478072307
    0.666398442    0.349065850   23.813473869  -28.323097044   18.338375553
    0.856797996    0.349065850   20.242710952   -7.671395519   23.136559606
    1.047197551    0.349065850   21.363538538   19.838428269   26.717151056
    1.237597106    0.349065850   27.757847077   46.405265859   28.227565204
    1.427996661    0.349065850   38.514332283   64.618231659   27.448078930
    1.618396215    0.349065850   51.547305343   69.897510628   24.815583123
    1.808795770    0.349065850   64.267565447   61.512096332   21.147874903
    1.999195325    0.349065850   74.269573216   41.979363854   17.273397500
    2.189594880    0.349065850   79.829562397   15.673589852   13.732584516
    2.379994435    0.349065850   80.133065718  -12.404818865   10.695403004
    2.570393989    0.349065850   75.306478792  -37.452405151    8.062864336
    2.760793544    0.349065850   66.333146359  -55.374249929    5.637986430
    2.951193099    0.349065850   54.873089534  -63.324390754    3.287210282

   -3.141592654    0.698131701   44.843850191  -62.515713792    0.335358910
   -2.951193099    0.698131701   33.939619386  -50.994902348   -0.255385010
   -2.760793544    0.698131701   25.716850181  -35.212126806   -0.540767590
   -2.570393989    0.698131701   20.453396672  -20.801257792   -0.705153648
   -2.379994435    0.698131701   17.418492922  -12.345617627   -0.926532635
   -2.189594880    0.698131701   15.283017990  -11.223645647   -1.316982182
   -1.999195325    0.698131701   12.841009406  -14.807371075   -1.870404326
   -1.808795770    0.698131701    9.688424031  -17.679911076   -2.447208460
   -1.618396215    0.698131701    6.498550787  -14.489838518   -2.813534608
   -1.427996661    0.698131701    4.705653899   -3.009037706   -2.758652375
   -1.237597106    0.698131701    5.745454972   14.517822735   -2.220904333
   -1.047197551    0.698131701   10.265286559   32.437558661   -1.336436650
   -0.856797996    0.698131701   17.741093162   44.621083195   -0.356172269
   -0.666398442    0.698131701   26.660886655   47.190370165    0.546223304
   -0.475998887    0.698131701   35.088882324   39.647244127    1.436989928
   -0.285599332    0.698131701   41.286496306   24.334312119    2.647810795
   -0.095199777    0.698131701   44.137963305    5.289165229    4.672705835
    0.095199777    0.698131701   43.381493471  -12.746372209    7.927864572
    0.285599332    0.698131701   39.675181777  -24.926847938   12.517448245
    0.475998887    0.698131701   34.534756922  -27.291073749   18.063142853
    0.666398442    0.698131701   30.042754029  -18.130699026   23.707959850
    0.856797996    0.698131701   28.294975783    0.901834072   28.333945468
    1.047197551    0.698131701   30.735433579   24.868116269   30.940986651
    1.237597106    0.698131701   37.667460293   46.984933264   31.024396648
    1.427996661    0.698131701   48.129884700   61.118987923   28.740691657
    1.618396215    0.698131701   60.211797545   63.683944142   24.786493914
    1.808795770    0.698131701   71.627253117   54.302415402   20.069711017
    1.999195325    0.698131701   80.279481810   35.201485804   15.389284450
    2.189594880    0.698131701   84.658967568   10.121219839   11.235486767
    2.379994435    0.698131701   84.038500986  -16.577406073    7.789396769
    2.570393989    0.698131701   78.529401766  -40.515922913    5.042312263
    2.760793544    0.698131701   69.045132706  -57.745937283    2.921292215
    2.951193099    0.698131701   57.168059674  -65.377707594    1.368017676

   -3.141592654    1.047197551   43.404033097  -63.321736134   -3.966347129
   -2.951193099    1.047197551   32.459325343  -50.652663487   -3.228591223
   -2.760793544    1.047197551   24.376831044  -34.154460227   -2.084848138
   -2.570393989    1.047197551   19.343040169  -19.520288955   -0.900193945
   -2.379994435    1.047197551   16.539306587  -11.244424245    0.033451564
   -2.189594880    1.047197551   14.576643544  -10.521331831    0.571982439
   -1.999195325    1.047197551   12.227159718  -14.526739494    0.717422102
   -1.808795770    1.047197551    9.095810003  -17.715690120    0.552826448
   -1.618396215    1.047197551    5.878729527  -14.726524589    0.175143791
   -1.427996661    1.047197551    4.025265763   -3.416526240   -0.342723155
   -1.237597106    1.047197551    4.967308234   13.878158308   -0.932077647
   -1.047197551    1.047197551    9.340454486   31.529384133   -1.474025019
   -0.856797996    1.047197551   16.629999671   43.625337956   -1.758438937
   -0.666398442    1.047197551   25.391390841   46.644922865   -1.475817626
   -0.475998887    1.047197551   33.825301432   40.410466154   -0.277401904
   -0.285599332    1.047197551   40.369324620   27.355953917    2.123354187
   -0.095199777    1.047197551   44.067258151   11.220107992    5.853231390
    0.095199777    1.047197551   44.723123884   -3.914293741   10.768115361
    0.285599332    1.047197551   42.911012259  -14.085626369   16.403072024
    0.475998887    1.047197551   39.895892141  -16.142982088   21.985746626
    0.666398442    1.047197551   37.388863830   -8.779279367   26.570919812
    0.856797996    1.047197551   37.098821386    6.611854508   29.296988479
    1.047197551    1.047197551   40.195610939   25.989547688   29.662465690
    1.237597106    1.047197551   46.913690100   43.748958974   27.698569876
    1.427996661    1.047197551   56.433547368   54.705397465   23.926031371
    1.618396215    1.047197551   67.116362423   55.651592414   19.124933689
    1.808795770    1.047197551   76.959555321   46.003044207   14.047084620
    1.999195325    1.047197551   84.076648233   27.463094739    9.239980637
    2.189594880    1.047197551   87.066697040    3.287688081    5.005298288
    2.379994435    1.047197551   85.239285849  -22.414297104    1.483170092
    2.570393989    1.047197551   78.718758042  -45.283394010   -1.239190061
    2.760793544    1.047197551   68.439251764  -61.297885705   -3.079591246
    2.951193099    1.047197551   56.013110129  -67.561121752   -3.977844242

   -3.141592654    1.396263402   38.482385260  -62.421288102  -10.398995408
   -2.951193099    1.396263402   27.907448232  -47.765177780   -9.189504431
   -2.760793544    1.396263402   20.501403629  -30.091398092   -7.391485696
   -2.570393989    1.396263402   16.277338479  -15.228095728   -5.381418956
   -2.379994435    1.396263402   14.247717698   -7.507188256   -3.466063995
   -2.189594880    1.396263402   12.903690006   -7.808213247   -1.812759990
   -1.999195325    1.396263402   10.957031207  -13.026843004   -0.478719522
   -1.808795770    1.396263402    7.992168630  -17.471494122    0.492959067
   -1.618396215    1.396263402    4.703709976  -15.715578997    1.018943759
   -1.427996661    1.396263402    2.556139918   -5.481102323    1.018877695
   -1.237597106    1.396263402    3.035738475   11.178188267    0.543927237
   -1.047197551    1.396263402    6.897806111   29.011766748   -0.119716279
   -0.856797996    1.396263402   13.812074552   42.389087758   -0.475380261
   -0.666398442    1.396263402   22.549552819   47.792258715    0.035448012
   -0.475998887    1.396263402   31.494072270   44.704264427    1.824830471
   -0.285599332    1.396263402   39.171923117   34.934351144    5.010193053
   -0.095199777    1.396263402   44.581079798   21.441463980    9.373271844
    0.095199777    1.396263402   47.330866492    7.575424909   14.376349010
    0.285599332    1.396263402   47.679190781   -3.220264775   19.247116633
    0.475998887    1.396263402   46.514532425   -7.881364883   23.114340478
    0.666398442    1.396263402   45.206317756   -4.627162686   25.209559421
    0.856797996    1.396263402   45.262202851    6.100445966   25.114125498
    1.047197551    1.396263402   47.854231956   21.374842165   22.900691098
    1.237597106    1.396263402   53.408888501   36.404909576   19.096319383
    1.427996661    1.396263402   61.396633081   46.192391973   14.452615014
    1.618396215    1.396263402   70.446053487   47.137943453    9.656541328
    1.808795770    1.396263402   78.715028400   38.012433844    5.134556317
    1.999195325    1.396263402   84.365557334   20.025993419    1.051043693
    2.189594880    1.396263402   85.984209784   -3.687498661   -2.573867888
    2.379994435    1.396263402   82.878723851  -28.811279900   -5.711467997
    2.570393989    1.396263402   75.227772211  -50.656346227   -8.240460802
    2.760793544    1.396263402   64.072987778  -64.997714604   -9.965541540
    2.951193099    1.396263402   51.145988889  -69.034907676  -10.703966541

   -3.141592654    1.745329252   31.920028196  -60.676808950  -16.797597778
   -2.951193099    1.745329252   21.871700614  -44.087021749  -15.642816876
   -2.760793544    1.745329252   15.287604725  -25.298108941  -13.647679809
   -2.570393989    1.745329252   12.007300251  -10.257473207  -11.115723980
   -2.379994435    1.745329252   10.879335430   -3.104707972   -8.327214350
   -2.189594880    1.745329252   10.284299878   -4.387745343   -5.466359028
   -1.999195325    1.745329252    8.880333046  -10.774131991   -2.645365757
   -1.808795770    1.745329252    6.223923664  -16.511839962    0.000111964
   -1.618396215    1.745329252    2.988315223  -16.131131650    2.255962360
   -1.427996661    1.745329252    0.642501757   -7.091791630    3.892002308
   -1.237597106    1.745329252    0.753094107    9.065244047    4.827168636
   -1.047197551    1.745329252    4.259901142   27.610963041    5.264713319
   -0.856797996    1.745329252   11.085348878   43.062992542    5.667662085
   -0.666398442    1.745329252   20.230375391   51.492503344    6.571642182
   -0.475998887    1.745329252   30.185655452   51.559300733    8.332209361
   -0.285599332    1.745329252   39.413422557   44.163221115   10.961517310
   -0.095199777    1.745329252   46.691245140   31.549112958   14.110812494
    0.095199777    1.745329252   51.303753282   16.712168343   17.152699227
    0.285599332    1.745329252   53.153644120    3.140097355   19.342925693
    0.475998887    1.745329252   52.825418158   -5.616548141   20.020272986
    0.666398442    1.745329252   51.517083257   -6.861841414   18.813758801
    0.856797996    1.745329252   50.764078336    0.047289825   15.818704989
    1.047197551    1.745329252   51.958671937   13.050195125   11.585560083
    1.237597106    1.745329252   55.856330201   27.593502102    6.914656278
    1.427996661    1.745329252   62.231312284   38.205572594    2.529897749
    1.618396215    1.745329252   69.882516646   40.432634318   -1.183363964
    1.808795770    1.745329252   76.977308564   32.295311536   -4.241595536
    1.999195325    1.745329252   81.587555913   14.725844697   -6.904121985
    2.189594880    1.745329252   82.204912740   -8.923476402   -9.435096285
    2.379994435    1.745329252   78.113597797  -33.858366447  -11.916899636
    2.570393989    1.745329252   69.562190947  -54.938168088  -14.199073438
    2.760793544    1.745329252   57.725326110  -67.740952219  -15.972344908
    2.951193099    1.745329252   44.472948102  -69.619596125  -16.907625758

   -3.141592654    2.094395102   24.765642827  -60.064148009  -19.050195281
   -2.951193099    2.094395102   15.004963364  -41.728631457  -17.721479881
   -2.760793544    2.094395102    9.010584449  -21.550483973  -15.490600922
   -2.570393989    2.094395102    6.537433799   -5.613489365  -12.607762940
   -2.379994435    2.094395102    6.344040221    2.005044486   -9.321923919
   -2.189594880    2.094395102    6.743060711    0.902147966   -5.797320312
   -1.999195325    2.094395102    6.345869495   -5.537257252   -2.127456304
   -1.808795770    2.094395102    4.658272834  -11.642158353    1.561978332
   -1.618396215    2.094395102    2.284069217  -12.025144063    5.032047925
   -1.427996661    2.094395102    0.625261027   -4.005303927    7.971555204
   -1.237597106    2.094395102    1.235586817   11.288221747   10.160557170
   -1.047197551    2.094395102    5.131869884   29.606367767   11.625882854
   -0.856797996    2.094395102   12.383032233   45.667027714   12.649075041
   -0.666398442    2.094395102   22.132028923   55.277702813   13.598943467
   -0.475998887    2.094395102   32.922856203   56.474384340   14.695100030
   -0.285599332    2.094395102   43.140190282   49.467486264   15.865265088
   -0.095199777    2.094395102   51.369406778   36.006064996   16.752889764
    0.095199777    2.094395102   56.641179519   18.958401427   16.841314591
    0.285599332    2.094395102   58.618526990    2.097052195   15.641222302
    0.475998887    2.094395102   57.740440492  -10.349102820   12.886969391
    0.666398442    2.094395102   55.215500135  -14.726092686    8.685763541
    0.856797996    2.094395102   52.774174468   -9.514953785    3.582984045
    1.047197551    2.094395102   52.133300168    3.644658109   -1.584852448
    1.237597106    2.094395102   54.385233003   19.907274368   -5.992317335
    1.427996661    2.094395102   59.522288377   32.910214027   -9.155193718
    1.618396215    2.094395102   66.371961657   37.179769594  -11.094268769
    1.808795770    2.094395102   72.963660095   30.079441665  -12.245607270
    1.999195325    2.094395102   77.165059911   12.505343986  -13.182236384
    2.189594880    2.094395102   77.306882182  -11.734904054  -14.325880634
    2.379994435    2.094395102   72.621316243  -37.222712631  -15.785913499
    2.570393989    2.094395102   63.416754163  -58.307277911  -17.367150986
    2.760793544    2.094395102   50.997703574  -70.350603713  -18.688520912
    2.951193099    2.094395102   37.375347874  -70.797069914  -19.345398695

   -3.141592654    2.443460953   18.496404390  -59.119398477  -13.803347085
   -2.951193099    2.443460953    9.061883838  -39.274427959  -12.383172794
   -2.760793544    2.443460953    3.667467966  -17.762401209  -10.314488322
   -2.570393989    2.443460953    2.019680603   -0.788805108   -7.712645188
   -2.379994435    2.443460953    2.823293371    7.615284649   -4.678090231
   -2.189594880    2.443460953    4.354524141    7.162019404   -1.242617311
   -1.999195325    2.443460953    5.201574542    1.233547658    2.601250199
   -1.808795770    2.443460953    4.829644834   -4.672964234    6.786213204
   -1.618396215    2.443460953    3.760397014   -5.396017989   11.064352978
   -1.427996661    2.443460953    3.285096443    1.708938943   15.018627914
   -1.237597106    2.443460953    4.868369502   15.769103825   18.212768362
   -1.047197551    2.443460953    9.505984403   32.955761277   20.375851899
   -0.856797996    2.443460953   17.316248836   48.254226475   21.485899197
   -0.666398442    2.443460953   27.511040508   57.389123946   21.686397182
   -0.475998887    2.443460953   38.654955573   58.011711145   21.112964356
   -0.285599332    2.443460953   49.070524960   49.891953540   19.764950676
   -0.095199777    2.443460953   57.212974115   34.532610745   17.492568329
    0.095199777    2.443460953   61.966344763   14.892933315   14.099169820
    0.285599332    2.443460953   62.896843519   -4.828000243    9.505050382
    0.475998887    2.443460953   60.454340503  -19.731708933    3.902638003
    0.666398442    2.443460953   55.994003385  -25.421236984   -2.180479877
    0.856797996    2.443460953   51.518082642  -19.884828431   -7.937578747
    1.047197551    2.443460953   49.064693481   -4.776984001  -12.528451600
    1.237597106    2.443460953   49.986177609   14.450535683  -15.388765196
    1.427996661    2.443460953   54.377325815   30.458613389  -16.457531403
    1.618396215    2.443460953   60.983143183   36.881024951  -16.176661837
    1.808795770    2.443460953   67.620116666   30.645021655  -15.264254032
    1.999195325    2.443460953   71.916782320   12.795253522  -14.396851635
    2.189594880    2.443460953   72.033858290  -12.321333133  -13.969322148
    2.379994435    2.443460953   67.149273797  -38.667871870  -14.030199698
    2.570393989    2.443460953   57.623944639  -60.117054420  -14.364923085
    2.760793544    2.443460953   44.881024633  -71.820187982  -14.637914652
    2.951193099    2.443460953   31.064841089  -71.269089774  -14.525951006

   -3.141592654    2.792526803   15.057049957  -57.905349674    1.310441367
   -2.951193099    2.792526803    5.929844525  -37.256941258    3.481713582
   -2.760793544    2.792526803    1.005960498  -14.845158750    5.415220766
   -2.570393989    2.792526803    0.000000000    3.025596763    7.130683764
   -2.379994435    2.792526803    1.614058658   12.308963654    8.829168158
   -2.189594880    2.792526803    4.125295920   12.763765521   10.844170259
   -1.999195325    2.792526803    6.127676555    7.755660225   13.493501418
   -1.808795770    2.792526803    7.075130363    2.608736941   16.881235394
   -1.618396215    2.792526803    7.430847709    2.184257040   20.755028809
   -1.427996661    2.792526803    8.371860871    8.874863168   24.533871870
   -1.237597106    2.792526803   11.218914347   21.761706107   27.512580600
   -1.047197551    2.792526803   16.837935905   37.199280589   29.130710616
   -0.856797996    2.792526803   25.261631377   50.413669430   29.147531689
   -0.666398442    2.792526803   35.653320747   57.259906074   27.624630262
   -0.475998887    2.792526803   46.537609807   55.368134998   24.778509133
   -0.285599332    2.792526803   56.188550048   44.459783688   20.829545494
   -0.095199777    2.792526803   63.016586108   26.156056130   15.939808521
    0.095199777    2.792526803   65.908947789    3.806668790   10.261833879
    0.285599332    2.792526803   64.532699489  -17.772660901    4.045373149
    0.475998887    2.792526803   59.562514118  -33.051579136   -2.272562862
    0.666398442    2.792526803   52.676630492  -37.255241269   -8.074281747
    0.856797996    2.792526803   46.226724413  -28.533814283  -12.671674267
    1.047197551    2.792526803   42.513865491   -9.265281834  -15.534466385
    1.237597106    2.792526803   42.977111340   14.029886594  -16.506000589
    1.427996661    2.792526803   47.595323118   33.034352637  -15.874169164
    1.618396215    2.792526803   54.852639081   40.894012565  -14.237175007
    1.808795770    2.792526803   62.271322520   34.651929736  -12.234313194
    1.999195325    2.792526803   67.253587848   15.906770581  -10.301460582
    2.189594880    2.792526803   67.852456694  -10.359603255   -8.565580070
    2.379994435    2.792526803   63.244651694  -37.657513563   -6.915124375
    2.570393989    2.792526803   53.852654145  -59.652045754   -5.158479923
    2.760793544    2.792526803   41.181296237  -71.469075951   -3.170578618
    2.951193099    2.792526803   27.453415997  -70.645963713   -0.968046904
