#! FIELDS phi psi file.free der_phi der_psi
#! SET min_phi -pi
#! SET max_phi pi
#! SET nbins_phi  33
#! SET periodic_phi true
#! SET min_psi -pi
#! SET max_psi pi
#! SET nbins_psi  18
#! SET periodic_psi true
   -3.141592654   -3.141592654   20.306469374  -57.574273067   13.259033500
   -2.951193099   -3.141592654   10.921137503  -39.857618564   16.077872155
   -2.760793544   -3.141592654    5.425868983  -17.783419033   18.235900711
   -2.570393989   -3.141592654    4.003890317    1.912031042   19.720498450
   -2.379994435   -3.141592654    5.665009240   14.017519409   20.781663830
   -2.189594880   -3.141592654    8.765070195   17.170768605   21.830933877
   -1.999195325   -3.141592654   11.799457772   14.038512442   23.223054711
   -1.808795770   -3.141592654   14.030041456    9.616127130   25.029446931
   -1.618396215   -3.141592654   15.680893022    8.565793197   26.926277545
   -1.427996661   -3.141592654   17.653931175   13.115994192   28.287459025
   -1.237597106   -3.141592654   20.975234778   22.321448650   28.452436146
   -1.047197551   -3.141592654   26.244800670   32.871323613   27.038986029
   -0.856797996   -3.141592654   33.331703390   40.743262071   24.116360464
   -0.666398442   -3.141592654   41.408837118   42.837716777   20.133215918
   -0.475998887   -3.141592654   49.215238652   37.841902846   15.670466382
   -0.285599332   -3.141592654   55.420208954   26.268684625   11.165439624
   -0.095199777   -3.141592654   58.932619451   10.000980083    6.763736579
    0.095199777   -3.141592654   59.128665924   -7.993992581    2.382823324
    0.285599332   -3.141592654   56.036923612  -23.810926621   -2.082447979
    0.475998887   -3.141592654   50.487280931  -33.148028517   -6.533548396
    0.666398442   -3.141592654   44.069663006  -32.485596663  -10.567736869
    0.856797996   -3.141592654   38.824158298  -21.020789804  -13.575603685
    1.047197551   -3.141592654   36.587897592   -1.655915432  -15.010812503
    1.237597106   -3.141592654   38.313928281   19.420035320  -14.679231979
    1.427996661   -3.141592654   43.648380281   35.203772841  -12.847023919
    1.618396215   -3.141592654   51.060455216   40.699764816  -10.111252443
    1.808795770   -3.141592654   58.399577307   34.530489292   -7.107847008
    1.999195325   -3.141592654   63.589814986   18.644662856   -4.250303677
    2.189594880   -3.141592654   65.120787216   -3.202240593   -1.620505409
    2.379994435   -3.141592654   62.259421344  -26.767118004    0.950093965
    2.570393989   -3.141592654   55.090827408  -47.728539041    3.699100460
    2.760793544   -3.141592654   44.518213682  -61.847044171    6.755715010
    2.951193099   -3.141592654   32.206582212  -65.591105220   10.035108626

   -3.141592654   -2.792526803   26.539628431  -51.424338874   20.277775011
   -2.951193099   -2.792526803   18.160925135  -35.545657519   23.425466913
   -2.760793544   -2.792526803   13.288409127  -15.535317353   25.363086813
   -2.570393989   -2.792526803   12.130434878    2.568064427   26.194568173
   -2.379994435   -2.792526803   13.841848518   14.076316481   26.378888926
   -2.189594880   -2.792526803   16.982987740   17.698331653   26.520403268
   -1.999195325   -2.792526803   20.218054007   15.667572918   27.066279188
   -1.808795770   -2.792526803   22.860378523   12.221684757   28.073900671
   -1.618396215   -2.792526803   25.034848449   11.265107240   29.155410619
   -1.427996661   -2.792526803   27.428336146   14.610663119   29.641044561
   -1.237597106   -2.792526803   30.822203451   21.439383538   28.878354547
   -1.047197551   -2.792526803   35.645701220   29.053229958   26.536785368
   -0.856797996   -2.792526803   41.739096226   34.236671905   22.751990735
   -0.666398442   -2.792526803   48.385920111   34.505012915   18.028992616
   -0.475998887   -2.792526803   54.513643101   28.717909183   12.987980879
   -0.285599332   -2.792526803   58.970714528   17.135550226    8.088343891
   -0.095199777   -2.792526803   60.774914502    1.225963873    3.483442149
    0.095199777   -2.792526803   59.341488872  -16.320513850   -0.898933028
    0.285599332   -2.792526803   54.715483348  -31.548096380   -5.142532381
    0.475998887   -2.792526803   47.780831645  -39.845953388   -9.124166626
    0.666398442   -2.792526803   40.244741529  -37.392190794  -12.442045271
    0.856797996   -2.792526803   34.295409415  -23.391987783  -14.556535845
    1.047197551   -2.792526803   31.876186403   -1.195483229  -15.062037218
    1.237597106   -2.792526803   33.934148360   22.341235508  -13.935027743
    1.427996661   -2.792526803   39.989427965   39.685730219  -11.561330954
    1.618396215   -2.792526803   48.322085789   45.742321581   -8.548284609
    1.808795770   -2.792526803   56.618816857   39.483481523   -5.422138365
    1.999195325   -2.792526803   62.732243809   23.421502286   -2.415493579
    2.189594880   -2.792526803   65.182818624    1.763326335    0.570299642
    2.379994435   -2.792526803   63.325197148  -21.120831526    3.816542090
    2.570393989   -2.792526803   57.319721504  -41.153563701    7.559860826
    2.760793544   -2.792526803   48.072753030  -54.590744821   11.800445825
    2.951193099   -2.792526803   37.152506107  -58.398017630   16.220314452

   -3.141592654   -2.443460953   33.730706918  -44.693010221   19.684151517
   -2.951193099   -2.443460953   26.445338791  -30.909596842   22.378040704
   -2.760793544   -2.443460953   22.230083701  -13.246816394   23.828224994
   -2.570393989   -2.443460953   21.317536036    2.990797088   24.156533395
   -2.379994435   -2.443460953   23.008167234   13.615743641   23.800460734
   -2.189594880   -2.443460953   26.058192894   17.337048599   23.297479076
   -1.999195325   -2.443460953   29.278299511   15.894553675   23.011803274
   -1.808795770   -2.443460953   32.005616832   12.783382064   22.962710702
   -1.618396215   -2.443460953   34.251956143   11.280310157   22.823170832
   -1.427996661   -2.443460953   36.508776160   12.990642369   22.092392074
   -1.237597106   -2.443460953   39.372610111   17.423266906   20.339251747
   -1.047197551   -2.443460953   43.191464784   22.587989712   17.420754204
   -0.856797996   -2.443460953   47.870285581   26.016209160   13.557978495
   -0.666398442   -2.443460953   52.871195718   25.641630375    9.225406825
   -0.475998887   -2.443460953   57.333165928   20.241027388    4.932610320
   -0.285599332   -2.443460953   60.260195188    9.589500491    1.007274880
   -0.095199777   -2.443460953   60.719539663   -5.383309415   -2.512326907
    0.095199777   -2.443460953   58.093971564  -22.274071439   -5.775428721
    0.285599332   -2.443460953   52.381069030  -36.998704697   -8.913625246
    0.475998887   -2.443460953   44.472772609  -44.528886180  -11.840381843
    0.666398442   -2.443460953   36.167259829  -40.657998783  -14.192311537
    0.856797996   -2.443460953   29.786811366  -24.545991879  -15.479768463
    1.047197551   -2.443460953   27.375276517    0.047054847  -15.341884102
    1.237597106   -2.443460953   29.875432579   25.647262765  -13.775350109
    1.427996661   -2.443460953   36.694388092   44.246459071  -11.150310655
    1.618396215   -2.443460953   45.944716381   50.696950338   -8.028957584
    1.808795770   -2.443460953   55.179360190   44.338229464   -4.880734886
    1.999195325   -2.443460953   62.207559152   28.224862508   -1.894224723
    2.189594880   -2.443460953   65.602249789    6.968514623    1.048538718
    2.379994435   -2.443460953   64.817179694  -14.992970596    4.223615763
    2.570393989   -2.443460953   60.087075287  -33.894240226    7.844926001
    2.760793544   -2.443460953   52.307846834  -46.547533211   11.886153532
    2.951193099   -2.443460953   42.927516147  -50.452702299   16.011860913

   -3.141592654   -2.094395102   39.526626509  -39.765638539   13.149484606
   -2.951193099   -2.094395102   33.016864331  -27.769494495   14.717419071
   -2.760793544   -2.094395102   29.216319763  -12.001055802   15.430776758
   -2.570393989   -2.094395102   28.391545734    2.774173412   15.391176861
   -2.379994435   -2.094395102   29.959253152   12.666999778   14.866699299
   -2.189594880   -2.094395102   32.810878425   16.275309185   14.140303159
   -1.999195325   -2.094395102   35.836544087   14.899985539   13.349074167
   -1.808795770   -2.094395102   38.357579425   11.518747150   12.424010334
   -1.618396215   -2.094395102   40.286026127    9.091115073   11.149961044
   -1.427996661   -2.094395102   41.987090895    9.264983991    9.314742242
   -1.237597106   -2.094395102   43.973314482   11.946353068    6.846972320
   -1.047197551   -2.094395102   46.604790421   15.709952203    3.889053623
   -0.856797996   -2.094395102   49.903109918   18.561609506    0.759969031
   -0.666398442   -2.094395102   53.506613064   18.573622043   -2.180890167
   -0.475998887   -2.094395102   56.717317816   14.254012328   -4.687214517
   -0.285599332   -2.094395102   58.622295809    4.818514716   -6.726148372
   -0.095199777   -2.094395102   58.261539868   -9.314703210   -8.492790097
    0.095199777   -2.094395102   54.920646612  -25.936735818  -10.269372712
    0.285599332   -2.094395102   48.507017265  -40.698835856  -12.235032672
    0.475998887   -2.094395102   39.905638302  -48.003788360  -14.298407303
    0.666398442   -2.094395102   31.018688559  -43.130676157  -16.061895691
    0.856797996   -2.094395102   24.335129242  -25.118701997  -16.980107549
    1.047197551   -2.094395102   22.038560982    1.858372700  -16.618008880
    1.237597106   -2.094395102   25.098760748   29.626803199  -14.889404035
    1.427996661   -2.094395102   32.821350463   49.589243277  -12.103994594
    1.618396215   -2.094395102   43.141332126   56.438899005   -8.812615776
    1.808795770   -2.094395102   53.451987250   49.823383998   -5.533466017
    1.999195325   -2.094395102   61.487008975   33.335902512   -2.550836194
    2.189594880   -2.094395102   65.842877068   12.027032327    0.142047148
    2.379994435   -2.094395102   66.052771079   -9.540598173    2.731261909
    2.570393989   -2.094395102   62.418637267  -27.836301380    5.399069244
    2.760793544   -2.094395102   55.835322418  -40.131511098    8.172181159
    2.951193099   -2.094395102   47.659796919  -44.357767455   10.863588028

   -3.141592654   -1.745329252   42.709932541  -37.389852054    6.484203634
   -2.951193099   -1.745329252   36.545819351  -26.563019752    6.936890065
   -2.760793544   -1.745329252   32.855660744  -12.036576708    6.887019916
   -2.570393989   -1.745329252   31.920525063    1.700448219    6.411106593
   -2.379994435   -1.745329252   33.210957646   10.880561455    5.633866639
   -2.189594880   -1.745329252   35.672867407   13.982681517    4.637042154
   -1.999195325   -1.745329252   38.211524236   12.048098430    3.392750984
   -1.808795770   -1.745329252   40.117222744    7.861803628    1.786777675
   -1.618396215   -1.745329252   41.255277819    4.435152414   -0.284001735
   -1.427996661   -1.745329252   41.980159598    3.719989190   -2.794495038
   -1.237597106   -1.745329252   42.863569643    6.027018242   -5.541756071
   -1.047197551   -1.745329252   44.392707558   10.198852599   -8.184872659
   -0.856797996   -1.745329252   46.742715083   14.223908405  -10.359987679
   -0.666398442   -1.745329252   49.670555593   15.849458627  -11.822655988
   -0.475998887   -1.745329252   52.515195590   13.089225067  -12.543144734
   -0.285599332   -1.745329252   54.306379195    4.667679455  -12.717386656
   -0.095199777   -1.745329252   53.949943107   -9.257154350  -12.713453835
    0.095199777   -1.745329252   50.578409879  -26.411837465  -12.916325891
    0.285599332   -1.745329252   43.992747648  -42.033712487  -13.561318001
    0.475998887   -1.745329252   35.072574220  -49.909326218  -14.593956934
    0.666398442   -1.745329252   25.831556793  -44.776045119  -15.645515679
    0.856797996   -1.745329252   18.941535710  -25.484814446  -16.176856186
    1.047197551   -1.745329252   16.757514863    3.472370674  -15.714496966
    1.237597106   -1.745329252   20.322955682   33.258194220  -14.088865273
    1.427996661   -1.745329252   28.885538719   54.629159444  -11.509500044
    1.618396215   -1.745329252   40.226639765   61.963367567   -8.455474242
    1.808795770   -1.745329252   51.571137820   55.049657669   -5.434299163
    1.999195325   -1.745329252   60.541317710   37.908660032   -2.785116166
    2.189594880   -1.745329252   65.709406738   16.022948327   -0.594564885
    2.379994435   -1.745329252   66.648859300   -5.825667026    1.233935101
    2.570393989   -1.745329252   63.715561503  -24.170810560    2.843868126
    2.760793544   -1.745329252   57.825942097  -36.543668156    4.305125557
    2.951193099   -1.745329252   50.303821860  -41.153278451    5.563532841

   -3.141592654   -1.396263402   42.243148898  -38.322123134    3.478064401
   -2.951193099   -1.396263402   35.892959697  -27.575741673    3.096102646
   -2.760793544   -1.396263402   32.008388820  -13.066591001    2.317803162
   -2.570393989   -1.396263402   30.872757550    0.603830220    1.227654149
   -2.379994435   -1.396263402   31.933790851    9.523636792   -0.114064746
   -2.189594880   -1.396263402   34.087097939   12.036748866   -1.734429017
   -1.999195325   -1.396263402   36.170108415    9.156597703   -3.745423785
   -1.808795770   -1.396263402   37.417665828    3.834741376   -6.245370887
   -1.618396215   -1.396263402   37.691624007   -0.542846946   -9.183023809
   -1.427996661   -1.396263402   37.425563278   -1.569813420  -12.278391644
   -1.237597106   -1.396263402   37.347016307    1.384091487  -15.075027907
   -1.047197551   -1.396263402   38.130122877    7.145966787  -17.102836359
   -0.856797996   -1.396263402   40.099749362   13.328396972  -18.056711500
   -0.666398442   -1.396263402   43.065556001   17.079249187  -17.907737997
   -0.475998887   -1.396263402   46.302217218   15.837990693  -16.897498802
   -0.285599332   -1.396263402   48.684889039    7.950347216  -15.438807799
   -0.095199777   -1.396263402   48.921138409   -6.473296288  -13.997959137
    0.095199777   -1.396263402   45.967268707  -24.903633928  -12.955324312
    0.285599332   -1.396263402   39.522495088  -42.053851434  -12.494317880
    0.475998887   -1.396263402   30.478267473  -51.072795849  -12.531597255
    0.666398442   -1.396263402   20.977302471  -46.164266229  -12.730656162
    0.856797996   -1.396263402   13.891561413  -25.980131727  -12.640849154
    1.047197551   -1.396263402   11.769633350    4.703235390  -11.887305129
    1.237597106   -1.396263402   15.755546733   36.403383945  -10.344354016
    1.427996661   -1.396263402   25.064835165   59.182368821   -8.178785302
    1.618396215   -1.396263402   37.334912965   66.994089740   -5.751900446
    1.808795770   -1.396263402   49.607810667   59.626812493   -3.434550294
    1.999195325   -1.396263402   59.354980208   41.423752330   -1.464676421
    2.189594880   -1.396263402   65.073034467   18.281352012    0.100570600
    2.379994435   -1.396263402   66.331344950   -4.700583757    1.323948502
    2.570393989   -1.396263402   63.524966863  -23.915793816    2.286193647
    2.760793544   -1.396263402   57.622927127  -36.888759808    3.007427499
    2.951193099   -1.396263402   49.996177647  -41.875881456    3.432922186

   -3.141592654   -1.047197551   40.367438785  -41.482896990    3.759007800
   -2.951193099   -1.047197551   33.425312326  -30.566670785    2.754304118
   -2.760793544   -1.047197551   29.015924893  -15.554618071    1.175258051
   -2.570393989   -1.047197551   27.460202698   -1.345456769   -0.825618195
   -2.379994435   -1.047197551   28.177805047    7.784414714   -3.101263968
   -2.189594880   -1.047197551   29.975224271    9.937445373   -5.602689465
   -1.999195325   -1.047197551   31.581531847    6.188307298   -8.381856698
   -1.808795770   -1.047197551   32.168022527   -0.110789950  -11.472390225
   -1.618396215   -1.047197551   31.631046165   -4.986412869  -14.729683965
   -1.427996661   -1.047197551   30.545052329   -5.554303897  -17.759803056
   -1.237597106   -1.047197551   29.837323730   -1.078749629  -20.018369156
   -1.047197551   -1.047197551   30.357349047    6.918995275  -21.040921537
   -0.856797996   -1.047197551   32.508645649   15.419246373  -20.655204028
   -0.666398442   -1.047197551   36.053657218   20.928311924  -19.058664669
   -0.475998887   -1.047197551   40.116484435   20.483516615  -16.722282493
   -0.285599332   -1.047197551   43.375598966   12.338525111  -14.195397842
   -0.095199777   -1.047197551   44.352629666   -3.196890196  -11.925946727
    0.095199777   -1.047197551   41.877173707  -23.191355431  -10.145101636
    0.285599332   -1.047197551   35.611050046  -41.835538941   -8.844265949
    0.475998887   -1.047197551   26.509004744  -51.766033631   -7.827600127
    0.666398442   -1.047197551   16.861035760  -46.859654669   -6.820557983
    0.856797996   -1.047197551    9.718126314  -25.767878841   -5.618124498
    1.047197551   -1.047197551    7.772020507    6.371168568   -4.174487649
    1.237597106   -1.047197551   12.217718902   39.502657532   -2.611972796
    1.427996661   -1.047197551   22.214324702   63.173151588   -1.132531572
    1.618396215   -1.047197551   35.267163627   71.086100659    0.095562172
    1.808795770   -1.047197551   48.270389380   63.098411894    1.023581559
    1.999195325   -1.047197551   58.580942112   43.815681928    1.722456395
    2.189594880   -1.047197551   64.635777062   19.415379244    2.321591926
    2.379994435   -1.047197551   65.990457615   -4.810616238    2.920635811
    2.570393989   -1.047197551   63.052765534  -25.162417156    3.519177091
    2.760793544   -1.047197551   56.818594096  -39.093716088    3.993533930
    2.951193099   -1.047197551   48.702449100  -44.758484065    4.139989663

   -3.141592654   -0.698131701   40.553447222  -44.071845658    2.389124232
   -2.951193099   -0.698131701   33.021490604  -34.124614719    0.612984352
   -2.760793544   -0.698131701   27.868764473  -19.732742269   -1.761196950
   -2.570393989   -0.698131701   25.488639756   -5.775464985   -4.518329775
   -2.379994435   -0.698131701   25.354504558    3.274943481   -7.457776210
   -2.189594880   -0.698131701   26.280558118    5.267096388  -10.488145160
   -1.999195325   -0.698131701   26.970379113    1.221936529  -13.601646861
   -1.808795770   -0.698131701   26.590397349   -5.233676870  -16.728060151
   -1.618396215   -0.698131701   25.108708219   -9.642112561  -19.586047358
   -1.427996661   -0.698131701   23.257288804   -8.762844097  -21.678405429
   -1.237597106   -0.698131701   22.151337301   -1.936797348  -22.476071089
   -1.047197551   -0.698131701   22.765002014    8.757594664  -21.698275531
   -0.856797996   -0.698131701   25.495126326   19.533771865  -19.490018112
   -0.666398442   -0.698131701   29.962355225   26.302645670  -16.382567969
   -0.475998887   -0.698131701   35.073891409   25.933075941  -13.061519474
   -0.285599332   -0.698131701   39.300606479   16.930981980  -10.085950624
   -0.095199777   -0.698131701   41.032039508    0.107119695   -7.693456447
    0.095199777   -0.698131701   39.067872815  -21.070958321   -5.774880336
    0.285599332   -0.698131701   33.131016841  -40.396798245   -3.994684229
    0.475998887   -0.698131701   24.289520105  -50.363777987   -2.003272224
    0.666398442   -0.698131701   14.946931496  -45.007468498    0.351124254
    0.856797996   -0.698131701    8.214944558  -23.333565028    2.895325885
    1.047197551   -0.698131701    6.772012004    9.139791725    5.195672115
    1.237597106   -0.698131701   11.741425099   42.145061179    6.779306309
    1.427996661   -0.698131701   22.195744265   65.280444214    7.384268938
    1.618396215   -0.698131701   35.583447784   72.489827623    7.085782316
    1.808795770   -0.698131701   48.793791271   63.903632010    6.237130590
    1.999195325   -0.698131701   59.220750629   44.277721388    5.281927494
    2.189594880   -0.698131701   65.349944645   19.760425808    4.558331066
    2.379994435   -0.698131701   66.765130286   -4.530871997    4.190013676
    2.570393989   -0.698131701   63.861790743  -25.129850655    4.074541456
    2.760793544   -0.698131701   57.583571369  -39.651957964    3.942135912
    2.951193099   -0.698131701   49.276897020  -46.252776722    3.468117633

   -3.141592654   -0.349065850   41.074892248  -47.154775297    1.158767139
   -2.951193099   -0.349065850   32.836792506  -38.403205011   -0.924601938
   -2.760793544   -0.349065850   26.781893291  -24.844383180   -3.552685077
   -2.570393989   -0.349065850   23.385556330  -11.266560835   -6.490863560
   -2.379994435   -0.349065850   22.195957108   -2.287042380   -9.524143817
   -2.189594880   -0.349065850   22.065677128   -0.256728750  -12.541472900
   -1.999195325   -0.349065850   21.714916112   -4.148696778  -15.484238575
   -1.808795770   -0.349065850   20.356177319  -10.037795998  -18.190954668
   -1.618396215   -0.349065850   18.076330885  -13.056666604  -20.279481720
   -1.427996661   -0.349065850   15.785296308   -9.812783389  -21.213128656
   -1.237597106   -0.349065850   14.758999361   -0.007178814  -20.550702317
   -1.047197551   -0.349065850   16.016096347   13.477520777  -18.238484559
   -0.856797996   -0.349065850   19.832992514   26.003887188  -14.721149926
   -0.666398442   -0.349065850   25.581015638   33.036366741  -10.778397073
   -0.475998887   -0.349065850   31.891885533   31.616982199   -7.180293871
   -0.285599332   -0.349065850   37.044724886   20.937665061   -4.364272802
   -0.095199777   -0.349065850   39.391040733    2.659302219   -2.272171655
    0.095199777   -0.349065850   37.841668271  -19.088831054   -0.444220513
    0.285599332   -0.349065850   32.315532955  -37.903258477    1.713346655
    0.475998887   -0.349065850   24.060087632  -46.641006785    4.587404204
    0.666398442   -0.349065850   15.545469264  -40.129031639    8.099939131
    0.856797996   -0.349065850    9.788819157  -18.187050582   11.659006022
    1.047197551   -0.349065850    9.251604855   13.278476336   14.398042955
    1.237597106   -0.349065850   14.827990732   44.258389884   15.596400623
    1.427996661   -0.349065850   25.464569519   65.111536027   15.030964416
    1.618396215   -0.349065850   38.641813342   70.594296062   13.063755471
    1.808795770   -0.349065850   51.405741819   61.290096125   10.430049733
    1.999195325   -0.349065850   61.344197585   41.891399064    7.890568597
    2.189594880   -0.349065850   67.086419505   18.124552650    5.941323885
    2.379994435   -0.349065850   68.265146253   -5.419001854    4.707280150
    2.570393989   -0.349065850   65.231913812  -25.704618485    3.994954566
    2.760793544   -0.349065850   58.823539054  -40.556216967    3.421289417
    2.951193099   -0.349065850   50.264826965  -48.085667008    2.576605525

   -3.141592654    0.000000000   41.427744428  -50.249332925   -0.491292681
   -2.951193099    0.000000000   32.494505219  -42.545454888   -2.414828290
   -2.760793544    0.000000000   25.578779302  -29.652947097   -4.663830217
   -2.570393989    0.000000000   21.241422358  -16.267535213   -7.063460833
   -2.379994435    0.000000000   19.109261474   -7.147740654   -9.474862148
   -2.189594880    0.000000000   18.080079360   -4.815413647  -11.833115336
   -1.999195325    0.000000000   16.904866709   -8.196520319  -14.061390492
   -1.808795770    0.000000000   14.860904828  -13.071872365  -15.933260307
   -1.618396215    0.000000000   12.162493394  -14.273595510  -17.020927608
   -1.427996661    0.000000000    9.874884538   -8.465288360  -16.837116670
   -1.237597106    0.000000000    9.370325987    4.083313441  -15.111319236
   -1.047197551    0.000000000   11.619988077   19.624111611  -12.028358588
   -0.856797996    0.000000000   16.696686785   32.834184415   -8.231417537
   -0.666398442    0.000000000   23.690612883   39.082446190   -4.553150193
   -0.475998887    0.000000000   30.999515318   35.965802158   -1.631551545
   -0.285599332    0.000000000   36.813950740   23.618328217    0.368154475
   -0.095199777    0.000000000   39.577571224    4.561074484    1.825118951
    0.095199777    0.000000000   38.419937880  -16.658720700    3.453820373
    0.285599332    0.000000000   33.497951313  -33.866196372    5.945380930
    0.475998887    0.000000000   26.192956614  -40.747183993    9.581753486
    0.666398442    0.000000000   18.918061411  -33.240378065   13.999117903
    0.856797996    0.000000000   14.438141901  -12.002366828   18.240331222
    1.047197551    0.000000000   14.868014673   16.981863603   21.134157789
    1.237597106    0.000000000   20.823820428   44.467349203   21.839107453
    1.427996661    0.000000000   31.173607905   62.030365988   20.230323877
    1.618396215    0.000000000   43.543789705   65.463040433   16.920635663
    1.808795770    0.000000000   55.264476085   55.729537951   12.923261716
    1.999195325    0.000000000   64.210923292   37.198014027    9.195751475
    2.189594880    0.000000000   69.195278485   14.891401445    6.306132299
    2.379994435    0.000000000   69.892518979   -7.311449082    4.354520839
    2.570393989    0.000000000   66.580395813  -26.869773124    3.091812415
    2.760793544    0.000000000   59.956364391  -41.787953690    2.103747074
    2.951193099    0.000000000   51.100157271  -50.071692096    0.995243584

   -3.141592654    0.349065850   42.157306740  -52.184624079   -0.648387820
   -2.951193099    0.349065850   32.767954415  -45.359441428   -1.764040654
   -2.760793544    0.349065850   25.246427153  -33.139377149   -3.034943194
   -2.570393989    0.349065850   20.206686976  -20.101637926   -4.417844188
   -2.379994435    0.349065850   17.333893406  -11.053808275   -5.885070444
   -2.189594880    0.349065850   15.571821936   -8.564681503   -7.418984798
   -1.999195325    0.349065850   13.723757871  -11.435835881   -8.929285359
   -1.808795770    0.349065850   11.158526267  -15.182264761  -10.165202099
   -1.618396215    0.349065850    8.227726093  -14.480502536  -10.723726528
   -1.427996661    0.349065850    6.127970660   -6.242608963  -10.215612388
   -1.237597106    0.349065850    6.271921691    8.570806707   -8.505932116
   -1.047197551    0.349065850    9.519876000   25.397932229   -5.870149777
   -0.856797996    0.349065850   15.705145363   38.464742884   -2.921906491
   -0.666398442    0.349065850   23.655854078   43.361416123   -0.319173469
   -0.475998887    0.349065850   31.610990333   38.483714536    1.573441727
   -0.285599332    0.349065850   37.777906852   24.974256261    2.866601656
   -0.095199777    0.349065850   40.790407670    6.068694221    4.117152527
    0.095199777    0.349065850   40.051156776  -13.559200559    6.049545372
    0.285599332    0.349065850   35.947265795  -28.312773311    9.187943630
    0.475998887    0.349065850   29.923336878  -32.999127501   13.521236492
    0.666398442    0.349065850   24.222139582  -24.803967753   18.372345640
    0.856797996    0.349065850   21.237664372   -5.142144302   22.574231530
    1.047197551    0.349065850   22.654456145   20.205680997   24.925810771
    1.237597106    0.349065850   28.792261388   43.130982350   24.730662693
    1.427996661    0.349065850   38.488948317   56.733999385   22.097790484
    1.618396215    0.349065850   49.607868735   57.966308238   17.852947816
    1.808795770    0.349065850   59.857163390   48.097029378   13.125010654
    1.999195325    0.349065850   67.466625461   30.975628456    8.884006785
    2.189594880    0.349065850   71.459375872   10.727794718    5.648714575
    2.379994435    0.349065850   71.550741779   -9.593764250    3.468695632
    2.570393989    0.349065850   67.930646275  -27.961689511    2.087455379
    2.760793544    0.349065850   61.144519031  -42.535244885    1.136606103
    2.951193099    0.349065850   52.118995606  -51.200300673    0.293131574

   -3.141592654    0.698131701   43.383972941  -51.944743089   -1.448750362
   -2.951193099    0.698131701   33.978968837  -45.786263462   -1.671143394
   -2.760793544    0.698131701   26.296043591  -34.408183134   -1.791502370
   -2.570393989    0.698131701   20.934417146  -22.192801640   -1.938668111
   -2.379994435    0.698131701   17.597977553  -13.790423203   -2.241229005
   -2.189594880    0.698131701   15.277555153  -11.624730237   -2.769149090
   -1.999195325    0.698131701   12.853827224  -14.326045651   -3.466638904
   -1.808795770    0.698131701    9.804493038  -17.264412916   -4.130680789
   -1.618396215    0.698131701    6.604891942  -15.135403559   -4.465765028
   -1.427996661    0.698131701    4.545069698   -5.159043417   -4.218468008
   -1.237597106    0.698131701    5.046993485   11.154175275   -3.318885342
   -1.047197551    0.698131701    8.872261008   28.714047079   -1.942030530
   -0.856797996    0.698131701   15.681999257   41.561036434   -0.426145263
   -0.666398442    0.698131701   24.145219101   45.601162243    0.932574381
   -0.475998887    0.698131701   32.442664320   39.910179293    2.079707447
   -0.285599332    0.698131701   38.860495141   26.361939717    3.278469561
   -0.095199777    0.698131701   42.225092014    8.578256434    5.034646602
    0.095199777    0.698131701   42.154055218   -8.927923467    7.844343725
    0.285599332    0.698131701   39.162407642  -21.305249265   11.898363061
    0.475998887    0.698131701   34.641746781  -24.451293561   16.845078465
    0.666398442    0.698131701   30.575137991  -16.548369133   21.768832912
    0.856797996    0.698131701   28.958742535    0.609422916   25.452319835
    1.047197551    0.698131701   31.091395762   21.777016995   26.849524500
    1.237597106    0.698131701   37.085603776   40.108181691   25.549523782
    1.427996661    0.698131701   45.837834756   50.106891934   21.950281086
    1.618396215    0.698131701   55.499207696   49.632729584   17.052360226
    1.808795770    0.698131701   64.159567279   40.040396128   11.996874899
    1.999195325    0.698131701   70.378089060   24.584493951    7.641834960
    2.189594880    0.698131701   73.362976859    6.555760700    4.357025817
    2.379994435    0.698131701   72.863904162  -11.689251831    2.094668966
    2.570393989    0.698131701   69.001374881  -28.520547270    0.601954609
    2.760793544    0.698131701   62.201983482  -42.225740110   -0.385554137
    2.951193099    0.698131701   53.265793525  -50.660394153   -1.040302958

   -3.141592654    1.047197551   41.902042197  -52.640037070   -5.632344139
   -2.951193099    1.047197551   32.444010185  -45.647898890   -5.452857447
   -2.760793544    1.047197551   24.848539992  -33.680261206   -4.754332198
   -2.570393989    1.047197551   19.650290748  -21.274454677   -3.819972532
   -2.379994435    1.047197551   16.474202053  -13.079387961   -2.967654209
   -2.189594880    1.047197551   14.250238202  -11.335281397   -2.415281172
   -1.999195325    1.047197551   11.844199955  -14.396648175   -2.198770356
   -1.808795770    1.047197551    8.769109936  -17.404309659   -2.193676741
   -1.618396215    1.047197551    5.565056016  -14.990642010   -2.207246168
   -1.427996661    1.047197551    3.579466533   -4.509365785   -2.082348858
   -1.237597106    1.047197551    4.253037646   12.275497233   -1.750768144
   -1.047197551    1.047197551    8.319476924   30.066297940   -1.223318767
   -0.856797996    1.047197551   15.387873045   42.891339407   -0.535590104
   -0.666398442    1.047197551   24.097893794   46.891509958    0.333043530
   -0.475998887    1.047197551   32.662864273   41.519577172    1.510565912
   -0.285599332    1.047197551   39.471026175   28.984302920    3.230608513
   -0.095199777    1.047197551   43.491551999   12.950275614    5.764723582
    0.095199777    1.047197551   44.453511170   -2.443176507    9.258218228
    0.285599332    1.047197551   42.872536061  -13.118714572   13.555877274
    0.475998887    1.047197551   39.974780730  -15.879968866   18.089930113
    0.666398442    1.047197551   37.425391862   -9.524184633   21.951594889
    0.856797996    1.047197551   36.847194564    4.227995012   24.178136824
    1.047197551    1.047197551   39.256328817   20.998235920   24.135997765
    1.237597106    1.047197551   44.697659989   35.238885239   21.810646796
    1.427996661    1.047197551   52.239806195   42.568340159   17.811195536
    1.618396215    1.047197551   60.359930437   41.282990727   13.091545131
    1.808795770    1.047197551   67.479758044   32.406161451    8.541068302
    1.999195325    1.047197551   72.379132282   18.416727974    4.695226620
    2.189594880    1.047197551   74.334820592    1.867095880    1.667820132
    2.379994435    1.047197551   73.054814773  -15.274941417   -0.696836462
    2.570393989    1.047197551   68.583893366  -31.369191720   -2.597226090
    2.760793544    1.047197551   61.299475042  -44.466843903   -4.112661039
    2.951193099    1.047197551   51.999768921  -52.198145596   -5.168947263

   -3.141592654    1.396263402   37.621144371  -54.023624601  -11.069860166
   -2.951193099    1.396263402   28.095805988  -44.964669245  -11.059014072
   -2.760793544    1.396263402   20.804864404  -31.268917515  -10.047684221
   -2.570393989    1.396263402   16.169376284  -17.927403288   -8.358538426
   -2.379994435    1.396263402   13.647701750   -9.688620651   -6.428385068
   -2.189594880    1.396263402   12.019727123   -8.539530853   -4.619839688
   -1.999195325    1.396263402   10.066966578  -12.442161564   -3.110568144
   -1.808795770    1.396263402    7.287317900  -16.229880268   -1.921385854
   -1.618396215    1.396263402    4.247907808  -14.402885000   -1.012587921
   -1.427996661    1.396263402    2.336102747   -4.289873431   -0.350796150
   -1.237597106    1.396263402    3.035090148   12.360566624    0.107323330
   -1.047197551    1.396263402    7.128863937   30.312110393    0.466037803
   -0.856797996    1.396263402   14.288742235   43.664898624    0.905356236
   -0.666398442    1.396263402   23.229059235   48.597976307    1.650604761
   -0.475998887    1.396263402   32.238855795   44.538915694    2.908602726
   -0.285599332    1.396263402   39.769077512   33.577930217    4.821894517
   -0.095199777    1.396263402   44.816456841   19.106818121    7.434277801
    0.095199777    1.396263402   47.067783986    4.820578975   10.622735917
    0.285599332    1.396263402   46.899282143   -5.760006680   14.032209719
    0.475998887    1.396263402   45.299907996   -9.860009109   17.067133568
    0.666398442    1.396263402   43.653142510   -6.267951856   19.017199742
    0.856797996    1.396263402   43.356721738    3.867609224   19.322779931
    1.047197551    1.396263402   45.354853683   17.151361029   17.823836365
    1.237597106    1.396263402   49.811527828   28.976180857   14.856970535
    1.427996661    1.396263402   56.051467211   35.407385856   11.106854329
    1.618396215    1.396263402   62.831015647   34.528835572    7.306295365
    1.808795770    1.396263402   68.759635161   26.687314073    3.939776248
    1.999195325    1.396263402   72.665740678   13.634652112    1.126904424
    2.189594880    1.396263402   73.760323259   -2.492978975   -1.305810166
    2.379994435    1.396263402   71.649353171  -19.695138713   -3.619151836
    2.570393989    1.396263402   66.320412507  -35.927626045   -5.951574636
    2.760793544    1.396263402   58.185555497  -48.722737839   -8.198730625
    2.951193099    1.396263402   48.163401416  -55.375509990  -10.034870699

   -3.141592654    1.745329252   31.839425232  -55.962841926  -15.751266285
   -2.951193099    1.745329252   22.198192188  -44.233585827  -16.128801000
   -2.760793544    1.745329252   15.278521227  -28.228991878  -15.113256780
   -2.570393989    1.745329252   11.367418565  -13.548661882  -12.959776045
   -2.379994435    1.745329252    9.716788371   -5.090105827  -10.118120248
   -2.189594880    1.745329252    8.916470257   -4.544352394   -7.021921043
   -1.999195325    1.745329252    7.633718445   -9.431143223   -3.955732076
   -1.808795770    1.745329252    5.327545856  -14.262348397   -1.078159899
   -1.618396215    1.745329252    2.570121167  -13.388840358    1.479500867
   -1.427996661    1.745329252    0.776533286   -4.016909496    3.563378397
   -1.237597106    1.745329252    1.488051019   12.301883924    5.057967807
   -1.047197551    1.745329252    5.588352234   30.543023927    5.987109275
   -0.856797996    1.745329252   12.874053732   44.847897224    6.544527082
   -0.666398442    1.745329252   22.169713136   51.183323546    7.027418162
   -0.475998887    1.745329252   31.814811892   48.599779638    7.708221413
   -0.285599332    1.745329252   40.236807254   38.806238018    8.739647127
   -0.095199777    1.745329252   46.344288369   24.890139934   10.111786337
    0.095199777    1.745329252   49.684893020   10.319594269   11.633804092
    0.285599332    1.745329252   50.458826784   -1.531621600   12.948258831
    0.475998887    1.745329252   49.468151668   -7.836674036   13.601296807
    0.666398442    1.745329252   47.948878884   -6.985853415   13.191264966
    0.856797996    1.745329252   47.259758000    0.558803991   11.575781264
    1.047197551    1.745329252   48.446125356   12.129929110    8.977491562
    1.237597106    1.745329252   51.883446830   23.496771313    5.920726100
    1.427996661    1.745329252   57.126316439   30.547862030    2.996802314
    1.618396215    1.745329252   63.082275446   30.749784514    0.604955016
    1.808795770    1.745329252   68.378442785   23.732777123   -1.205844584
    1.999195325    1.745329252   71.745477094   10.790069306   -2.699266869
    2.189594880    1.745329252   72.247200141   -5.979590494   -4.282019768
    2.379994435    1.745329252   69.375023681  -24.220611757   -6.285013051
    2.570393989    1.745329252   63.096844262  -41.278795145   -8.792327049
    2.760793544    1.745329252   53.925558754  -54.070269751  -11.561761162
    2.951193099    1.745329252   42.977222025  -59.542504168  -14.081313945

   -3.141592654    2.094395102   25.537291856  -58.875159316  -16.173624608
   -2.951193099    2.094395102   15.591987333  -44.460340225  -16.407227508
   -2.760793544    2.094395102    8.891826481  -25.766585309  -15.164602904
   -2.570393989    2.094395102    5.659581177   -9.021691524  -12.663145188
   -2.379994435    2.094395102    4.997159239    0.615094906   -9.326549447
   -2.189594880    2.094395102    5.332820882    1.576279799   -5.575361629
   -1.999195325    2.094395102    5.213290304   -3.400060266   -1.702601427
   -1.808795770    2.094395102    4.019185817   -8.667286047    2.087169826
   -1.618396215    2.094395102    2.259923086   -8.557167000    5.566106615
   -1.427996661    2.094395102    1.290555588   -0.228515385    8.441007958
   -1.237597106    2.094395102    2.616115827   14.973955077   10.449984138
   -1.047197551    2.094395102    7.136813647   32.344541419   11.513633363
   -0.856797996    2.094395102   14.719845228   46.244533692   11.798460549
   -0.666398442    2.094395102   24.280576072   52.618019587   11.637090500
   -0.475998887    2.094395102   34.221263166   50.266774161   11.353089232
   -0.285599332    2.094395102   42.975082193   40.574613108   11.119800359
   -0.095199777    2.094395102   49.397668197   26.340716817   10.903813839
    0.095199777    2.094395102   52.938263268   10.859197995   10.493316072
    0.285599332    2.094395102   53.679604525   -2.505748795    9.584845803
    0.475998887    2.094395102   52.327727904  -10.691616366    7.915657396
    0.666398442    2.094395102   50.092295008  -11.571213817    5.413795809
    0.856797996    2.094395102   48.419636459   -5.002832309    2.324386953
    1.047197551    2.094395102   48.544194087    6.750709758   -0.826984099
    1.237597106    2.094395102   51.064019554   19.382854476   -3.431513928
    1.427996661    2.094395102   55.690777218   28.214812150   -5.078831804
    1.618396215    2.094395102   61.356509435   29.932350021   -5.743024573
    1.808795770    2.094395102   66.573617860   23.546195903   -5.785966280
    1.999195325    2.094395102   69.878077013   10.146276931   -5.779090040
    2.189594880    2.094395102   70.140570227   -7.953775012   -6.265763766
    2.379994435    2.094395102   66.731230070  -27.894007060   -7.564533947
    2.570393989    2.094395102   59.608866862  -46.366957577   -9.666143644
    2.760793544    2.094395102   49.400515079  -59.679994764  -12.216790403
    2.951193099    2.094395102   37.432928555  -64.412449807  -14.610212823

   -3.141592654    2.443460953   20.367213846  -60.783932531  -11.121468517
   -2.951193099    2.443460953   10.280784077  -43.986937046  -10.852484043
   -2.760793544    2.443460953    3.906650137  -22.870811333   -9.416182199
   -2.570393989    2.443460953    1.421972963   -4.174168398   -6.937583520
   -2.379994435    2.443460953    1.815264262    6.745336290   -3.692183542
   -2.189594880    2.443460953    3.393844774    8.420071938    0.046353607
   -1.999195325    2.443460953    4.611278121    3.733720535    4.077128267
   -1.808795770    2.443460953    4.770094150   -1.673367072    8.205757074
   -1.618396215    2.443460953    4.284699956   -2.281069372   12.129826049
   -1.427996661    2.443460953    4.390683803    4.690790455   15.413881688
   -1.237597106    2.443460953    6.486465859   18.104368416   17.620651653
   -1.047197551    2.443460953   11.430413709   33.696439838   18.512742626
   -0.856797996    2.443460953   19.133728171   46.242948927   18.167539391
   -0.666398442    2.443460953   28.612513357   51.838849152   16.915964508
   -0.475998887    2.443460953   38.365984529   49.115892423   15.148011345
   -0.285599332    2.443460953   46.873115644   39.112349439   13.122548656
   -0.095199777    2.443460953   52.968904708   24.304290687   10.875117973
    0.095199777    2.443460953   56.034396372    7.831126735    8.261628975
    0.285599332    2.443460953   56.076369599   -6.859471714    5.098962296
    0.475998887    2.443460953   53.766595517  -16.362891714    1.345201501
    0.666398442    2.443460953   50.363944087  -18.018715293   -2.766229615
    0.856797996    2.443460953   47.466465127  -11.208568252   -6.695568322
    1.047197551    2.443460953   46.524692752    1.950368713   -9.762891892
    1.237597106    2.443460953   48.333636239   16.803117626  -11.427759923
    1.427996661    2.443460953   52.693293331   27.937815558  -11.548444540
    1.618396215    2.443460953   58.475004911   31.264719865  -10.452772452
    1.808795770    2.443460953   64.007167518   25.319449166   -8.796543259
    1.999195325    2.443460953   67.595420376   11.182600902   -7.297311550
    2.189594880    2.443460953   67.916175035   -8.464489855   -6.492381552
    2.379994435    2.443460953   64.237600015  -30.197911234   -6.612571368
    2.570393989    2.443460953   56.530322345  -50.094410246   -7.567631903
    2.760793544    2.443460953   45.543751500  -63.944686372   -8.995427301
    2.951193099    2.443460953   32.805006186  -68.046634188  -10.365139418

   -3.141592654    2.792526803   17.747319064  -60.957539494    0.918802457
   -2.951193099    2.792526803    7.767182502  -42.669184535    2.544756217
   -2.760793544    2.792526803    1.797168074  -19.969227824    4.412160427
   -2.570393989    2.792526803    0.000000000    0.088031304    6.444363125
   -2.379994435    2.792526803    1.306820508   12.018911775    8.638503240
   -2.189594880    2.792526803    3.961574739   14.406735582   11.093111567
   -1.999195325    2.792526803    6.367535228   10.187268089   13.922503155
   -1.808795770    2.792526803    7.773987307    4.901717387   17.088359916
   -1.618396215    2.792526803    8.507271274    3.823975376   20.267325344
   -1.427996661    2.792526803    9.669512708    9.547417692   22.880953038
   -1.237597106    2.792526803   12.513416764   21.016862965   24.313101927
   -1.047197551    2.792526803   17.798530525   34.359419253   24.196624601
   -0.856797996    2.792526803   25.425136106   44.835368787   22.579681296
   -0.666398442    2.792526803   34.477110191   48.844640002   19.861979060
   -0.475998887    2.792526803   43.547940051   44.997677314   16.557962411
   -0.285599332    2.792526803   51.181994866   34.065496843   13.045098603
   -0.095199777    2.792526803   56.223657846   18.252061477    9.434527956
    0.095199777    2.792526803   58.029250470    0.638946642    5.624273705
    0.285599332    2.792526803   56.599326092  -15.069889137    1.480233298
    0.475998887    2.792526803   52.674083191  -24.975433108   -2.952872693
    0.666398442    2.792526803   47.678828191  -25.909838867   -7.331244938
    0.856797996    2.792526803   43.451053890  -17.067476879  -11.045895871
    1.047197551    2.792526803   41.669696224   -0.881096584  -13.449532484
    1.237597106    2.792526803   43.252107254   17.226966898  -14.155924330
    1.427996661    2.792526803   47.955618969   30.956544708  -13.234310508
    1.618396215    2.792526803   54.460211149   35.608692755  -11.179736646
    1.808795770    2.792526803   60.833839193   29.606775550   -8.684013937
    1.999195325    2.792526803   65.146177877   14.375346025   -6.354201933
    2.189594880    2.792526803   65.926703088   -6.858961406   -4.522991891
    2.379994435    2.792526803   62.401260849  -30.150774296   -3.222848766
    2.570393989    2.792526803   54.586027739  -51.178387621   -2.274167672
    2.760793544    2.792526803   43.337909751  -65.483214945   -1.410231159
    2.951193099    2.792526803   30.325625294  -69.259484255   -0.392892697
