#! FIELDS phi psi file.free der_phi der_psi
#! SET min_phi -pi
#! SET max_phi pi
#! SET nbins_phi  33
#! SET periodic_phi true
#! SET min_psi -pi
#! SET max_psi pi
#! SET nbins_psi  18
#! SET periodic_psi true
   -3.141592654   -3.141592654   20.514048013  -56.772552141   12.198427139
   -2.951193099   -3.141592654   11.164925497  -40.225439485   15.001194134
   -2.760793544   -3.141592654    5.521413189  -18.856790628   17.222303337
   -2.570393989   -3.141592654    3.877046704    0.750636595   18.791939765
   -2.379994435   -3.141592654    5.347133440   13.221198182   19.915258776
   -2.189594880   -3.141592654    8.342329220   16.856782173   20.985530092
   -1.999195325   -3.141592654   11.351017192   14.043852243   22.363184223
   -1.808795770   -3.141592654   13.591746959    9.676325175   24.132440266
   -1.618396215   -3.141592654   15.243113940    8.488688298   25.975942317
   -1.427996661   -3.141592654   17.182687112   12.837233619   27.265151342
   -1.237597106   -3.141592654   20.432419050   21.855291637   27.336370356
   -1.047197551   -3.141592654   25.595874915   32.233283778   25.813628539
   -0.856797996   -3.141592654   32.544780294   39.940113147   22.787240405
   -0.666398442   -3.141592654   40.458074898   41.945902490   18.742953410
   -0.475998887   -3.141592654   48.103390519   37.101057974   14.306151773
   -0.285599332   -3.141592654   54.212903451   26.088145892    9.950641316
   -0.095199777   -3.141592654   57.782040097   10.851628018    5.831226869
    0.095199777   -3.141592654   58.264693495   -5.808217850    1.833602830
    0.285599332   -3.141592654   55.711992735  -20.388224288   -2.215299662
    0.475998887   -3.141592654   50.885904317  -29.108659675   -6.296540420
    0.666398442   -3.141592654   45.216039027  -28.855559545  -10.064394055
    0.856797996   -3.141592654   40.535349890  -18.880104307  -12.922669177
    1.047197551   -3.141592654   38.504022898   -1.710278006  -14.298750529
    1.237597106   -3.141592654   40.002071786   17.138112280  -13.956825073
    1.427996661   -3.141592654   44.736572438   31.344816060  -12.133857527
    1.618396215   -3.141592654   51.346049489   36.321173522   -9.424537234
    1.808795770   -3.141592654   57.890853811   30.737387932   -6.484507880
    1.999195325   -3.141592654   62.483526113   16.270431682   -3.755160607
    2.189594880   -3.141592654   63.732697623   -3.762458473   -1.337652765
    2.379994435   -3.141592654   60.933509575  -25.611976336    0.940919409
    2.570393989   -3.141592654   54.106634139  -45.422282777    3.351530705
    2.760793544   -3.141592654   44.014125687  -59.266499852    6.081201416
    2.951193099   -3.141592654   32.146577378  -63.622180605    9.108558195

   -3.141592654   -2.792526803   26.310100393  -50.709245652   18.505041471
   -2.951193099   -2.792526803   17.973740996  -35.777016861   21.683818279
   -2.760793544   -2.792526803   12.991753038  -16.359747831   23.769950790
   -2.570393989   -2.792526803   11.659751125    1.649828304   24.780362985
   -2.379994435   -2.792526803   13.219204559   13.439798993   25.104144811
   -2.189594880   -2.792526803   16.275944457   17.439865622   25.316318367
   -1.999195325   -2.792526803   19.486818628   15.635846525   25.874646072
   -1.808795770   -2.792526803   22.124623818   12.166761761   26.863427314
   -1.618396215   -2.792526803   24.270783446   11.000885605   27.916385593
   -1.427996661   -2.792526803   26.589153690   14.084866950   28.370656923
   -1.237597106   -2.792526803   29.861445521   20.703554832   27.573451167
   -1.047197551   -2.792526803   34.530807865   28.192956305   25.197645626
   -0.856797996   -2.792526803   40.455593585   33.348124174   21.393119207
   -0.666398442   -2.792526803   46.941959344   33.744436007   16.691604602
   -0.475998887   -2.792526803   52.957750292   28.363857047   11.743251634
   -0.285599332   -2.792526803   57.416035160   17.574214667    7.026904416
   -0.095199777   -2.792526803   59.410210900    2.836313093    2.689883842
    0.095199777   -2.792526803   58.410497179  -13.375431775   -1.380503365
    0.285599332   -2.792526803   54.456150595  -27.514456219   -5.332842871
    0.475998887   -2.792526803   48.338980775  -35.440891822   -9.106182097
    0.666398442   -2.792526803   41.595588840  -33.648436149  -12.325375452
    0.856797996   -2.792526803   36.214436240  -21.311358452  -14.428140053
    1.047197551   -2.792526803   33.981472857   -1.367065793  -14.953652914
    1.237597106   -2.792526803   35.791312124   19.974256480  -13.826029830
    1.427996661   -2.792526803   41.235798994   35.793364572  -11.413727331
    1.618396215   -2.792526803   48.761037628   41.333541069   -8.350587494
    1.808795770   -2.792526803   56.251419985   35.578792773   -5.216742558
    1.999195325   -2.792526803   61.732144461   20.778827137   -2.300807092
    2.189594880   -2.792526803   63.832016069    0.747694819    0.461132496
    2.379994435   -2.792526803   61.934286568  -20.572693812    3.355183864
    2.570393989   -2.792526803   56.148157219  -39.503985404    6.668013214
    2.760793544   -2.792526803   47.262491394  -52.576736375   10.487120366
    2.951193099   -2.792526803   36.697191647  -56.781189469   14.591417640

   -3.141592654   -2.443460953   32.853633986  -44.052602689   17.868293381
   -2.951193099   -2.443460953   25.625860533  -30.924973231   20.623079904
   -2.760793544   -2.443460953   21.359082459  -13.707859296   22.252848634
   -2.570393989   -2.443460953   20.343091649    2.429398885   22.793801592
   -2.379994435   -2.443460953   21.940640580   13.232485417   22.614803450
   -2.189594880   -2.443460953   24.943010596   17.215024497   22.224622865
   -1.999195325   -2.443460953   28.156901692   15.923491147   21.999130908
   -1.808795770   -2.443460953   30.888079436   12.762822844   21.986887188
   -1.618396215   -2.443460953   33.112461817   11.050230116   21.886161914
   -1.427996661   -2.443460953   35.301013122   12.502110850   21.205525103
   -1.237597106   -2.443460953   38.050485851   16.725501248   19.512074703
   -1.047197551   -2.443460953   41.723449635   21.777255694   16.658398239
   -0.856797996   -2.443460953   46.246496027   25.217794510   12.865971634
   -0.666398442   -2.443460953   51.111046478   25.049691342    8.617447302
   -0.475998887   -2.443460953   55.503019019   20.160862008    4.432758196
   -0.285599332   -2.443460953   58.493302855   10.401295067    0.642634165
   -0.095199777   -2.443460953   59.219081685   -3.356876777   -2.728121450
    0.095199777   -2.443460953   57.103095084  -18.966610363   -5.862829337
    0.285599332   -2.443460953   52.117527382  -32.757763083   -8.935238002
    0.475998887   -2.443460953   45.047066583  -40.119387054  -11.885379543
    0.666398442   -2.443460953   37.518258045  -37.072028793  -14.337382504
    0.856797996   -2.443460953   31.669112704  -22.672348987  -15.748382677
    1.047197551   -2.443460953   29.410067861   -0.254233945  -15.690786433
    1.237597106   -2.443460953   31.650901491   23.295705548  -14.118270719
    1.427996661   -2.443460953   37.874496009   40.487894513  -11.407430427
    1.618396215   -2.443460953   46.346275826   46.435903137   -8.173222040
    1.808795770   -2.443460953   54.793385969   40.461635477   -4.958252204
    1.999195325   -2.443460953   61.173987837   25.382694288   -2.014688367
    2.189594880   -2.443460953   64.154407144    5.484429673    0.742035148
    2.379994435   -2.443460953   63.217329756  -15.136138083    3.597325787
    2.570393989   -2.443460953   58.563772967  -33.024530261    6.818949645
    2.760793544   -2.443460953   51.003523552  -45.215498597   10.469343511
    2.951193099   -2.443460953   41.871475730  -49.251739799   14.310103581

   -3.141592654   -2.094395102   38.076192091  -39.123708420   11.711725936
   -2.951193099   -2.094395102   31.650880288  -27.522341595   13.354703529
   -2.760793544   -2.094395102   27.863648574  -12.070816861   14.234200639
   -2.570393989   -2.094395102   27.010700077    2.592994614   14.384125885
   -2.379994435   -2.094395102   28.549073490   12.566037821   14.021011420
   -2.189594880   -2.094395102   31.396326878   16.330217748   13.410065544
   -1.999195325   -2.094395102   34.442999591   15.047165362   12.704057419
   -1.808795770   -2.094395102   36.989553986   11.616186335   11.862877351
   -1.618396215   -2.094395102   38.921662732    9.015679222   10.693331625
   -1.427996661   -2.094395102   40.588316895    8.977367569    8.985474168
   -1.237597106   -2.094395102   42.502325737   11.487420222    6.653580160
   -1.047197551   -2.094395102   45.036110829   15.162525449    3.818043537
   -0.856797996   -2.094395102   48.230075871   18.036398051    0.780058630
   -0.666398442   -2.094395102   51.748860468   18.246824816   -2.106677541
   -0.475998887   -2.094395102   54.937243985   14.403750422   -4.590482601
   -0.285599332   -2.094395102   56.943003986    5.787873898   -6.630659405
   -0.095199777   -2.094395102   56.868169339   -7.249160466   -8.421963427
    0.095199777   -2.094395102   54.029850278  -22.746847732  -10.258827192
    0.285599332   -2.094395102   48.305315277  -36.739650504  -12.333890029
    0.475998887   -2.094395102   40.476178926  -43.988257051  -14.551993726
    0.666398442   -2.094395102   32.288687687  -39.939584356  -16.480741350
    0.856797996   -2.094395102   26.071552058  -23.511442447  -17.517490014
    1.047197551   -2.094395102   23.896481175    1.505583447  -17.178659971
    1.237597106   -2.094395102   26.708322570   27.432218223  -15.368043993
    1.427996661   -2.094395102   33.877976630   46.096927899  -12.434034879
    1.618396215   -2.094395102   43.469073037   52.408630362   -8.996544634
    1.808795770   -2.094395102   53.021905149   46.010707935   -5.642145169
    1.999195325   -2.094395102   60.398987903   30.313830346   -2.697839278
    2.189594880   -2.094395102   64.282030455   10.112720855   -0.166563901
    2.379994435   -2.094395102   64.238781093  -10.298970724    2.160753261
    2.570393989   -2.094395102   60.556264801  -27.637456818    4.516491596
    2.760793544   -2.094395102   54.071825605  -39.361623221    6.997270554
    2.951193099   -2.094395102   46.059812365  -43.467444436    9.488404772

   -3.141592654   -1.745329252   40.822099924  -36.707687222    5.615115060
   -2.951193099   -1.745329252   34.770024875  -26.080111294    6.146351236
   -2.760793544   -1.745329252   31.149426664  -11.771605165    6.229763832
   -2.570393989   -1.745329252   30.250909287    1.851666294    5.903108611
   -2.379994435   -1.745329252   31.569788052   11.050334045    5.263049379
   -2.189594880   -1.745329252   34.072942225   14.251508773    4.383724559
   -1.999195325   -1.745329252   36.671710144   12.401163160    3.249932642
   -1.808795770   -1.745329252   38.645877429    8.212154628    1.767361727
   -1.618396215   -1.745329252   39.842639238    4.685938554   -0.153650724
   -1.427996661   -1.745329252   40.601229118    3.815878594   -2.490796886
   -1.237597106   -1.745329252   41.486977096    5.956113046   -5.059218258
   -1.047197551   -1.745329252   42.987414514    9.975669678   -7.545646255
   -0.856797996   -1.745329252   45.283850727   13.898948738   -9.613131120
   -0.666398442   -1.745329252   48.150533131   15.566582909  -11.036123994
   -0.475998887   -1.745329252   50.965856397   13.122471770  -11.792985764
   -0.285599332   -1.745329252   52.821319521    5.373042318  -12.079971780
   -0.095199777   -1.745329252   52.687576429   -7.589718092  -12.260714277
    0.095199777   -1.745329252   49.731398978  -23.735699932  -12.710961865
    0.285599332   -1.745329252   43.729123563  -38.660733106  -13.643247653
    0.475998887   -1.745329252   35.469603937  -46.461010001  -14.959928423
    0.666398442   -1.745329252   26.831934844  -42.004429001  -16.232607243
    0.856797996   -1.745329252   20.351931220  -24.036237377  -16.866715529
    1.047197551   -1.745329252   18.287632536    3.256711402  -16.367912665
    1.237597106   -1.745329252   21.653919636   31.422999367  -14.595683634
    1.427996661   -1.745329252   29.741222346   51.565424308  -11.828874353
    1.618396215   -1.745329252   40.428336215   58.267566915   -8.623491239
    1.808795770   -1.745329252   51.060321992   51.367034276   -5.539762783
    1.999195325   -1.745329252   59.374664621   34.778379610   -2.929923977
    2.189594880   -1.745329252   64.028732034   13.793687988   -0.862362890
    2.379994435   -1.745329252   64.641019634   -7.031031416    0.793954261
    2.570393989   -1.745329252   61.569756512  -24.446347165    2.221255611
    2.760793544   -1.745329252   55.695456385  -36.157182545    3.528816878
    2.951193099   -1.745329252   48.280937789  -40.456040370    4.698363818

   -3.141592654   -1.396263402   40.265925068  -37.560626384    2.779641017
   -2.951193099   -1.396263402   34.047542745  -26.967111551    2.462412055
   -2.760793544   -1.396263402   30.259780914  -12.645082477    1.776139148
   -2.570393989   -1.396263402   29.191984376    0.924356966    0.788184871
   -2.379994435   -1.396263402   30.313818690    9.863849041   -0.447585005
   -2.189594880   -1.396263402   32.541302325   12.483748473   -1.952555045
   -1.999195325   -1.396263402   34.720989343    9.720047460   -3.825541253
   -1.808795770   -1.396263402   36.082617385    4.458062776   -6.155050154
   -1.618396215   -1.396263402   36.474554205    0.057489728   -8.891628089
   -1.427996661   -1.396263402   36.314616513   -1.069560817  -11.771246221
   -1.237597106   -1.396263402   36.315965749    1.709917560  -14.362820905
   -1.047197551   -1.396263402   37.138383312    7.225467604  -16.224532099
   -0.856797996   -1.396263402   39.096477838   13.130768464  -17.075396578
   -0.666398442   -1.396263402   42.004766890   16.703209947  -16.903686470
   -0.475998887   -1.396263402   45.173005279   15.556744532  -15.960768185
   -0.285599332   -1.396263402   47.541630206    8.155907383  -14.661703107
   -0.095199777   -1.396263402   47.892197874   -5.433162955  -13.464376190
    0.095199777   -1.396263402   45.228027333  -22.905076458  -12.725309882
    0.285599332   -1.396263402   39.240490009  -39.309798795  -12.583747038
    0.475998887   -1.396263402   30.750867503  -48.091086017  -12.896975611
    0.666398442   -1.396263402   21.787797367  -43.601262683  -13.270844815
    0.856797996   -1.396263402   15.099869514  -24.453991097  -13.222938692
    1.047197551   -1.396263402   13.135081424    4.784690750  -12.391137241
    1.237597106   -1.396263402   16.988343115   34.943373192  -10.704356489
    1.427996661   -1.396263402   25.888657993   56.419622194   -8.402038598
    1.618396215   -1.396263402   37.546686719   63.429946231   -5.903322758
    1.808795770   -1.396263402   49.114961116   55.902182654   -3.601037839
    1.999195325   -1.396263402   58.186583527   38.142211450   -1.718429386
    2.189594880   -1.396263402   63.358073861   15.874578611   -0.278820130
    2.379994435   -1.396263402   64.257841463   -6.050988581    0.814673317
    2.570393989   -1.396263402   61.291089761  -24.279914303    1.667099943
    2.760793544   -1.396263402   55.393135434  -36.532045995    2.314453133
    2.951193099   -1.396263402   47.873847383  -41.153339676    2.712727459

   -3.141592654   -1.047197551   38.400988166  -40.645213684    3.216815052
   -2.951193099   -1.047197551   31.598769176  -29.947686434    2.301938275
   -2.760793544   -1.047197551   27.283314725  -15.168745955    0.824477178
   -2.570393989   -1.047197551   25.787555197   -1.063433746   -1.070141274
   -2.379994435   -1.047197551   26.562338052    8.133616777   -3.235101980
   -2.189594880   -1.047197551   28.443713544   10.483742935   -5.616019406
   -1.999195325   -1.047197551   30.176117661    6.962258168   -8.257146520
   -1.808795770   -1.047197551   30.926921420    0.825505492  -11.187738699
   -1.618396215   -1.047197551   30.574407972   -4.009103519  -14.266621944
   -1.427996661   -1.047197551   29.667678225   -4.673566173  -17.112265589
   -1.237597106   -1.047197551   29.107222858   -0.437150336  -19.199641613
   -1.047197551   -1.047197551   29.715589227    7.188852882  -20.087415286
   -0.856797996   -1.047197551   31.876088095   15.244310485  -19.625598025
   -0.666398442   -1.047197551   35.350482937   20.391510292  -18.030564804
   -0.475998887   -1.047197551   39.297579278   19.870426861  -15.786220921
   -0.285599332   -1.047197551   42.466202764   12.082343872  -13.444196937
   -0.095199777   -1.047197551   43.462564456   -2.678949185  -11.438166011
    0.095199777   -1.047197551   41.178982124  -21.680722198   -9.964573772
    0.285599332   -1.047197551   35.288745972  -39.441619637   -8.962320201
    0.475998887   -1.047197551   26.694497987  -48.916456658   -8.179369254
    0.666398442   -1.047197551   17.582072505  -44.192612516   -7.302322384
    0.856797996   -1.047197551   10.874719395  -23.966344494   -6.121573888
    1.047197551   -1.047197551    9.144398286    6.768894904   -4.623698856
    1.237597106   -1.047197551   13.510067597   38.258899275   -2.985305434
    1.427996661   -1.047197551   23.121655114   60.439392637   -1.459523541
    1.618396215   -1.047197551   35.549588490   67.366771457   -0.241411587
    1.808795770   -1.047197551   47.807223983   59.117304807    0.623785520
    1.999195325   -1.047197551   57.392870354   40.290745851    1.232345117
    2.189594880   -1.047197551   62.863537205   16.867945134    1.744518464
    2.379994435   -1.047197551   63.845640186   -6.167904605    2.282344477
    2.570393989   -1.047197551   60.757231361  -25.426479925    2.854917696
    2.760793544   -1.047197551   54.551756772  -38.589749443    3.339117462
    2.951193099   -1.047197551   46.570689243  -43.904347754    3.528319978

   -3.141592654   -0.698131701   38.544901583  -43.040261494    2.344113795
   -2.951193099   -0.698131701   31.188102649  -33.330165957    0.646352295
   -2.760793544   -0.698131701   26.160799177  -19.190770113   -1.686642031
   -2.570393989   -0.698131701   23.869643401   -5.341905732   -4.420632365
   -2.379994435   -0.698131701   23.822750784    3.791521763   -7.331687223
   -2.189594880   -0.698131701   24.867381731    6.010937147  -10.310987984
   -1.999195325   -0.698131701   25.723891563    2.223273048  -13.344385363
   -1.808795770   -0.698131701   25.553166878   -4.056783071  -16.366710375
   -1.618396215   -0.698131701   24.300959275   -8.437056550  -19.109507010
   -1.427996661   -0.698131701   22.668723430   -7.694431784  -21.090967471
   -1.237597106   -0.698131701   21.740327969   -1.168434093  -21.795446765
   -1.047197551   -0.698131701   22.459557074    9.079531719  -20.951628959
   -0.856797996   -0.698131701   25.200659744   19.323585842  -18.710460736
   -0.666398442   -0.698131701   29.581218112   25.630362259  -15.610025767
   -0.475998887   -0.698131701   34.540994708   25.077085309  -12.345543076
   -0.285599332   -0.698131701   38.621521652   16.337358184   -9.483506355
   -0.095199777   -0.698131701   40.302450761    0.239946754   -7.257657296
    0.095199777   -0.698131701   38.458314567  -19.914881586   -5.536358247
    0.285599332   -0.698131701   32.839623504  -38.241863213   -3.947104740
    0.475998887   -0.698131701   24.475781917  -47.588152468   -2.105310372
    0.666398442   -0.698131701   15.669547363  -42.266546741    0.153933150
    0.856797996   -0.698131701    9.395099894  -21.391676501    2.641512212
    1.047197551   -0.698131701    8.192398870    9.637134591    4.890202715
    1.237597106   -0.698131701   13.090029685   40.879857575    6.397331517
    1.427996661   -0.698131701   23.141627843   62.385435672    6.893568997
    1.618396215   -0.698131701   35.863394494   68.512408423    6.472648769
    1.808795770   -0.698131701   48.275764359   59.644236068    5.521788128
    1.999195325   -0.698131701   57.928987136   40.529713477    4.517428301
    2.189594880   -0.698131701   63.440818216   17.092917763    3.817436478
    2.379994435   -0.698131701   64.471660971   -5.892223467    3.544715595
    2.570393989   -0.698131701   61.426812254  -25.297913723    3.577473429
    2.760793544   -0.698131701   55.202630645  -38.984208627    3.614940611
    2.951193099   -0.698131701   47.065795479  -45.204816718    3.300078202

   -3.141592654   -0.349065850   39.131684071  -45.918514688    1.605338144
   -2.951193099   -0.349065850   31.096484136  -37.517550160   -0.401265496
   -2.760793544   -0.349065850   25.176430625  -24.286835688   -3.020956572
   -2.570393989   -0.349065850   21.869430608  -10.836017760   -5.986255419
   -2.379994435   -0.349065850   20.768847593   -1.742962378   -9.048119433
   -2.189594880   -0.349065850   20.767280253    0.566846360  -12.074736949
   -1.999195325   -0.349065850   20.602817679   -3.025167594  -15.005643376
   -1.808795770   -0.349065850   19.478250358   -8.728005783  -17.691734340
   -1.618396215   -0.349065850   17.451214174  -11.745123505  -19.767730840
   -1.427996661   -0.349065850   15.394825312   -8.691439445  -20.708163377
   -1.237597106   -0.349065850   14.550420262    0.753876120  -20.071648591
   -1.047197551   -0.349065850   15.906857450   13.745108168  -17.793331137
   -0.856797996   -0.349065850   19.721415250   25.712285974  -14.302133870
   -0.666398442   -0.349065850   25.365899931   32.269881144  -10.369511504
   -0.475998887   -0.349065850   31.506226186   30.658080466   -6.772056805
   -0.285599332   -0.349065850   36.492542324   20.234208139   -3.964240328
   -0.095199777   -0.349065850   38.767691362    2.688778932   -1.902979934
    0.095199777   -0.349065850   37.321269563  -18.004012902   -0.128679132
    0.285599332   -0.349065850   32.104516867  -35.767773215    1.965769135
    0.475998887   -0.349065850   24.326995155  -43.849470275    4.779460902
    0.666398442   -0.349065850   16.350587991  -37.397350268    8.228184144
    0.856797996   -0.349065850   11.041011844  -16.357103920   11.694731202
    1.047197551   -0.349065850   10.708768793   13.514915689   14.288196853
    1.237597106   -0.349065850   16.150589070   42.604377081   15.287291108
    1.427996661   -0.349065850   26.304580272   61.784041881   14.501953821
    1.618396215   -0.349065850   38.738056770   66.249920489   12.347670542
    1.808795770   -0.349065850   50.647738367   56.817678371    9.610080728
    1.999195325   -0.349065850   59.790334372   38.127566626    7.077431837
    2.189594880   -0.349065850   64.930707578   15.631765066    5.247365581
    2.379994435   -0.349065850   65.773112638   -6.460596207    4.223400033
    2.570393989   -0.349065850   62.667670870  -25.477848372    3.775132417
    2.760793544   -0.349065850   56.389436875  -39.497066504    3.473493140
    2.951193099   -0.349065850   48.069090641  -46.719812025    2.862692630

   -3.141592654    0.000000000   39.713284190  -48.791235452    0.302556571
   -2.951193099    0.000000000   31.008374270  -41.608215397   -1.572692184
   -2.760793544    0.000000000   24.225181677  -29.159750808   -3.856956150
   -2.570393989    0.000000000   19.959937906  -15.942365192   -6.328749651
   -2.379994435    0.000000000   17.897786483   -6.691987979   -8.807862205
   -2.189594880    0.000000000   16.983880786   -4.045447237  -11.210462985
   -1.999195325    0.000000000   15.986629055   -7.112782964  -13.467849305
   -1.808795770    0.000000000   14.167517148  -11.827039919  -15.377461325
   -1.618396215    0.000000000   11.704581748  -13.082202390  -16.533893238
   -1.427996661    0.000000000    9.623126770   -7.520104238  -16.455466767
   -1.237597106    0.000000000    9.264269456    4.648792263  -14.854063732
   -1.047197551    0.000000000   11.578919194   19.738284523  -11.878456495
   -0.856797996    0.000000000   16.632567252   32.486656417   -8.132602994
   -0.666398442    0.000000000   23.523448283   38.376498351   -4.429022343
   -0.475998887    0.000000000   30.682513382   35.156124846   -1.417731093
   -0.285599332    0.000000000   36.362811290   23.095697939    0.697202395
   -0.095199777    0.000000000   39.088457735    4.752496827    2.250109218
    0.095199777    0.000000000   38.060699584  -15.454553840    3.928077312
    0.285599332    0.000000000   33.466286942  -31.659507506    6.417306634
    0.475998887    0.000000000   26.646812729  -37.952121205   10.004200351
    0.666398442    0.000000000   19.900877668  -30.618694180   14.319636745
    0.856797996    0.000000000   15.832314260  -10.442643896   18.390230028
    1.047197551    0.000000000   16.399685754   16.785190063   21.038540954
    1.237597106    0.000000000   22.127869476   42.285968769   21.448459814
    1.427996661    0.000000000   31.895195946   58.202518179   19.555634943
    1.618396215    0.000000000   43.438945999   60.768590934   16.045160700
    1.808795770    0.000000000   54.259715146   51.134885565   11.983825290
    1.999195325    0.000000000   62.410521297   33.558489054    8.344147771
    2.189594880    0.000000000   66.837796911   12.736904417    5.675429255
    2.379994435    0.000000000   67.278539870   -7.865497301    4.036183927
    2.570393989    0.000000000   63.994577876  -26.092322554    3.125413134
    2.760793544    0.000000000   57.603908158  -40.211467787    2.472572046
    2.951193099    0.000000000   49.074162284  -48.310679962    1.629687988

   -3.141592654    0.349065850   40.653052656  -50.572367382    0.108332109
   -2.951193099    0.349065850   31.506659747  -44.415028230   -1.003034725
   -2.760793544    0.349065850   24.109498978  -32.727498369   -2.337154248
   -2.570393989    0.349065850   19.123827787  -19.875724269   -3.805844806
   -2.379994435    0.349065850   16.304691616  -10.667069167   -5.346146178
   -2.189594880    0.349065850   14.648086353   -7.832854491   -6.929574108
   -1.999195325    0.349065850   12.970540066  -10.401420044   -8.481534130
   -1.808795770    0.349065850   10.615065761  -14.055741773   -9.779069936
   -1.618396215    0.349065850    7.887522757  -13.511242723  -10.439684279
   -1.427996661    0.349065850    5.942734843   -5.604480696  -10.071107330
   -1.237597106    0.349065850    6.171857537    8.824971211   -8.507344511
   -1.047197551    0.349065850    9.434095716   25.310982041   -5.973763828
   -0.856797996    0.349065850   15.576144634   38.117922124   -3.036351868
   -0.666398442    0.349065850   23.445173094   42.874578563   -0.335362779
   -0.475998887    0.349065850   31.307827696   38.039233521    1.737961175
   -0.285599332    0.349065850   37.414150464   24.836791235    3.232127255
   -0.095199777    0.349065850   40.454344827    6.549688013    4.635386499
    0.095199777    0.349065850   39.885668094  -12.222031341    6.629480169
    0.285599332    0.349065850   36.118930281  -26.136505647    9.732020402
    0.475998887    0.349065850   30.559896250  -30.388576144   13.948859593
    0.666398442    0.349065850   25.338000721  -22.519881424   18.620175414
    0.856797996    0.349065850   22.686320390   -4.066149257   22.588217267
    1.047197551    0.349065850   24.137976008   19.427662598   24.666675843
    1.237597106    0.349065850   29.936280243   40.376988705   24.194656529
    1.427996661    0.349065850   38.953134794   52.475945503   21.337691188
    1.618396215    0.349065850   49.186038780   53.087771092   16.977174130
    1.808795770    0.349065850   58.526755115   43.593515147   12.272264422
    1.999195325    0.349065850   65.381089710   27.661163288    8.185793166
    2.189594880    0.349065850   68.894486905    9.051150851    5.203360551
    2.379994435    0.349065850   68.828041731   -9.602471717    3.329351828
    2.570393989    0.349065850   65.340198045  -26.648879648    2.261889884
    2.760793544    0.349065850   58.882845926  -40.503074351    1.588796762
    2.951193099    0.349065850   50.258212686  -49.120802527    0.947692937

   -3.141592654    0.698131701   42.021323435  -50.301030452   -0.873289385
   -2.951193099    0.698131701   32.859185082  -44.867142124   -1.110035494
   -2.760793544    0.698131701   25.294057683  -34.032776404   -1.289652935
   -2.570393989    0.698131701   19.981449357  -21.982202578   -1.502871750
   -2.379994435    0.698131701   16.698203844  -13.397355939   -1.854287688
   -2.189594880    0.698131701   14.483895652  -10.900497091   -2.412689890
   -1.999195325    0.698131701   12.223964265  -13.362005861   -3.141325737
   -1.808795770    0.698131701    9.362249023  -16.302172204   -3.860227074
   -1.618396215    0.698131701    6.326156289  -14.413368740   -4.284217521
   -1.427996661    0.698131701    4.370715040   -4.791660817   -4.146502165
   -1.237597106    0.698131701    4.911332973   11.207781275   -3.342512724
   -1.047197551    0.698131701    8.727000685   28.591274225   -2.004089399
   -0.856797996    0.698131701   15.506864068   41.393651867   -0.438501091
   -0.666398442    0.698131701   23.941577921   45.482264064    1.055364797
   -0.475998887    0.698131701   32.226693776   39.917207418    2.380025473
   -0.285599332    0.698131701   38.666452447   26.615357632    3.728628178
   -0.095199777    0.698131701   42.117235637    9.267397914    5.540477142
    0.095199777    0.698131701   42.233816841   -7.623338302    8.279708939
    0.285599332    0.698131701   39.550512600  -19.392558360   12.148902708
    0.475998887    0.698131701   35.426116493  -22.288289633   16.838444636
    0.666398442    0.698131701   31.740778813  -14.836169453   21.478855378
    0.856797996    0.698131701   30.342033020    1.061574549   24.888180238
    1.047197551    0.698131701   32.393266101   20.419456614   26.047630939
    1.237597106    0.698131701   37.950943643   36.933016546   24.573635473
    1.427996661    0.698131701   45.966246759   45.680707175   20.892415689
    1.618396215    0.698131701   54.736793851   44.869592123   16.022780619
    1.808795770    0.698131701   62.533995897   35.884234588   11.103495221
    1.999195325    0.698131701   68.077243137   21.744275897    6.968503017
    2.189594880    0.698131701   70.676096282    5.369919448    3.953486273
    2.379994435    0.698131701   70.107878155  -11.266223046    1.975220858
    2.570393989    0.698131701   66.451063388  -26.871440769    0.749327738
    2.760793544    0.698131701   60.034362590  -39.964533760   -0.018299389
    2.951193099    0.698131701   51.532411430  -48.458391954   -0.526173334

   -3.141592654    1.047197551   40.736796921  -50.992043169   -4.976894182
   -2.951193099    1.047197551   31.510063140  -44.844170021   -4.869541413
   -2.760793544    1.047197551   24.004660145  -33.468396735   -4.279217112
   -2.570393989    1.047197551   18.824736210  -21.217072375   -3.447519532
   -2.379994435    1.047197551   15.675781726  -12.807608587   -2.670210468
   -2.189594880    1.047197551   13.536732772  -10.717364580   -2.167431363
   -1.999195325    1.047197551   11.273282490  -13.553313835   -1.993605214
   -1.808795770    1.047197551    8.360267012  -16.589258300   -2.039966005
   -1.618396215    1.047197551    5.290568639  -14.421149193   -2.113136174
   -1.427996661    1.047197551    3.383600261   -4.250346072   -2.037112431
   -1.237597106    1.047197551    4.084062574   12.323096594   -1.717865041
   -1.047197551    1.047197551    8.152828914   30.079779868   -1.147719485
   -0.856797996    1.047197551   15.230878012   42.998000917   -0.363605780
   -0.666398442    1.047197551   23.973130166   47.121619831    0.628093383
   -0.475998887    1.047197551   32.590717827   41.838535879    1.908406043
   -0.285599332    1.047197551   39.466661635   29.388199239    3.658648141
   -0.095199777    1.047197551   43.579389289   13.544135561    6.113628984
    0.095199777    1.047197551   44.686083407   -1.488141831    9.415005330
    0.285599332    1.047197551   43.327584407  -11.741832076   13.438367564
    0.475998887    1.047197551   40.714704266  -14.332295907   17.668437470
    0.666398442    1.047197551   38.430326465   -8.402950395   21.249441586
    0.856797996    1.047197551   37.966010248    4.191066474   23.258203731
    1.047197551    1.047197551   40.214433148   19.303186872   23.084451588
    1.237597106    1.047197551   45.171938347   31.907780267   20.724130009
    1.427996661    1.047197551   51.965928926   38.179936235   16.786677658
    1.618396215    1.047197551   59.220314131   36.741604883   12.216124254
    1.808795770    1.047197551   65.534281430   28.623783810    7.882024636
    1.999195325    1.047197551   69.840169391   16.055489814    4.294664399
    2.189594880    1.047197551   71.506744698    1.211944843    1.542938920
    2.379994435    1.047197551   70.259166547  -14.325103835   -0.552933670
    2.570393989    1.047197551   66.089093141  -29.258035397   -2.216146452
    2.760793544    1.047197551   59.264345804  -41.869045600   -3.553558570
    2.951193099    1.047197551   50.447538599  -49.825695533   -4.515784754

   -3.141592654    1.396263402   36.780866186  -52.479093527  -10.279649879
   -2.951193099    1.396263402   27.454949306  -44.380344746  -10.379836530
   -2.760793544    1.396263402   20.207826938  -31.308084563   -9.517607458
   -2.570393989    1.396263402   15.545655126  -18.084473292   -7.974742531
   -2.379994435    1.396263402   13.016151460   -9.569911383   -6.166288068
   -2.189594880    1.396263402   11.448588508   -8.030825828   -4.454272256
   -1.999195325    1.396263402    9.619469011  -11.691726975   -3.027261404
   -1.808795770    1.396263402    6.984992661  -15.497799170   -1.911041333
   -1.618396215    1.396263402    4.066814979  -13.882161125   -1.057042930
   -1.427996661    1.396263402    2.230550283   -4.008859878   -0.414308691
   -1.237597106    1.396263402    2.969071133   12.520392452    0.071140758
   -1.047197551    1.396263402    7.093808315   30.508728631    0.496398329
   -0.856797996    1.396263402   14.300459378   43.965938796    1.014864611
   -0.666398442    1.396263402   23.304464936   48.949754430    1.815252973
   -0.475998887    1.396263402   32.376472218   44.825049919    3.071696838
   -0.285599332    1.396263402   39.949183194   33.744454648    4.908344131
   -0.095199777    1.396263402   45.024063253   19.264839673    7.369954411
    0.095199777    1.396263402   47.323089792    5.208139661   10.354439753
    0.285599332    1.396263402   47.265091060   -4.970953720   13.541469941
    0.475998887    1.396263402   45.846283810   -8.801441615   16.375324137
    0.666398442    1.396263402   44.388321321   -5.447559435   18.179481758
    0.856797996    1.396263402   44.169913573    3.755288160   18.414423615
    1.047197551    1.396263402   46.013373117   15.588042881   16.925112748
    1.237597106    1.396263402   50.026704170   25.927386156   14.041128186
    1.427996661    1.396263402   55.581094807   31.383710257   10.433495430
    1.618396215    1.396263402   61.567601960   30.378945360    6.819695453
    1.808795770    1.396263402   66.765008313   23.296553878    3.669059189
    1.999195325    1.396263402   70.151750783   11.662972130    1.088507038
    2.189594880    1.396263402   71.031733865   -2.754479781   -1.106844472
    2.379994435    1.396263402   69.028044870  -18.356991251   -3.191905235
    2.570393989    1.396263402   64.070332702  -33.475164388   -5.325599118
    2.760793544    1.396263402   56.450638004  -45.895226397   -7.431210764
    2.951193099    1.396263402   46.940062776  -52.937239297   -9.209652432

   -3.141592654    1.745329252   31.361566781  -54.588119961  -14.768819303
   -2.951193099    1.745329252   21.874736544  -43.939100030  -15.284749344
   -2.760793544    1.745329252   14.939194877  -28.588337472  -14.444841276
   -2.570393989    1.745329252   10.943868183  -13.981124406  -12.467743162
   -2.379994435    1.745329252    9.240349922   -5.167981384   -9.784282380
   -2.189594880    1.745329252    8.470173324   -4.160086880   -6.827256221
   -1.999195325    1.745329252    7.292696693   -8.750766928   -3.888995817
   -1.808795770    1.745329252    5.123130322  -13.548751173   -1.128799081
   -1.618396215    1.745329252    2.489384424  -12.821113642    1.333180855
   -1.427996661    1.745329252    0.787249064   -3.616945211    3.358199996
   -1.237597106    1.745329252    1.565811311   12.624812901    4.833679973
   -1.047197551    1.745329252    5.727091744   30.879512183    5.766566523
   -0.856797996    1.745329252   13.077474047   45.184654533    6.318715336
   -0.666398442    1.745329252   22.428761112   51.409038714    6.758528707
   -0.475998887    1.745329252   32.095586843   48.590107977    7.349849027
   -0.285599332    1.745329252   40.490640697   38.549403812    8.262000547
   -0.095199777    1.745329252   46.538719802   24.572624704    9.518208306
    0.095199777    1.745329252   49.838166328   10.262908255   10.962482112
    0.285599332    1.745329252   50.646981988   -1.081503658   12.260905473
    0.475998887    1.745329252   49.786558175   -6.961529366   12.967271415
    0.666398442    1.745329252   48.437725895   -6.175512137   12.673474153
    0.856797996    1.745329252   47.840224822    0.593223806   11.220128794
    1.047197551    1.745329252   48.911369824   10.825356862    8.807368433
    1.237597106    1.745329252   51.960922864   20.764744689    5.936611255
    1.427996661    1.745329252   56.580476577   26.857064001    3.182182735
    1.618396215    1.745329252   61.806534493   26.929107061    0.937326340
    1.808795770    1.745329252   66.433969433   20.671267478   -0.744577252
    1.999195325    1.745329252   69.345253494    9.159569083   -2.115674438
    2.189594880    1.745329252   69.699034915   -5.883404059   -3.572897143
    2.379994435    1.745329252   67.002593890  -22.527232995   -5.446698584
    2.570393989    1.745329252   61.159289114  -38.523655424   -7.835257575
    2.760793544    1.745329252   52.550404241  -51.061444712  -10.523838171
    2.951193099    1.745329252   42.132119765  -57.096622030  -13.030483298

   -3.141592654    2.094395102   25.420169906  -57.705397027  -15.177827591
   -2.951193099    2.094395102   15.580424548  -44.464854054  -15.560045082
   -2.760793544    2.094395102    8.803022622  -26.458857738  -14.499801010
   -2.570393989    2.094395102    5.423953691   -9.772585028  -12.181790307
   -2.379994435    2.094395102    4.651204578    0.252986397   -9.010027044
   -2.189594880    2.094395102    4.965850764    1.706057113   -5.400653095
   -1.999195325    2.094395102    4.905430710   -2.948994080   -1.651914632
   -1.808795770    2.094395102    3.807412850   -8.146541323    2.028615455
   -1.618396215    2.094395102    2.140305178   -8.124406522    5.415994362
   -1.427996661    2.094395102    1.243009456    0.101282470    8.220519005
   -1.237597106    2.094395102    2.626371956   15.263383320   10.172953418
   -1.047197551    2.094395102    7.200472770   32.624543500   11.173020856
   -0.856797996    2.094395102   14.830580081   46.445703114   11.361715483
   -0.666398442    2.094395102   24.411857722   52.613290746   11.062299156
   -0.475998887    2.094395102   34.324420470   49.976241179   10.620200972
   -0.285599332    2.094395102   42.999887509   40.075006057   10.258986646
   -0.095199777    2.094395102   49.328191109   25.913510127   10.002128371
    0.095199777    2.094395102   52.824726461   10.888163880    9.674150200
    0.285599332    2.094395102   53.637232491   -1.762335841    8.970526828
    0.475998887    2.094395102   52.488790392   -9.349837414    7.592736739
    0.666398442    2.094395102   50.524012617  -10.188961472    5.415812241
    0.856797996    2.094395102   49.055238354   -4.376902460    2.633091835
    1.047197551    2.094395102   49.171999915    5.969040501   -0.266846768
    1.237597106    2.094395102   51.391416528   17.037362135   -2.692593346
    1.427996661    2.094395102   55.452977482   24.748481156   -4.231995086
    1.618396215    2.094395102   60.417635637   26.197402784   -4.842053029
    1.808795770    2.094395102   64.973852833   20.493079250   -4.860184145
    1.999195325    2.094395102   67.822407078    8.515350014   -4.833153756
    2.189594880    2.094395102   67.940261919   -7.818724936   -5.287982668
    2.379994435    2.094395102   64.718750868  -26.115772297   -6.539332418
    2.570393989    2.094395102   58.049043951  -43.519193447   -8.589854950
    2.760793544    2.094395102   48.416418084  -56.635605335  -11.111183781
    2.951193099    2.094395102   36.975503637  -62.043175941  -13.526328025

   -3.141592654    2.443460953   20.542650736  -59.781899670  -10.437532558
   -2.951193099    2.443460953   10.521589578  -44.239406256  -10.274565971
   -2.760793544    2.443460953    4.018658044  -23.846166609   -8.964462377
   -2.570393989    2.443460953    1.333416960   -5.199923273   -6.619820859
   -2.379994435    2.443460953    1.567053787    6.142493750   -3.506514382
   -2.189594880    2.443460953    3.082482742    8.347628944    0.106842810
   -1.999195325    2.443460953    4.323675330    4.015207029    4.019670945
   -1.808795770    2.443460953    4.548863692   -1.295861733    8.035786513
   -1.618396215    2.443460953    4.130476412   -1.970545526   11.849210213
   -1.427996661    2.443460953    4.286231750    4.904430518   15.018778969
   -1.237597106    2.443460953    6.415710950   18.250895277   17.097394174
   -1.047197551    2.443460953   11.379793578   33.763429234   17.837141057
   -0.856797996    2.443460953   19.080879550   46.138934762   17.312146846
   -0.666398442    2.443460953   28.515147923   51.466580983   15.871101470
   -0.475998887    2.443460953   38.171564682   48.488929728   13.948821745
   -0.285599332    2.443460953   46.549425049   38.435655936   11.866845525
   -0.095199777    2.443460953   52.541427405   23.967195208    9.716360648
    0.095199777    2.443460953   55.608933943    8.252221743    7.374007351
    0.285599332    2.443460953   55.821828908   -5.476269494    4.628596279
    0.475998887    2.443460953   53.851689081  -14.253136344    1.369504403
    0.666398442    2.443460953   50.867001852  -15.879952545   -2.253081910
    0.856797996    2.443460953   48.306837819   -9.954165089   -5.771199348
    1.047197551    2.443460953   47.458773001    1.598984482   -8.548499969
    1.237597106    2.443460953   49.028613062   14.672692386  -10.056805270
    1.427996661    2.443460953   52.845586638   24.501635804  -10.140817391
    1.618396215    2.443460953   57.919124833   27.436911997   -9.098086655
    1.808795770    2.443460953   62.767047914   22.125852577   -7.546984458
    1.999195325    2.443460953   65.873692070    9.429689245   -6.168996946
    2.189594880    2.443460953   66.032065350   -8.391204563   -5.474797717
    2.379994435    2.443460953   62.536005577  -28.416800684   -5.680760466
    2.570393989    2.443460953   55.285681571  -47.212537774   -6.697108244
    2.760793544    2.443460953   44.879874777  -60.891703552   -8.174729507
    2.951193099    2.443460953   32.662586353  -65.745541277   -9.602057907

   -3.141592654    2.792526803   18.108479781  -60.081033353    0.798754800
   -2.951193099    2.792526803    8.166880632  -43.078122964    2.368299245
   -2.760793544    2.792526803    2.035121997  -21.130965626    4.210219944
   -2.570393989    2.792526803    0.000000000   -1.140054663    6.225584763
   -2.379994435    2.792526803    1.108672110   11.217655011    8.393619142
   -2.189594880    2.792526803    3.664103892   14.154462854   10.805326073
   -1.999195325    2.792526803    6.061548093   10.309074473   13.576001379
   -1.808795770    2.792526803    7.504867402    5.125751894   16.669860653
   -1.618396215    2.792526803    8.274647922    3.962688362   19.761849386
   -1.427996661    2.792526803    9.450032577    9.543311205   22.267631238
   -1.237597106    2.792526803   12.279946205   20.878073395   23.564955533
   -1.047197551    2.792526803   17.523968823   34.069961916   23.286908650
   -0.856797996    2.792526803   25.076091867   44.338258404   21.494025188
   -0.666398442    2.792526803   34.011393682   48.125859899   18.617198396
   -0.475998887    2.792526803   42.933467264   44.197523718   15.219895352
   -0.285599332    2.792526803   50.432527984   33.521450172   11.734099882
   -0.095199777    2.792526803   55.431900738   18.433957856    8.307642586
    0.095199777    2.792526803   57.374357167    1.944156834    4.834385535
    0.285599332    2.792526803   56.308711482  -12.570100019    1.129195796
    0.475998887    2.792526803   52.941961751  -21.719496705   -2.843923533
    0.666398442    2.792526803   48.569084436  -22.800695939   -6.818252596
    0.856797996    2.792526803   44.834617973  -15.161532104  -10.231447971
    1.047197551    2.792526803   43.236122008   -0.947832743  -12.445178871
    1.237597106    2.792526803   44.601405076   15.055349255  -13.056537457
    1.427996661    2.792526803   48.730866370   27.250545914  -12.111801029
    1.618396215    2.792526803   54.463125074   31.394378826  -10.089811369
    1.808795770    2.792526803   60.075624449   26.004307046   -7.674595447
    1.999195325    2.792526803   63.831691049   12.252044191   -5.469610862
    2.189594880    2.792526803   64.385726461   -7.087176104   -3.802866174
    2.379994435    2.792526803   60.992621207  -28.596278684   -2.695255655
    2.570393989    2.792526803   53.597571108  -48.459082165   -1.948841982
    2.760793544    2.792526803   42.903566934  -62.551894289   -1.273667707
    2.951193099    2.792526803   30.390966245  -67.067658702   -0.409584843
