#! FIELDS phi psi file.free der_phi der_psi
#! SET min_phi -pi
#! SET max_phi pi
#! SET nbins_phi  33
#! SET periodic_phi true
#! SET min_psi -pi
#! SET max_psi pi
#! SET nbins_psi  18
#! SET periodic_psi true
   -3.141592654   -3.141592654   18.656824134  -56.086557446   16.375826900
   -2.951193099   -3.141592654    9.765760794  -36.539781797   19.052259797
   -2.760793544   -3.141592654    4.915691126  -14.670703980   20.809792437
   -2.570393989   -3.141592654    3.949494624    3.410090525   21.768846777
   -2.379994435   -3.141592654    5.716334124   13.663335364   22.331680489
   -2.189594880   -3.141592654    8.627333634   15.695631106   23.053317882
   -1.999195325   -3.141592654   11.363552214   12.550195574   24.409660575
   -1.808795770   -3.141592654   13.386382919    9.019274139   26.559462376
   -1.618396215   -3.141592654   15.050721029    9.332435848   29.207258225
   -1.427996661   -3.141592654   17.312416508   15.354535025   31.672217527
   -1.237597106   -3.141592654   21.202610115   26.012242986   33.136191110
   -1.047197551   -3.141592654   27.313508506   37.975799505   32.963708316
   -0.856797996   -3.141592654   35.499168391   47.110671052   30.921843855
   -0.666398442   -3.141592654   44.875463291   49.980116286   27.189571663
   -0.475998887   -3.141592654   54.043637655   44.779927361   22.207119519
   -0.285599332   -3.141592654   61.442553523   31.596317139   16.468023545
   -0.095199777   -3.141592654   65.700316861   12.250209163   10.372556160
    0.095199777   -3.141592654   65.949088912   -9.818167295    4.217371197
    0.285599332   -3.141592654   62.112208217  -29.759076439   -1.722864369
    0.475998887   -3.141592654   55.117667155  -42.123859940   -7.092698033
    0.666398442   -3.141592654   46.863782509  -42.411070056  -11.433567117
    0.856797996   -3.141592654   39.841661616  -29.358495634  -14.281558919
    1.047197551   -3.141592654   36.354030916   -6.194492386  -15.357793769
    1.237597106   -3.141592654   37.676107152   19.738530790  -14.729622706
    1.427996661   -3.141592654   43.499146671   39.729269617  -12.802962989
    1.618396215   -3.141592654   52.006772476   47.177516094  -10.145929371
    1.808795770   -3.141592654   60.524000335   39.896090477   -7.238628538
    1.999195325   -3.141592654   66.415240462   20.307928133   -4.312449768
    2.189594880   -3.141592654   67.818568023   -6.199685373   -1.335946841
    2.379994435   -3.141592654   64.017269749  -33.308510817    1.852580677
    2.570393989   -3.141592654   55.469602573  -55.186957303    5.369379757
    2.760793544   -3.141592654   43.621164172  -67.396661105    9.158731203
    2.951193099   -3.141592654   30.583755093  -67.554921285   12.957282030

   -3.141592654   -2.792526803   26.149896616  -50.760742949   24.621623031
   -2.951193099   -2.792526803   18.064200131  -33.467505801   27.223847068
   -2.760793544   -2.792526803   13.584874318  -13.778218562   28.516186979
   -2.570393989   -2.792526803   12.636557277    2.880161652   28.772506717
   -2.379994435   -2.792526803   14.262320882   12.929507612   28.575823242
   -2.189594880   -2.792526803   17.114967334   15.995279225   28.603335919
   -1.999195325   -2.792526803   20.072988576   14.649059601   29.341882754
   -1.808795770   -2.792526803   22.669525228   12.860427108   30.863273195
   -1.618396215   -2.792526803   25.161936039   13.970302626   32.746615035
   -1.427996661   -2.792526803   28.260330878   19.221838371   34.214030806
   -1.237597106   -2.792526803   32.678149054   27.443191497   34.415992178
   -1.047197551   -2.792526803   38.726962007   35.770999943   32.759309255
   -0.856797996   -2.792526803   46.110098640   40.911933722   29.116721189
   -0.666398442   -2.792526803   53.960075601   40.307013461   23.821873105
   -0.475998887   -2.792526803   61.041056192   32.763110602   17.498009582
   -0.285599332   -2.792526803   66.035310453   18.586422067   10.816690806
   -0.095199777   -2.792526803   67.822506667   -0.493392844    4.309239519
    0.095199777   -2.792526803   65.752460765  -21.276489427   -1.662696950
    0.285599332   -2.792526803   59.920783209  -39.129046702   -6.837584326
    0.475998887   -2.792526803   51.391926147  -48.772333366  -10.952167087
    0.666398442   -2.792526803   42.166862370  -45.912051918  -13.715605208
    0.856797996   -2.792526803   34.785199440  -29.646378671  -14.900245254
    1.047197551   -2.792526803   31.515707393   -3.714064689  -14.479826083
    1.237597106   -2.792526803   33.504519640   24.105468096  -12.716184312
    1.427996661   -2.792526803   40.256092218   44.968662171  -10.074421568
    1.618396215   -2.792526803   49.779685987   52.533804534   -7.027108985
    1.808795770   -2.792526803   59.303831121   45.124205726   -3.852017377
    1.999195325   -2.792526803   66.194415867   25.646551488   -0.567964053
    2.189594880   -2.792526803   68.660633173   -0.301713352    2.994574790
    2.379994435   -2.792526803   66.063519120  -26.540731260    7.017162255
    2.570393989   -2.792526803   58.884294780  -47.641485191   11.521178390
    2.760793544   -2.792526803   48.504653844  -59.657502999   16.279285549
    2.951193099   -2.792526803   36.888187271  -60.550419071   20.829522661

   -3.141592654   -2.443460953   34.530546412  -45.087204779   22.837349381
   -2.951193099   -2.443460953   27.319161201  -30.010110308   24.971201100
   -2.760793544   -2.443460953   23.286770150  -12.475381800   25.922407880
   -2.570393989   -2.443460953   22.431224779    2.707646353   25.935921488
   -2.379994435   -2.443460953   23.966647402   12.337179431   25.493208235
   -2.189594880   -2.443460953   26.748144580   15.972541505   25.118545710
   -1.999195325   -2.443460953   29.799040990   15.667934544   25.145110826
   -1.808795770   -2.443460953   32.670264430   14.609176475   25.558519207
   -1.618396215   -2.443460953   35.486556163   15.409944174   25.971570375
   -1.427996661   -2.443460953   38.718636150   18.956758502   25.768250080
   -1.237597106   -2.443460953   42.823426390   24.276956649   24.341889019
   -1.047197551   -2.443460953   47.944228123   29.194190570   21.349515801
   -0.856797996   -2.443460953   53.773598096   31.312336986   16.857232574
   -0.666398442   -2.443460953   59.592098561   28.805589531   11.308007400
   -0.475998887   -2.443460953   64.413763063   20.788781837    5.353897253
   -0.285599332   -2.443460953   67.186006618    7.408570453   -0.366490449
   -0.095199777   -2.443460953   66.991576143  -10.021320165   -5.413148966
    0.095199777   -2.443460953   63.298701423  -28.747926252   -9.565976869
    0.285599332   -2.443460953   56.251652044  -44.404967879  -12.755137198
    0.475998887   -2.443460953   46.930738049  -51.798424356  -14.941359509
    0.666398442   -2.443460953   37.345114595  -46.669159667  -16.048511390
    0.856797996   -2.443460953   30.026738100  -28.246034391  -16.007018608
    1.047197551   -2.443460953   27.200042048   -0.536145004  -14.839719517
    1.237597106   -2.443460953   29.914632240   28.451154411  -12.735832997
    1.427996661   -2.443460953   37.552790117   49.846024646  -10.004138426
    1.618396215   -2.443460953   48.020861450   57.546218389   -6.951998995
    1.808795770   -2.443460953   58.508326123   50.253222588   -3.752672291
    1.999195325   -2.443460953   66.408536670   31.182574448   -0.416312725
    2.189594880   -2.443460953   69.997618392    6.004368123    3.160516157
    2.379994435   -2.443460953   68.691971398  -19.287933091    7.073905234
    2.570393989   -2.443460953   62.972032712  -39.640003422   11.292034697
    2.760793544   -2.443460953   54.141698237  -51.528890182   15.598108370
    2.951193099   -2.443460953   44.015062627  -53.200106786   19.597412549

   -3.141592654   -2.094395102   40.919460963  -41.041705537   13.911745644
   -2.951193099   -2.094395102   34.324835845  -27.604287942   15.225697719
   -2.760793544   -2.094395102   30.598568635  -11.614631240   15.853986419
   -2.570393989   -2.094395102   29.795331548    2.499239596   15.914442976
   -2.379994435   -2.094395102   31.241459057   11.713833192   15.614763727
   -2.189594880   -2.094395102   33.907988504   15.442370447   15.148631361
   -1.999195325   -2.094395102   36.877037171   15.311343772   14.585054909
   -1.808795770   -2.094395102   39.664865044   13.978146044   13.820723984
   -1.618396215   -2.094395102   42.270163680   13.675426999   12.610817861
   -1.427996661   -2.094395102   44.995709197   15.246752546   10.685323819
   -1.237597106   -2.094395102   48.160379691   18.085151716    7.881178923
   -1.047197551   -2.094395102   51.870406137   20.666322857    4.248806067
   -0.856797996   -2.094395102   55.915137223   21.287937089    0.071918088
   -0.666398442   -2.094395102   59.781917316   18.560865006   -4.214469267
   -0.475998887   -2.094395102   62.734232535   11.601952880   -8.158165935
   -0.285599332   -2.094395102   63.929907934    0.133394107  -11.423359400
   -0.095199777   -2.094395102   62.557323591  -15.120704606  -13.894738369
    0.095199777   -2.094395102   58.083657050  -31.909977079  -15.645814858
    0.285599332   -2.094395102   50.584536476  -46.054111946  -16.846671095
    0.475998887   -2.094395102   41.066760388  -52.236083614  -17.623582466
    0.666398442   -2.094395102   31.506795029  -45.947442515  -17.961088038
    0.856797996   -2.094395102   24.443245278  -26.263409895  -17.720904192
    1.047197551   -2.094395102   22.116393138    2.727456409  -16.736191614
    1.237597106   -2.094395102   25.560273495   32.802600912  -14.942802369
    1.427996661   -2.094395102   34.102861270   54.923428246  -12.434619576
    1.618396215   -2.094395102   45.577261815   62.985573932   -9.431257818
    1.808795770   -2.094395102   57.117738288   55.845379972   -6.176371699
    1.999195325   -2.094395102   66.095749488   36.914009315   -2.867524159
    2.189594880   -2.094395102   70.797054119   11.965617495    0.389112466
    2.379994435   -2.094395102   70.654366714  -13.047587038    3.553062860
    2.570393989   -2.094395102   66.141367301  -33.248895301    6.592084661
    2.760793544   -2.094395102   58.514854680  -45.363761957    9.433814258
    2.951193099   -2.094395102   49.497614151  -47.818078938   11.933197147

   -3.141592654   -1.745329252   43.904918336  -38.657855700    5.786773919
   -2.951193099   -1.745329252   37.685093046  -26.087121402    6.318630202
   -2.760793544   -1.745329252   34.155027070  -11.079466034    6.523494399
   -2.570393989   -1.745329252   33.362146335    2.088248691    6.403426765
   -2.379994435   -1.745329252   34.649920595   10.479452329    5.951774022
   -2.189594880   -1.745329252   37.009146511   13.443614974    5.123744265
   -1.999195325   -1.745329252   39.516356434   12.425585869    3.823377606
   -1.808795770   -1.745329252   41.648144671    9.923751299    1.935668309
   -1.618396215   -1.745329252   43.348073203    8.195576996   -0.607773927
   -1.427996661   -1.745329252   44.891948908    8.348541636   -3.750322109
   -1.237597106   -1.745329252   46.638694221   10.203062632   -7.276572408
   -1.047197551   -1.745329252   48.816978336   12.631507825  -10.835519460
   -0.856797996   -1.745329252   51.398409784   14.126266414  -14.021927865
   -0.666398442   -1.745329252   54.059693826   13.187584718  -16.487354697
   -0.475998887   -1.745329252   56.204309928    8.547601650  -18.030300023
   -0.285599332   -1.745329252   57.041456537   -0.626684608  -18.639587161
   -0.095199777   -1.745329252   55.703223674  -14.121265582  -18.513436607
    0.095199777   -1.745329252   51.519962850  -30.009338202  -17.984318288
    0.285599332   -1.745329252   44.398926282  -44.103474506  -17.413418612
    0.475998887   -1.745329252   35.211664710  -50.752605587  -17.043646940
    0.666398442   -1.745329252   25.885190275  -44.935276150  -16.887318484
    0.856797996   -1.745329252   19.003156109  -25.267923618  -16.726836316
    1.047197551   -1.745329252   16.914109040    4.329639687  -16.212792818
    1.237597106   -1.745329252   20.760530948   35.470599152  -15.045652030
    1.427996661   -1.745329252   29.924913211   58.756910690  -13.114241348
    1.618396215   -1.745329252   42.221465211   67.710362679  -10.541936795
    1.808795770   -1.745329252   54.710378301   60.982839503   -7.611386320
    1.999195325   -1.745329252   64.668676241   41.995814979   -4.659748231
    2.189594880   -1.745329252   70.307088741   16.688492428   -1.954683194
    2.379994435   -1.745329252   71.021607057   -8.776520464    0.358169275
    2.570393989   -1.745329252   67.282156575  -29.386067504    2.248845227
    2.760793544   -1.745329252   60.355906883  -41.874817811    3.758173005
    2.951193099   -1.745329252   51.962399937  -44.780343581    4.930754804

   -3.141592654   -1.396263402   42.643817498  -38.900810341    3.291719379
   -2.951193099   -1.396263402   36.399669724  -26.103585621    3.032472208
   -2.760793544   -1.396263402   32.881043192  -10.987645510    2.537398252
   -2.570393989   -1.396263402   32.091150738    1.953660598    1.792103008
   -2.379994435   -1.396263402   33.295354982    9.647833448    0.700719608
   -2.189594880   -1.396263402   35.389765642   11.411439751   -0.910512274
   -1.999195325   -1.396263402   37.362322454    8.795008609   -3.227317552
   -1.808795770   -1.396263402   38.637562247    4.570568545   -6.332043778
   -1.618396215   -1.396263402   39.174687017    1.429808524  -10.092343686
   -1.427996661   -1.396263402   39.355789990    0.966958459  -14.124661132
   -1.237597106   -1.396263402   39.728707325    3.360827360  -17.876096190
   -1.047197551   -1.396263402   40.751455762    7.521890126  -20.792237290
   -0.856797996   -1.396263402   42.597974766   11.614761403  -22.485317810
   -0.666398442   -1.396263402   45.056140132   13.549283199  -22.832477476
   -0.475998887   -1.396263402   47.518716773   11.419798268  -21.974702568
   -0.285599332   -1.396263402   49.074529964    3.869113524  -20.243542491
   -0.095199777   -1.396263402   48.656014271   -9.155848174  -18.088896654
    0.095199777   -1.396263402   45.369398808  -25.736270469  -15.975439091
    0.285599332   -1.396263402   38.923765259  -41.389229220  -14.282577476
    0.475998887   -1.396263402   30.074460335  -49.908859118  -13.199439975
    0.666398442   -1.396263402   20.755393288  -45.586941169  -12.657904255
    0.856797996   -1.396263402   13.680701521  -26.452234555  -12.373018256
    1.047197551   -1.396263402   11.410075112    3.784444756  -11.956984357
    1.237597106   -1.396263402   15.290650913   36.467889246  -11.083538450
    1.427996661   -1.396263402   24.821750645   61.579788404   -9.607160912
    1.618396215   -1.396263402   37.802551607   71.949025443   -7.595973800
    1.808795770   -1.396263402   51.166791077   65.759144787   -5.271836006
    1.999195325   -1.396263402   62.009032865   46.350786179   -2.923495611
    2.189594880   -1.396263402   68.378227757   19.923594299   -0.807788918
    2.379994435   -1.396263402   69.579252571   -6.910347232    0.904306562
    2.570393989   -1.396263402   66.076363179  -28.709237823    2.141166648
    2.760793544   -1.396263402   59.199506155  -41.947867492    2.912541901
    2.951193099   -1.396263402   50.759793648  -45.115269491    3.272931120

   -3.141592654   -1.047197551   40.115919121  -41.632276932    4.803695746
   -2.951193099   -1.047197551   33.392781429  -28.348964481    3.617482668
   -2.760793544   -1.047197551   29.509540100  -12.583395822    2.058089355
   -2.570393989   -1.047197551   28.460401476    0.745616711    0.225999130
   -2.379994435   -1.047197551   29.423237104    8.188898655   -1.876939323
   -2.189594880   -1.047197551   31.154682655    8.936185704   -4.371813041
   -1.999195325   -1.047197551   32.513473537    4.775824182   -7.428103946
   -1.808795770   -1.047197551   32.874303187   -0.945877051  -11.103232380
   -1.618396215   -1.047197551   32.272930546   -4.833039804  -15.182434593
   -1.427996661   -1.047197551   31.289332827   -4.769162633  -19.139283701
   -1.237597106   -1.047197551   30.730045484   -0.489104406  -22.271324204
   -1.047197551   -1.047197551   31.279545978    6.506034589  -23.962117457
   -0.856797996   -1.047197551   33.226888765   13.659994876  -23.920344826
   -0.666398442   -1.047197551   36.330729498   18.138741697  -22.276859270
   -0.475998887   -1.047197551   39.830122200   17.516998360  -19.507090502
   -0.285599332   -1.047197551   42.591600934   10.221159275  -16.241663474
   -0.095199777   -1.047197551   43.312223149   -3.719349143  -13.076427990
    0.095199777   -1.047197551   40.902475657  -22.068200376  -10.423848543
    0.285599332   -1.047197551   34.955091951  -39.833786934   -8.447208486
    0.475998887   -1.047197551   26.216988700  -50.203277439   -7.074047963
    0.666398442   -1.047197551   16.726684434  -46.933051490   -6.075462054
    0.856797996   -1.047197551    9.382211185  -27.771480232   -5.201370722
    1.047197551   -1.047197551    6.944813326    3.472917524   -4.275404295
    1.237597106   -1.047197551   10.911007170   37.710213477   -3.229763627
    1.427996661   -1.047197551   20.829811235   64.345498891   -2.069597615
    1.618396215   -1.047197551   34.443244556   75.701425217   -0.822784376
    1.808795770   -1.047197551   48.553153443   69.686231635    0.490864062
    1.999195325   -1.047197551   60.094173366   49.634741754    1.840414464
    2.189594880   -1.047197551   66.976423042   21.950083878    3.158053368
    2.379994435   -1.047197551   68.417962731   -6.429386640    4.326475420
    2.570393989   -1.047197551   64.861271480  -29.718183343    5.195323055
    2.760793544   -1.047197551   57.676134715  -44.095781134    5.617002336
    2.951193099   -1.047197551   48.761576972  -47.855442234    5.493144627

   -3.141592654   -0.698131701   40.382066935  -45.097622649    4.294038219
   -2.951193099   -0.698131701   32.929823368  -32.462084908    1.990096939
   -2.760793544   -0.698131701   28.236042571  -16.920770883   -0.669319395
   -2.570393989   -0.698131701   26.359687616   -3.594830440   -3.469171612
   -2.379994435   -0.698131701   26.489725215    3.736256559   -6.328210865
   -2.189594880   -0.698131701   27.335519771    4.020658043   -9.330229599
   -1.999195325   -0.698131701   27.690268837   -0.872704848  -12.611259386
   -1.808795770   -0.698131701   26.915655327   -7.135099674  -16.154717389
   -1.618396215   -0.698131701   25.146102490  -10.722174443  -19.623013790
   -1.427996661   -0.698131701   23.170438396   -9.069681003  -22.378184380
   -1.237597106   -0.698131701   22.043036898   -1.992346961  -23.712686786
   -1.047197551   -0.698131701   22.624202537    8.364069845  -23.184772574
   -0.856797996   -0.698131701   25.224353850   18.527667357  -20.847167469
   -0.666398442   -0.698131701   29.456607969   24.890622778  -17.239025767
   -0.475998887   -0.698131701   34.305226843   24.687148364  -13.162911429
   -0.285599332   -0.698131701   38.363691905   16.483653306   -9.377301728
   -0.095199777   -0.698131701   40.119649647    0.804991395   -6.342924528
    0.095199777   -0.698131701   38.386772908  -19.459884375   -4.120872401
    0.285599332   -0.698131701   32.783463394  -38.721064824   -2.432682946
    0.475998887   -0.698131701   24.176185037  -49.798108933   -0.857968116
    0.666398442   -0.698131701   14.761424398  -46.438406933    0.920750001
    0.856797996   -0.698131701    7.565249791  -26.677583807    2.927183230
    1.047197551   -0.698131701    5.405413101    5.261247580    4.892885975
    1.237597106   -0.698131701    9.762726141   39.966078776    6.442904801
    1.427996661   -0.698131701   20.130955472   66.753083311    7.335199115
    1.618396215   -0.698131701   34.198647094   78.035509783    7.601421535
    1.808795770   -0.698131701   48.738188279   71.854328190    7.502538046
    1.999195325   -0.698131701   60.672314208   51.582715875    7.354901322
    2.189594880   -0.698131701   67.894821234   23.544934178    7.344537569
    2.379994435   -0.698131701   69.586788448   -5.443695103    7.442611415
    2.570393989   -0.698131701   66.133688495  -29.669588537    7.436186342
    2.760793544   -0.698131701   58.846429001  -45.245546126    7.035495488
    2.951193099   -0.698131701   49.592208632  -50.265413116    6.013086857

   -3.141592654   -0.349065850   41.501027464  -49.644751560    3.039122213
   -2.951193099   -0.349065850   33.089544307  -37.887463812    0.030000255
   -2.760793544   -0.349065850   27.321934823  -22.680137683   -3.222515417
   -2.570393989   -0.349065850   24.350065759   -9.300934489   -6.427726178
   -2.379994435   -0.349065850   23.405530437   -1.861747758   -9.451350119
   -2.189594880   -0.349065850   23.181664272   -1.649109698  -12.347203356
   -1.999195325   -0.349065850   22.442244430   -6.673865420  -15.220591213
   -1.808795770   -0.349065850   20.579844942  -12.630597786  -18.002376977
   -1.618396215   -0.349065850   17.871178968  -14.876897206  -20.293547988
   -1.427996661   -0.349065850   15.334741733  -10.595362774  -21.447228102
   -1.237597106   -0.349065850   14.244930947    0.013707137  -20.867855468
   -1.047197551   -0.349065850   15.549500451   13.855044894  -18.371928912
   -0.856797996   -0.349065850   19.445434029   26.388354617  -14.361007758
   -0.666398442   -0.349065850   25.260095196   33.332389953   -9.688806268
   -0.475998887   -0.349065850   31.627302719   31.930635743   -5.308034837
   -0.285599332   -0.349065850   36.854755077   21.406359552   -1.894651787
   -0.095199777   -0.349065850   39.309151669    3.282141117    0.399588243
    0.095199777   -0.349065850   37.875568981  -18.594157073    1.940402675
    0.285599332   -0.349065850   32.391790187  -38.094725282    3.394262438
    0.475998887   -0.349065850   23.985751575  -48.148196953    5.372688207
    0.666398442   -0.349065850   15.033255700  -43.236735942    8.097907788
    0.856797996   -0.349065850    8.568807558  -22.362372289   11.245307789
    1.047197551   -0.349065850    7.252579389    9.580994345   14.088838825
    1.237597106   -0.349065850   12.340126905   43.153028091   15.884968276
    1.427996661   -0.349065850   23.157094743   68.251635655   16.251429630
    1.618396215   -0.349065850   37.360940491   78.057576861   15.336007387
    1.808795770   -0.349065850   51.818899348   71.113683596   13.683003735
    1.999195325   -0.349065850   63.597826927   50.792036279   11.926832339
    2.189594880   -0.349065850   70.694532007   23.027745438   10.484260525
    2.379994435   -0.349065850   72.303205228   -5.864785515    9.416566173
    2.570393989   -0.349065850   68.738061712  -30.529997289    8.477453698
    2.760793544   -0.349065850   61.197778316  -47.129058587    7.278759096
    2.951193099   -0.349065850   51.458137585  -53.514347151    5.502619402

   -3.141592654    0.000000000   42.416236647  -54.947302726    0.987690513
   -2.951193099    0.000000000   32.921372599  -43.837278892   -1.940029970
   -2.760793544    0.000000000   26.011567778  -28.609165109   -4.886880984
   -2.570393989    0.000000000   21.955080269  -14.704942995   -7.618470953
   -2.379994435    0.000000000   20.044546070   -6.609549986  -10.051222205
   -2.189594880    0.000000000   18.968188572   -5.880309844  -12.252700441
   -1.999195325    0.000000000   17.466623783  -10.423292705  -14.288849805
   -1.808795770    0.000000000   14.965473010  -15.468633843  -16.025080894
   -1.618396215    0.000000000   11.873330317  -15.887149984  -17.036338367
   -1.427996661    0.000000000    9.397804283   -8.807219443  -16.761083505
   -1.237597106    0.000000000    8.952140183    4.975995336  -14.823175311
   -1.047197551    0.000000000   11.460922059   21.340993121  -11.335276074
   -0.856797996    0.000000000   16.902903073   34.832073629   -6.953877912
   -0.666398442    0.000000000   24.266636297   40.867751579   -2.622952022
   -0.475998887    0.000000000   31.865206725   37.159807160    0.838003538
   -0.285599332    0.000000000   37.831072849   23.964361652    3.073136821
   -0.095199777    0.000000000   40.571178654    3.931384109    4.337477172
    0.095199777    0.000000000   39.199214591  -18.308628488    5.349488201
    0.285599332    0.000000000   33.868995069  -36.532059800    6.955402868
    0.475998887    0.000000000   25.968013385  -44.338294893    9.710544149
    0.666398442    0.000000000   17.947796495  -37.409911278   13.561200548
    0.856797996    0.000000000   12.684421678  -15.892374176   17.789720239
    1.047197551    0.000000000   12.514115242   14.829565429   21.301711002
    1.237597106    0.000000000   18.362159707   45.725887016   23.135367764
    1.427996661    0.000000000   29.373001468   67.757311149   22.891034897
    1.618396215    0.000000000   43.240757156   75.217330637   20.864494174
    1.808795770    0.000000000   57.037999711   67.255395346   17.825395444
    1.999195325    0.000000000   68.085001893   47.129777688   14.625928472
    2.189594880    0.000000000   74.556448356   20.159209815   11.839156702
    2.379994435    0.000000000   75.688423131   -8.077775698    9.612397603
    2.570393989    0.000000000   71.714654172  -32.741764825    7.737824468
    2.760793544    0.000000000   63.692842243  -50.086534338    5.844376641
    2.951193099    0.000000000   53.279642935  -57.670957607    3.627475654

   -3.141592654    0.349065850   43.742903444  -59.190859854    0.545698854
   -2.951193099    0.349065850   33.385929925  -48.557745098   -1.368051319
   -2.760793544    0.349065850   25.566074663  -33.357159442   -3.183132154
   -2.570393989    0.349065850   20.634568651  -19.092694739   -4.818140244
   -2.379994435    0.349065850   17.936904466  -10.475172358   -6.276386446
   -2.189594880    0.349065850   16.175005720   -9.205357381   -7.625461242
   -1.999195325    0.349065850   14.101167015  -13.057731188   -8.880201050
   -1.808795770    0.349065850   11.201055057  -16.906975902   -9.875791190
   -1.618396215    0.349065850    8.009444506  -15.361778635  -10.243715849
   -1.427996661    0.349065850    5.870596582   -5.740971095   -9.580491359
   -1.237597106    0.349065850    6.246585428   10.437957398   -7.712274471
   -1.047197551    0.349065850    9.945967121   28.135573716   -4.887817013
   -0.856797996    0.349065850   16.680501822   41.331618598   -1.730624687
   -0.666398442    0.349065850   25.132129120   45.609318445    1.054546102
   -0.475998887    0.349065850   33.408667344   39.518257335    3.035803382
   -0.285599332    0.349065850   39.629610294   24.456793591    4.261481125
   -0.095199777    0.349065850   42.394826186    3.987830695    5.261797053
    0.095199777    0.349065850   41.133656430  -16.919324364    6.797114373
    0.285599332    0.349065850   36.308812611  -32.465050703    9.506716931
    0.475998887    0.349065850   29.468946370  -37.332539765   13.561628198
    0.666398442    0.349065850   22.984999637  -28.579491626   18.486355222
    0.856797996    0.349065850   19.412143988   -7.390285328   23.255601244
    1.047197551    0.349065850   20.642946148   20.691162314   26.671146638
    1.237597106    0.349065850   27.227086081   47.463088284   27.864140263
    1.427996661    0.349065850   38.157567032   65.298858239   26.637989741
    1.618396215    0.349065850   51.247291756   69.786775325   23.495452999
    1.808795770    0.349065850   63.872015410   60.688204547   19.349541757
    1.999195325    0.349065850   73.692498796   41.031519442   15.132285806
    2.189594880    0.349065850   79.121654928   15.372603011   11.465944127
    2.379994435    0.349065850   79.471814573  -11.566212716    8.554196973
    2.570393989    0.349065850   74.911915444  -35.541360553    6.267357608
    2.760793544    0.349065850   66.360957911  -52.963110302    4.318012909
    2.951193099    0.349065850   55.346266022  -61.170334608    2.450548113

   -3.141592654    0.698131701   45.462983429  -60.556679035   -0.312117371
   -2.951193099    0.698131701   34.813833688  -50.256324375   -0.803874125
   -2.760793544    0.698131701   26.634145745  -35.416704262   -1.090572339
   -2.570393989    0.698131701   21.281397594  -21.431310720   -1.304036189
   -2.379994435    0.698131701   18.121171780  -12.962461015   -1.569536314
   -2.189594880    0.698131701   15.884243123  -11.664070604   -1.967104259
   -1.999195325    0.698131701   13.367208428  -15.191398009   -2.483752929
   -1.808795770    0.698131701   10.126056022  -18.271719540   -2.989721130
   -1.618396215    0.698131701    6.785683223  -15.493177214   -3.266700867
   -1.427996661    0.698131701    4.759668765   -4.423528883   -3.115704242
   -1.237597106    0.698131701    5.506919604   12.926876664   -2.477169987
   -1.047197551    0.698131701    9.735209288   31.043228942   -1.484790606
   -0.856797996    0.698131701   16.991464756   43.769672055   -0.390781862
   -0.666398442    0.698131701   25.814469261   47.041859558    0.618774180
   -0.475998887    0.698131701   34.275050596   40.106585282    1.585953170
   -0.285599332    0.698131701   40.593644228   25.090023490    2.819154463
   -0.095199777    0.698131701   43.584141345    5.937559983    4.805397039
    0.095199777    0.698131701   42.912991614  -12.526746698    7.977665468
    0.285599332    0.698131701   39.197433837  -25.221852741   12.470663655
    0.475998887    0.698131701   33.964170699  -27.908107641   17.927933657
    0.666398442    0.698131701   29.352545676  -18.694062901   23.487429806
    0.856797996    0.698131701   27.528817960    0.710720231   27.998252191
    1.047197551    0.698131701   29.972405335   25.070279066   30.418096212
    1.237597106    0.698131701   36.954561738   47.231938070   30.219200013
    1.427996661    0.698131701   47.426344978   60.896905800   27.573299104
    1.618396215    0.698131701   59.393477616   62.696737615   23.233858079
    1.808795770    0.698131701   70.560760180   52.777919382   18.189479664
    1.999195325    0.698131701   78.926254576   33.870314894   13.317970757
    2.189594880    0.698131701   83.139836986    9.844151558    9.158457301
    2.379994435    0.698131701   82.610266974  -15.306511794    5.893445775
    2.570393989    0.698131701   77.481926958  -37.862995991    3.465178542
    2.760793544    0.698131701   68.577279481  -54.457249846    1.715772956
    2.951193099    0.698131701   57.310250432  -62.400417877    0.494733197

   -3.141592654    1.047197551   43.956491411  -61.201364436   -4.789274920
   -2.951193099    1.047197551   33.280685156  -49.921208578   -4.178353210
   -2.760793544    1.047197551   25.228946758  -34.469021999   -3.152841444
   -2.570393989    1.047197551   20.081111550  -20.289323145   -2.039223281
   -2.379994435    1.047197551   17.127251460  -11.977157191   -1.114509217
   -2.189594880    1.047197551   15.045623326  -11.028118751   -0.529016255
   -1.999195325    1.047197551   12.614260182  -14.915175311   -0.293875477
   -1.808795770    1.047197551    9.400503613  -18.235925630   -0.331103373
   -1.618396215    1.047197551    6.055590067  -15.560118845   -0.539559190
   -1.427996661    1.047197551    4.012732621   -4.537764531   -0.841145476
   -1.237597106    1.047197551    4.730672165   12.712306263   -1.173301409
   -1.047197551    1.047197551    8.903898664   30.663816749   -1.444685365
   -0.856797996    1.047197551   16.078607273   43.328063076   -1.493182713
   -0.666398442    1.047197551   24.841783369   46.955596004   -1.065610553
   -0.475998887    1.047197551   33.376469219   41.108391352    0.142226608
   -0.285599332    1.047197551   40.059088661   28.052280019    2.406257593
   -0.095199777    1.047197551   43.856641157   11.524837849    5.887332293
    0.095199777    1.047197551   44.513030608   -4.218434322   10.512305781
    0.285599332    1.047197551   42.586413159  -14.938686267   15.895861998
    0.475998887    1.047197551   39.378771394  -17.235664029   21.318327558
    0.666398442    1.047197551   36.672948054   -9.700587206   25.838824556
    0.856797996    1.047197551   36.246745481    6.132946419   28.554676936
    1.047197551    1.047197551   39.291880623   25.890316625   28.905655959
    1.237597106    1.047197551   45.996342025   43.622486557   26.881391266
    1.427996661    1.047197551   55.447783004   54.048463474   22.999842043
    1.618396215    1.047197551   65.933053057   54.248208252   18.076857120
    1.808795770    1.047197551   75.459567444   44.195590197   12.915185148
    1.999195325    1.047197551   82.256616772   26.078163275    8.101196929
    2.189594880    1.047197551   85.095577336    3.219590127    3.942376004
    2.379994435    1.047197551   83.420772912  -20.718396235    0.549031602
    2.570393989    1.047197551   77.373957922  -42.101897154   -2.044629577
    2.760793544    1.047197551   67.773697208  -57.513796178   -3.809294403
    2.951193099    1.047197551   56.039601842  -64.231775609   -4.715106647

   -3.141592654    1.396263402   39.066114976  -60.870335403  -11.154745649
   -2.951193099    1.396263402   28.651319701  -47.584052403  -10.239077722
   -2.760793544    1.396263402   21.182337729  -30.825857286   -8.611032600
   -2.570393989    1.396263402   16.781197706  -16.237154851   -6.643820913
   -2.379994435    1.396263402   14.572361213   -8.310878560   -4.679921563
   -2.189594880    1.396263402   13.109224088   -8.251292656   -2.932340141
   -1.999195325    1.396263402   11.103916600  -13.234329150   -1.485521690
   -1.808795770    1.396263402    8.103157551  -17.679335031   -0.376862724
   -1.618396215    1.396263402    4.761102551  -16.077987504    0.335115237
   -1.427996661    1.396263402    2.529398078   -5.971127853    0.588264790
   -1.237597106    1.396263402    2.915945804   10.742794115    0.420002685
   -1.047197551    1.396263402    6.716760826   28.846248981    0.062720533
   -0.856797996    1.396263402   13.633203830   42.591243669   -0.066493748
   -0.666398442    1.396263402   22.435825936   48.247123330    0.514630080
   -0.475998887    1.396263402   31.467874780   45.115366128    2.178315985
   -0.285599332    1.396263402   39.191260537   34.958152537    5.060551739
   -0.095199777    1.396263402   44.547693489   20.854037178    9.019885717
    0.095199777    1.396263402   47.125526410    6.391924366   13.630214431
    0.285599332    1.396263402   47.210784859   -4.725476187   18.225189649
    0.475998887    1.396263402   45.761578827   -9.279931877   21.994231545
    0.666398442    1.396263402   44.229533287   -5.518141756   24.166651006
    0.856797996    1.396263402   44.178677150    5.876124862   24.267894741
    1.047197551    1.396263402   46.777254676   21.610004716   22.295408625
    1.237597106    1.396263402   52.380585432   36.586873678   18.718023076
    1.427996661    1.396263402   60.353158721   45.789188067   14.265816200
    1.618396215    1.396263402   69.250342431   45.966714067    9.635902017
    1.808795770    1.396263402   77.248716494   36.464779480    5.270060870
    1.999195325    1.396263402   82.632810367   18.942890055    1.328588568
    2.189594880    1.396263402   84.158747771   -3.456304693   -2.201490057
    2.379994435    1.396263402   81.255585743  -26.910557718   -5.340099512
    2.570393989    1.396263402   74.100449634  -47.462289779   -8.003742871
    2.760793544    1.396263402   63.604282268  -61.446591412   -9.997645714
    2.951193099    1.396263402   51.303068207  -66.157780014  -11.093308321

   -3.141592654    1.745329252   32.482503282  -60.181908904  -17.200326898
   -2.951193099    1.745329252   22.420529443  -44.652904559  -16.392019391
   -2.760793544    1.745329252   15.666907860  -26.405445755  -14.562771126
   -2.570393989    1.745329252   12.170380327  -11.322656166  -12.036781149
   -2.379994435    1.745329252   10.873102156   -3.768565660   -9.157653368
   -2.189594880    1.745329252   10.195373466   -4.600288864   -6.174258922
   -1.999195325    1.745329252    8.781827906  -10.693638664   -3.232130746
   -1.808795770    1.745329252    6.152047601  -16.340645420   -0.458441660
   -1.618396215    1.745329252    2.947584893  -15.974992532    1.960933464
   -1.427996661    1.745329252    0.629726551   -6.929740376    3.810762023
   -1.237597106    1.745329252    0.777035133    9.317256736    4.984914353
   -1.047197551    1.745329252    4.343391841   27.994095055    5.620278748
   -0.856797996    1.745329252   11.247188067   43.487317332    6.097494174
   -0.666398442    1.745329252   20.458311620   51.723365762    6.891355864
   -0.475998887    1.745329252   30.415590114   51.308927448    8.352573989
   -0.285599332    1.745329252   39.532188745   43.236981544   10.555638840
   -0.095199777    1.745329252   46.568185560   29.970789007   13.264492574
    0.095199777    1.745329252   50.837333951   14.759275401   15.977006266
    0.285599332    1.745329252   52.314857953    1.276844974   18.042051195
    0.475998887    1.745329252   51.679087856   -6.901232795   18.828001201
    0.666398442    1.745329252   50.208725555   -7.239442393   17.927231578
    0.856797996    1.745329252   49.472911802    0.583241221   15.353886617
    1.047197551    1.745329252   50.829412357   14.134571036   11.571626158
    1.237597106    1.745329252   54.936998934   28.609201423    7.319744907
    1.427996661    1.745329252   61.450549076   38.582894240    3.297628526
    1.618396215    1.745329252   69.092249717   39.979556246   -0.109358474
    1.808795770    1.745329252   76.045001493   31.370862589   -2.920139482
    1.999195325    1.745329252   80.491898835   14.083185813   -5.417527988
    2.189594880    1.745329252   81.073049296   -8.561187872   -7.909824441
    2.379994435    1.745329252   77.170627905  -32.243436052  -10.522921243
    2.570393989    1.745329252   69.018442484  -52.467226036  -13.121268736
    2.760793544    1.745329252   57.668271866  -65.245911269  -15.360060306
    2.951193099    1.745329252   44.825146766  -67.920697787  -16.825329328

   -3.141592654    2.094395102   25.325511258  -60.503109604  -18.971130430
   -2.951193099    2.094395102   15.407290744  -42.857170366  -18.000515832
   -2.760793544    2.094395102    9.174123161  -22.829819629  -15.930783475
   -2.570393989    2.094395102    6.482291529   -6.555073767  -13.046943203
   -2.379994435    2.094395102    6.159983244    1.620044649   -9.671397181
   -2.189594880    2.094395102    6.534738738    1.012729505   -6.036635494
   -1.999195325    2.094395102    6.189905584   -5.127356164   -2.270718032
   -1.808795770    2.094395102    4.593478066  -11.115569880    1.503954408
   -1.618396215    2.094395102    2.322604966  -11.463750349    5.065708073
   -1.427996661    2.094395102    0.771683181   -3.419461081    8.105229966
   -1.237597106    2.094395102    1.493184076   11.875653980   10.370507511
   -1.047197551    2.094395102    5.492604516   30.086306199   11.830839169
   -0.856797996    2.094395102   12.807487193   45.824690410   12.714041878
   -0.666398442    2.094395102   22.534220718   54.852535059   13.372362739
   -0.475998887    2.094395102   33.172624218   55.286299504   14.068110487
   -0.285599332    2.094395102   43.090418081   47.542991482   14.824622585
   -0.095199777    2.094395102   50.903106372   33.633798160   15.402695265
    0.095199777    2.094395102   55.717757769   16.632382162   15.382626094
    0.285599332    2.094395102   57.300717619    0.378610182   14.316046558
    0.475998887    2.094395102   56.189463862  -11.016224396   11.910263424
    0.666398442    2.094395102   53.653348989  -14.168766053    8.195288058
    0.856797996    2.094395102   51.422074188   -7.918531655    3.623502915
    1.047197551    2.094395102   51.143903283    5.758474249   -1.039218535
    1.237597106    2.094395102   53.791666716   21.839615034   -4.997656672
    1.427996661    2.094395102   59.229314137   34.074454169   -7.763988027
    1.618396215    2.094395102   66.206876245   37.381932101   -9.347664434
    1.808795770    2.094395102   72.766473134   29.644382837  -10.195635963
    1.999195325    2.094395102   76.875703134   12.103039335  -10.925821739
    2.189594880    2.094395102   76.995174660  -11.484122696  -12.024613589
    2.379994435    2.094395102   72.438229576  -36.134806504  -13.652709164
    2.570393989    2.094395102   63.494687588  -56.746978602  -15.620010770
    2.760793544    2.094395102   51.363341444  -69.002642983  -17.487652896
    2.951193099    2.094395102   37.927120103  -70.254007226  -18.741880833

   -3.141592654    2.443460953   19.126999370  -60.236659839  -13.609406249
   -2.951193099    2.443460953    9.436646687  -40.753329924  -12.434451287
   -2.760793544    2.443460953    3.766035536  -19.097285723  -10.436471769
   -2.570393989    2.443460953    1.908360158   -1.605000106   -7.775827353
   -2.379994435    2.443460953    2.613834058    7.410614975   -4.626521972
   -2.189594880    2.443460953    4.153168285    7.425724862   -1.084081824
   -1.999195325    2.443460953    5.077195867    1.752924015    2.825719719
   -1.808795770    2.443460953    4.814688387   -4.058392469    7.031351310
   -1.618396215    2.443460953    3.864625045   -4.756145354   11.290046288
   -1.427996661    2.443460953    3.508562468    2.324484405   15.179872629
   -1.237597106    2.443460953    5.197249720   16.249466420   18.241972399
   -1.047197551    2.443460953    9.896942722   33.098692200   20.179833796
   -0.856797996    2.443460953   17.681484626   47.810208652   20.967012453
   -0.666398442    2.443460953   27.719064478   56.168948885   20.783300351
   -0.475998887    2.443460953   38.554159526   56.011745430   19.844834035
   -0.285599332    2.443460953   48.532119489   47.366604802   18.252671377
   -0.095199777    2.443460953   56.179929624   31.965999053   15.941386666
    0.095199777    2.443460953   60.485759058   12.864519169   12.745919970
    0.285599332    2.443460953   61.122204419   -5.810836749    8.549734897
    0.475998887    2.443460953   58.615907953  -19.388437415    3.454057348
    0.666398442    2.443460953   54.347009312  -23.778264400   -2.119665565
    0.856797996    2.443460953   50.281961922  -17.283148909   -7.444095307
    1.047197551    2.443460953   48.368739392   -1.807379318  -11.703328944
    1.237597106    2.443460953   49.835113810   17.099111889  -14.305433601
    1.427996661    2.443460953   54.653109291   32.238757829  -15.138325276
    1.618396215    2.443460953   61.495617249   37.606662224  -14.609345393
    1.808795770    2.443460953   68.187698271   30.587331116  -13.448085066
    1.999195325    2.443460953   72.442502094   12.524422863  -12.390642991
    2.189594880    2.443460953   72.531147606  -12.279059023  -11.911493094
    2.379994435    2.443460953   67.700237596  -38.156630434  -12.116450097
    2.570393989    2.443460953   58.296079599  -59.428962081  -12.792112900
    2.760793544    2.443460953   45.659250402  -71.474464177  -13.538733192
    2.951193099    2.443460953   31.842289376  -71.652765324  -13.923931138

   -3.141592654    2.792526803   15.784328506  -59.383964575    0.932507981
   -2.951193099    2.792526803    6.360760135  -38.802741584    3.023042976
   -2.760793544    2.792526803    1.171613347  -16.014204595    5.027262379
   -2.570393989    2.792526803    0.000000000    2.485714423    6.902915368
   -2.379994435    2.792526803    1.568955948   12.367562468    8.771712140
   -2.189594880    2.792526803    4.129945141   13.193433642   10.903929629
   -1.999195325    2.792526803    6.228360451    8.308218354   13.585189753
   -1.808795770    2.792526803    7.278068889    3.114963029   16.912792759
   -1.618396215    2.792526803    7.718070064    2.563641100   20.638453344
   -1.427996661    2.792526803    8.712242811    9.051334768   24.185644633
   -1.237597106    2.792526803   11.562168839   21.602604653   26.854224818
   -1.047197551    2.792526803   17.103587859   36.523662250   28.103827797
   -0.856797996    2.792526803   25.335928647   49.071076678   27.741348734
   -0.666398442    2.792526803   35.405581169   55.241720236   25.904202826
   -0.475998887    2.792526803   45.855954494   52.887910587   22.897618091
   -0.285599332    2.792526803   55.022769457   41.947025784   19.011385262
   -0.095199777    2.792526803   61.411022452   24.149203230   14.423440115
    0.095199777    2.792526803   64.007422653    2.780894412    9.232010068
    0.285599332    2.792526803   62.552508641  -17.541263705    3.573655291
    0.475998887    2.792526803   57.748328376  -31.550436913   -2.247744252
    0.666398442    2.792526803   51.252079957  -34.711471554   -7.714848751
    0.856797996    2.792526803   45.353723248  -25.352694283  -12.169803565
    1.047197551    2.792526803   42.265327930   -5.969265027  -15.034006287
    1.237597106    2.792526803   43.322404330   16.890298958  -16.053276198
    1.427996661    2.792526803   48.406930352   35.030699036  -15.417484313
    1.618396215    2.792526803   55.945981775   41.872219355  -13.675736931
    1.808795770    2.792526803   63.466766913   34.815472410  -11.490725160
    1.999195325    2.792526803   68.436730328   15.701361282   -9.382438024
    2.189594880    2.792526803   68.995856984  -10.515451534   -7.579152269
    2.379994435    2.792526803   64.376049878  -37.634346604   -6.035330107
    2.570393989    2.792526803   54.990190504  -59.662645779   -4.555900816
    2.760793544    2.792526803   42.284092236  -71.872140188   -2.942390693
    2.951193099    2.792526803   28.422372836  -71.649613836   -1.100245516
