#! FIELDS phi psi file.free der_phi der_psi
#! SET min_phi -pi
#! SET max_phi pi
#! SET nbins_phi  33
#! SET periodic_phi true
#! SET min_psi -pi
#! SET max_psi pi
#! SET nbins_psi  18
#! SET periodic_psi true
   -3.141592654   -3.141592654   18.333583099  -55.690923940   16.165609087
   -2.951193099   -3.141592654    9.518343875  -36.178855090   18.770534710
   -2.760793544   -3.141592654    4.720418309  -14.504943479   20.432489146
   -2.570393989   -3.141592654    3.764980823    3.360760015   21.301228797
   -2.379994435   -3.141592654    5.511019572   13.514990551   21.807763082
   -2.189594880   -3.141592654    8.398047158   15.614502201   22.526940161
   -1.999195325   -3.141592654   11.135808421   12.658938865   23.942830638
   -1.808795770   -3.141592654   13.201239165    9.358262182   26.214767005
   -1.618396215   -3.141592654   14.950697928    9.873441189   29.040770500
   -1.427996661   -3.141592654   17.332030764   16.059005184   31.726065844
   -1.237597106   -3.141592654   21.369962891   26.850071390   33.430256038
   -1.047197551   -3.141592654   27.652298372   38.931937056   33.486392571
   -0.856797996   -3.141592654   36.029979879   48.163070647   31.623788380
   -0.666398442   -3.141592654   45.612161139   51.075285045   27.985602720
   -0.475998887   -3.141592654   54.985491194   45.815771258   22.987878064
   -0.285599332   -3.141592654   62.564484594   32.420983625   17.122700459
   -0.095199777   -3.141592654   66.945830659   12.690648482   10.818541276
    0.095199777   -3.141592654   67.230998704   -9.898127601    4.426966071
    0.285599332   -3.141592654   63.324390185  -30.415141477   -1.710516257
    0.475998887   -3.141592654   56.153727548  -43.302598574   -7.181588005
    0.666398442   -3.141592654   47.637264834  -43.960540656  -11.504607745
    0.856797996   -3.141592654   40.303039559  -31.048451109  -14.236852278
    1.047197551   -3.141592654   36.502404148   -7.749098423  -15.157912915
    1.237597106   -3.141592654   37.562755983   18.578375753  -14.406415642
    1.427996661   -3.141592654   43.216059306   39.115395230  -12.442727382
    1.618396215   -3.141592654   51.657956297   47.073005408   -9.850301637
    1.808795770   -3.141592654   60.187336751   40.076682117   -7.082262839
    1.999195325   -3.141592654   66.116241280   20.474531790   -4.316853975
    2.189594880   -3.141592654   67.532506758   -6.248159733   -1.469318376
    2.379994435   -3.141592654   63.700788081  -33.559784448    1.652078095
    2.570393989   -3.141592654   55.100672231  -55.448697838    5.160228449
    2.760793544   -3.141592654   43.219409319  -67.454533930    8.968941351
    2.951193099   -3.141592654   30.198332508  -67.331346899   12.776303068

   -3.141592654   -2.792526803   25.761226055  -50.636285766   24.428382860
   -2.951193099   -2.792526803   17.696419853  -33.402462099   26.908150489
   -2.760793544   -2.792526803   13.215071044  -13.875592020   28.082295333
   -2.570393989   -2.792526803   12.234718742    2.652179086   28.254333741
   -2.379994435   -2.792526803   13.816439246   12.720503430   28.028200576
   -2.189594880   -2.792526803   16.646149217   15.986190464   28.090515634
   -1.999195325   -2.792526803   19.632432552   14.966151620   28.926872693
   -1.808795770   -2.792526803   22.323647971   13.535663785   30.603523892
   -1.618396215   -2.792526803   24.975567017   14.950895186   32.687596490
   -1.427996661   -2.792526803   28.283416406   20.420365551   34.380512085
   -1.237597106   -2.792526803   32.942519542   28.755914455   34.801128084
   -1.047197551   -2.792526803   39.244485973   37.095642682   33.317133910
   -0.856797996   -2.792526803   46.873256294   42.147795163   29.763649113
   -0.666398442   -2.792526803   54.942439998   41.354189352   24.450373503
   -0.475998887   -2.792526803   62.197510363   33.525908192   17.999371781
   -0.285599332   -2.792526803   67.303144821   18.977824757   11.108811892
   -0.095199777   -2.792526803   69.124935116   -0.532761379    4.361531417
    0.095199777   -2.792526803   67.006181827  -21.748985880   -1.815612525
    0.285599332   -2.792526803   61.047807353  -39.975763998   -7.100713275
    0.475998887   -2.792526803   52.330698259  -49.885872845  -11.194608895
    0.666398442   -2.792526803   42.878275419  -47.168826710  -13.811315661
    0.856797996   -2.792526803   35.254041562  -30.920825517  -14.769567614
    1.047197551   -2.792526803   31.751131288   -4.871548545  -14.116608474
    1.237597106   -2.792526803   33.541856006   23.201098849  -12.187313694
    1.427996661   -2.792526803   40.153723672   44.412611924   -9.491879294
    1.618396215   -2.792526803   49.605073919   52.314219627   -6.504014696
    1.808795770   -2.792526803   59.109255139   45.099235481   -3.462805026
    1.999195325   -2.792526803   65.997238823   25.609193597   -0.330258733
    2.189594880   -2.792526803   68.442568070   -0.496964700    3.110470058
    2.379994435   -2.792526803   65.792824671  -26.883359451    7.059435540
    2.570393989   -2.792526803   58.545692356  -47.984683544   11.524580827
    2.760793544   -2.792526803   48.114231697  -59.841957483   16.246668498
    2.951193099   -2.792526803   36.482955344  -60.530068585   20.734885290

   -3.141592654   -2.443460953   34.016831774  -45.187445560   22.366215216
   -2.951193099   -2.443460953   26.784347212  -30.151758285   24.425084061
   -2.760793544   -2.443460953   22.716362873  -12.710620437   25.328184637
   -2.570393989   -2.443460953   21.811987958    2.445115981   25.335987076
   -2.379994435   -2.443460953   23.307529931   12.207340153   24.934342829
   -2.189594880   -2.443460953   26.091494618   16.148004835   24.643959560
   -1.999195325   -2.443460953   29.214699987   16.260634738   24.790009592
   -1.808795770   -2.443460953   32.240172215   15.630340139   25.351530470
   -1.618396215   -2.443460953   35.286085081   16.774326307   25.930861059
   -1.427996661   -2.443460953   38.800250916   20.524104898   25.893188297
   -1.237597106   -2.443460953   43.209667188   25.873806991   24.602258311
   -1.047197551   -2.443460953   48.624071190   30.649172344   21.681012663
   -0.856797996   -2.443460953   54.705496512   32.481368344   17.169695865
   -0.666398442   -2.443460953   60.711542061   29.590949258   11.506115184
   -0.475998887   -2.443460953   65.643023094   21.150994996    5.363462489
   -0.285599332   -2.443460953   68.444770263    7.359407583   -0.574036511
   -0.095199777   -2.443460953   68.206643397  -10.422666801   -5.807707776
    0.095199777   -2.443460953   64.412266469  -29.398555054  -10.061611260
    0.285599332   -2.443460953   57.227365165  -45.185878783  -13.230551727
    0.475998887   -2.443460953   47.753851869  -52.611391451  -15.273078752
    0.666398442   -2.443460953   38.014668324  -47.469523728  -16.148881115
    0.856797996   -2.443460953   30.545541101  -29.035448155  -15.851901108
    1.047197551   -2.443460953   27.569760928   -1.312388644  -14.476591833
    1.237597106   -2.443460953   30.141004725   27.730953187  -12.266793948
    1.427996661   -2.443460953   37.653290913   49.254359951   -9.550431358
    1.618396215   -2.443460953   48.024822839   57.120615203   -6.614022670
    1.808795770   -2.443460953   58.444079727   49.944493016   -3.582301953
    1.999195325   -2.443460953   66.287786456   30.875122726   -0.412034140
    2.189594880   -2.443460953   69.810403383    5.604357833    3.035625020
    2.379994435   -2.443460953   68.419502746  -19.773600708    6.864013499
    2.570393989   -2.443460953   62.607227470  -40.106196531   11.024531956
    2.760793544   -2.443460953   53.699763094  -51.862745659   15.275404240
    2.951193099   -2.443460953   43.525465930  -53.376044234   19.206355209

   -3.141592654   -2.094395102   40.144941611  -41.171830011   13.185176021
   -2.951193099   -2.094395102   33.529049103  -27.714688865   14.524946114
   -2.760793544   -2.094395102   29.779472572  -11.751938435   15.213790400
   -2.570393989   -2.094395102   28.951708819    2.391070659   15.365583353
   -2.379994435   -2.094395102   30.391100498   11.775010775   15.175090761
   -2.189594880   -2.094395102   33.098449279   15.826148984   14.820748513
   -1.999195325   -2.094395102   36.180266437   16.119885910   14.359345007
   -1.808795770   -2.094395102   39.163588087   15.214839574   13.683209236
   -1.618396215   -2.094395102   42.038255275   15.237284649   12.544656624
   -1.427996661   -2.094395102   45.078909675   16.955091976   10.666778898
   -1.237597106   -2.094395102   48.565643215   19.714656402    7.872496587
   -1.047197551   -2.094395102   52.561613967   22.002952439    4.196608389
   -0.856797996   -2.094395102   56.820582596   22.180874003   -0.083310635
   -0.666398442   -2.094395102   60.810519990   18.956748528   -4.520386015
   -0.475998887   -2.094395102   63.794751466   11.552875087   -8.631831590
   -0.285599332   -2.094395102   64.948393513   -0.237339357  -12.037948903
   -0.095199777   -2.094395102   63.487495308  -15.655405635  -14.579992899
    0.095199777   -2.094395102   58.909548035  -32.452647034  -16.301950440
    0.285599332   -2.094395102   51.315783641  -46.496564624  -17.369804024
    0.475998887   -2.094395102   41.726193987  -52.556740157  -17.935357312
    0.666398442   -2.094395102   32.111642039  -46.222457464  -18.033610750
    0.856797996   -2.094395102   24.990019549  -26.624815055  -17.586338606
    1.047197551   -2.094395102   22.578034341    2.183302983  -16.478561890
    1.237597106   -2.094395102   25.900460782   32.080346688  -14.673529474
    1.427996661   -2.094395102   34.296382360   54.125721140  -12.260488991
    1.618396215   -2.094395102   45.621740059   62.230080866   -9.426382045
    1.808795770   -2.094395102   57.027004301   55.177500027   -6.367935525
    1.999195325   -2.094395102   65.883484591   36.290659683   -3.239110350
    2.189594880   -2.094395102   70.465191637   11.324684580   -0.120839050
    2.379994435   -2.094395102   70.198210865  -13.706364752    2.950178313
    2.570393989   -2.094395102   65.564597810  -33.843878379    5.930312653
    2.760793544   -2.094395102   57.839156224  -45.799190747    8.733632680
    2.951193099   -2.094395102   48.757421588  -48.067733483   11.209931544

   -3.141592654   -1.745329252   42.823872755  -38.675724028    4.950928889
   -2.951193099   -1.745329252   36.611865688  -26.005964474    5.627418374
   -2.760793544   -1.745329252   33.100794696  -10.968752474    6.011727023
   -2.570393989   -1.745329252   32.333183652    2.248657848    6.080726645
   -2.379994435   -1.745329252   33.664124984   10.790672056    5.797944270
   -2.189594880   -1.745329252   36.107536962   14.028111731    5.093493752
   -1.999195325   -1.745329252   38.759716157   13.370369567    3.857382301
   -1.808795770   -1.745329252   41.106353621   11.226552659    1.974752478
   -1.618396215   -1.745329252   43.081215557    9.748101313   -0.614725186
   -1.427996661   -1.745329252   44.930391078    9.960222958   -3.844721159
   -1.237597106   -1.745329252   46.971617107   11.637394387   -7.492612304
   -1.047197551   -1.745329252   49.389658231   13.681059982  -11.199864190
   -0.856797996   -1.745329252   52.124659030   14.678070168  -14.547022597
   -0.666398442   -1.745329252   54.844368122   13.257111613  -17.161691428
   -0.475998887   -1.745329252   56.966877121    8.271090959  -18.811789794
   -0.285599332   -1.745329252   57.733956223   -1.055017309  -19.455700842
   -0.095199777   -1.745329252   56.315712731  -14.509107737  -19.273207777
    0.095199777   -1.745329252   52.074761928  -30.216097983  -18.598081660
    0.285599332   -1.745329252   44.936277010  -44.085012310  -17.816187645
    0.475998887   -1.745329252   35.769312526  -50.584567790  -17.214840704
    0.666398442   -1.745329252   26.475653209  -44.796866198  -16.859392686
    0.856797996   -1.745329252   19.600272396  -25.373261334  -16.578046496
    1.047197551   -1.745329252   17.456269738    3.843674594  -16.047211397
    1.237597106   -1.745329252   21.173566190   34.614505796  -14.966876136
    1.427996661   -1.745329252   30.150852280   57.678126688  -13.201413590
    1.618396215   -1.745329252   42.236118568   66.593315006  -10.836010506
    1.808795770   -1.745329252   54.518874187   59.941375157   -8.114378150
    1.999195325   -1.745329252   64.287726199   41.038431244   -5.344034510
    2.189594880   -1.745329252   69.749097074   15.780239492   -2.778213067
    2.379994435   -1.745329252   70.295392949   -9.630101036   -0.559347144
    2.570393989   -1.745329252   66.405034537  -30.105217371    1.280951377
    2.760793544   -1.745329252   59.362974928  -42.362208660    2.784199297
    2.951193099   -1.745329252   50.902469479  -45.002832061    3.999567897

   -3.141592654   -1.396263402   41.278838707  -38.618270152    2.828385907
   -2.951193099   -1.396263402   35.106085998  -25.659562082    2.749957926
   -2.760793544   -1.396263402   31.678366202  -10.492546192    2.465795772
   -2.570393989   -1.396263402   30.984685748    2.464999634    1.928489454
   -2.379994435   -1.396263402   32.291325723   10.221920027    1.006245928
   -2.189594880   -1.396263402   34.508419128   12.132149808   -0.503132102
   -1.999195325   -1.396263402   36.638427448    9.734194543   -2.798821714
   -1.808795770   -1.396263402   38.114354763    5.732237312   -5.960715466
   -1.618396215   -1.396263402   38.888272114    2.726354597   -9.843283318
   -1.427996661   -1.396263402   39.317351411    2.237287256  -14.044862737
   -1.237597106   -1.396263402   39.914767365    4.408161806  -17.992954690
   -1.047197551   -1.396263402   41.103477169    8.193177288  -21.110627270
   -0.856797996   -1.396263402   43.037602034   11.863360838  -22.982707038
   -0.666398442   -1.396263402   45.508993219   13.456540485  -23.456357662
   -0.475998887   -1.396263402   47.935960781   11.169388823  -22.646557159
   -0.285599332   -1.396263402   49.445751232    3.665496769  -20.869850470
   -0.095199777   -1.396263402   49.006484117   -9.155132224  -18.579831600
    0.095199777   -1.396263402   45.745894909  -25.467441669  -16.264610813
    0.285599332   -1.396263402   39.373440724  -40.912914114  -14.343528926
    0.475998887   -1.396263402   30.621216627  -49.409105411  -13.053744250
    0.666398442   -1.396263402   21.379246976  -45.324744504  -12.370448083
    0.856797996   -1.396263402   14.312029494  -26.672415716  -12.035225715
    1.047197551   -1.396263402   11.943898765    2.976155389  -11.663730465
    1.237597106   -1.396263402   15.620418624   35.163357416  -10.911840065
    1.427996661   -1.396263402   24.875193203   60.028689224   -9.602739105
    1.618396215   -1.396263402   37.559882295   70.424263950   -7.771244976
    1.808795770   -1.396263402   50.650912396   64.425393399   -5.613111254
    1.999195325   -1.396263402   61.259958546   45.223585082   -3.401705624
    2.189594880   -1.396263402   67.429936116   18.947533983   -1.388865628
    2.379994435   -1.396263402   68.457462211   -7.755454948    0.255655018
    2.570393989   -1.396263402   64.811444345  -29.355756761    1.462868473
    2.760793544   -1.396263402   57.838899047  -42.294248978    2.249898497
    2.951193099   -1.396263402   49.366339941  -45.118043328    2.680475072

   -3.141592654   -1.047197551   38.600472545  -40.986610595    4.981307283
   -2.951193099   -1.047197551   32.024062468  -27.484701869    3.934915973
   -2.760793544   -1.047197551   28.312666970  -11.669196879    2.535455289
   -2.570393989   -1.047197551   27.434081077    1.607213417    0.854210341
   -2.379994435   -1.047197551   28.554638393    8.984308790   -1.138515275
   -2.189594880   -1.047197551   30.435495568    9.712785112   -3.588021784
   -1.999195325   -1.047197551   31.945832409    5.598392285   -6.673405416
   -1.808795770   -1.047197551   32.470360969   -0.050757890  -10.448568177
   -1.618396215   -1.047197551   32.044188267   -3.908927494  -14.685856949
   -1.427996661   -1.047197551   31.232170401   -3.919457554  -18.840161091
   -1.237597106   -1.047197551   30.817906710    0.154363724  -22.186519631
   -1.047197551   -1.047197551   31.463281318    6.855296528  -24.080431571
   -0.856797996   -1.047197551   33.449182028   13.722877690  -24.198916463
   -0.666398442   -1.047197551   36.546695366   18.029068544  -22.644479003
   -0.475998887   -1.047197551   40.023619662   17.419370619  -19.875764543
   -0.285599332   -1.047197551   42.781926064   10.306821487  -16.524068624
   -0.095199777   -1.047197551   43.545048225   -3.355182036  -13.204843772
    0.095199777   -1.047197551   41.231239180  -21.441884774  -10.363814384
    0.285599332   -1.047197551   35.417954558  -39.087834192   -8.203419450
    0.475998887   -1.047197551   26.814611154  -49.585263025   -6.688164579
    0.666398442   -1.047197551   17.406992537  -46.730945602   -5.614869836
    0.856797996   -1.047197551   10.042668507  -28.211712730   -4.741874592
    1.047197551   -1.047197551    7.454963829    2.341373644   -3.881759476
    1.237597106   -1.047197551   11.151620354   36.053276571   -2.940722549
    1.427996661   -1.047197551   20.729602069   62.477817027   -1.891819233
    1.618396215   -1.047197551   33.993379455   73.933546662   -0.736603151
    1.808795770   -1.047197551   47.791607522   68.190413917    0.517263920
    1.999195325   -1.047197551   59.075370919   48.413700996    1.836628328
    2.189594880   -1.047197551   65.745849279   20.934459083    3.142711335
    2.379994435   -1.047197551   67.011289258   -7.261263952    4.309163263
    2.570393989   -1.047197551   63.320052589  -30.284077518    5.185410333
    2.760793544   -1.047197551   56.062649124  -44.272970596    5.633724242
    2.951193099   -1.047197551   47.156992057  -47.587717327    5.569364127

   -3.141592654   -0.698131701   38.953127525  -44.250958834    5.131511061
   -2.951193099   -0.698131701   31.690611124  -31.353706663    2.872190249
   -2.760793544   -0.698131701   27.215478733  -15.767962035    0.267467574
   -2.570393989   -0.698131701   25.550189850   -2.554962736   -2.485210051
   -2.379994435   -0.698131701   25.862612779    4.606153985   -5.326965307
   -2.189594880   -0.698131701   26.860347047    4.749018986   -8.359522923
   -1.999195325   -0.698131701   27.345951176   -0.216331336  -11.724242731
   -1.808795770   -0.698131701   26.694034987   -6.499468257  -15.399670450
   -1.618396215   -0.698131701   25.044178001  -10.114913383  -19.034901358
   -1.427996661   -0.698131701   23.177619050   -8.552658351  -21.973204200
   -1.237597106   -0.698131701   22.134107126   -1.650624460  -23.485525829
   -1.047197551   -0.698131701   22.760379272    8.489610692  -23.105792033
   -0.856797996   -0.698131701   25.367066543   18.482671908  -20.864097501
   -0.666398442   -0.698131701   29.585062374   24.806225293  -17.285752026
   -0.475998887   -0.698131701   34.427874050   24.735443429  -13.173017154
   -0.285599332   -0.698131701   38.519475804   16.796767411   -9.298992197
   -0.095199777   -0.698131701   40.364658969    1.423198224   -6.150070078
    0.095199777   -0.698131701   38.774079835  -18.608789825   -3.816593265
    0.285599332   -0.698131701   33.341235855  -37.823912004   -2.045965405
    0.475998887   -0.698131701   24.888360572  -49.126992755   -0.435518158
    0.666398442   -0.698131701   15.556763676  -46.282372766    1.327648310
    0.856797996   -0.698131701    8.324132503  -27.240384212    3.277301242
    1.047197551   -0.698131701    5.986526966    3.971436043    5.169113661
    1.237597106   -0.698131701   10.044645229   38.163422687    6.659690532
    1.427996661   -0.698131701   20.048752978   64.790869258    7.536258833
    1.618396215   -0.698131701   33.755076598   76.238425287    7.845694016
    1.808795770   -0.698131701   47.982694548   70.380749036    7.843455731
    1.999195325   -0.698131701   59.666173875   50.403290639    7.822354481
    2.189594880   -0.698131701   66.684297640   22.562107107    7.937173958
    2.379994435   -0.698131701   68.204905030   -6.257106427    8.133747945
    2.570393989   -0.698131701   64.620835818  -30.210818462    8.189504696
    2.760793544   -0.698131701   57.269254329  -45.358072667    7.822082254
    2.951193099   -0.698131701   48.042291830  -49.866207053    6.821626948

   -3.141592654   -0.349065850   40.442033410  -48.869450502    4.255241121
   -2.951193099   -0.349065850   32.207083877  -36.845604546    1.189239018
   -2.760793544   -0.349065850   26.645753694  -21.592755024   -2.114191679
   -2.570393989   -0.349065850   23.871059327   -8.345184041   -5.369946868
   -2.379994435   -0.349065850   23.089436640   -1.116201407   -8.455487917
   -2.189594880   -0.349065850   22.989080583   -1.094029435  -11.435560047
   -1.999195325   -0.349065850   22.343124379   -6.234488701  -14.417766840
   -1.808795770   -0.349065850   20.559384910  -12.236678674  -17.328545511
   -1.618396215   -0.349065850   17.923996847  -14.510149166  -19.757249205
   -1.427996661   -0.349065850   15.453232080  -10.289277900  -21.040559040
   -1.237597106   -0.349065850   14.412323777    0.204117640  -20.566188164
   -1.047197551   -0.349065850   15.740847907   13.913688275  -18.135916375
   -0.856797996   -0.349065850   19.639572707   26.370895957  -14.143799785
   -0.666398442   -0.349065850   25.453375690   33.357466656   -9.447206777
   -0.475998887   -0.349065850   31.840563756   32.133413408   -5.012727564
   -0.285599332   -0.349065850   37.131029100   21.870752141   -1.537061680
   -0.095199777   -0.349065850   39.699506939    4.004218668    0.806670239
    0.095199777   -0.349065850   38.421168266  -17.713066400    2.367892203
    0.285599332   -0.349065850   33.106116254  -37.244838259    3.805284205
    0.475998887   -0.349065850   24.839432570  -47.583213437    5.731837254
    0.666398442   -0.349065850   15.946916212  -43.211530707    8.382078792
    0.856797996   -0.349065850    9.422190967  -23.036547945   11.453350037
    1.047197551   -0.349065850    7.912470518    8.244295336   14.248836891
    1.237597106   -0.349065850   12.701097185   41.404597367   16.054221128
    1.427996661   -0.349065850   23.175334034   66.459940846   16.507188316
    1.618396215   -0.349065850   37.060434414   76.532473121   15.756375078
    1.808795770   -0.349065850   51.264613123   69.969653712   14.324052330
    1.999195325   -0.349065850   62.856290974   49.939038578   12.804796397
    2.189594880   -0.349065850   69.805738989   22.310375056   11.571252284
    2.379994435   -0.349065850   71.284737068   -6.509059327   10.650675420
    2.570393989   -0.349065850   67.610931864  -31.003973222    9.783710149
    2.760793544   -0.349065850   60.010945769  -47.255232377    8.590598340
    2.951193099   -0.349065850   50.291011325  -53.174166062    6.775782718

   -3.141592654    0.000000000   41.789534776  -54.358040144    2.262687242
   -2.951193099    0.000000000   32.435527498  -42.981582991   -0.790016012
   -2.760793544    0.000000000   25.697381601  -27.699286437   -3.851073033
   -2.570393989    0.000000000   21.804524065  -13.926114472   -6.686004741
   -2.379994435    0.000000000   20.022389947   -6.052234480   -9.218489355
   -2.189594880    0.000000000   19.032135459   -5.528252734  -11.524080735
   -1.999195325    0.000000000   17.584361277  -10.194992097  -13.670363464
   -1.808795770    0.000000000   15.122332887  -15.274873113  -15.518863966
   -1.618396215    0.000000000   12.068273875  -15.684611624  -16.633766214
   -1.427996661    0.000000000    9.632472394   -8.605789791  -16.438940488
   -1.237597106    0.000000000    9.222779519    5.137415016  -14.546648003
   -1.047197551    0.000000000   11.757236995   21.445758344  -11.065126514
   -0.856797996    0.000000000   17.216395688   34.914420259   -6.657421927
   -0.666398442    0.000000000   24.600367500   41.007954294   -2.283864749
   -0.475998887    0.000000000   32.238554009   37.446998839    1.216632400
   -0.285599332    0.000000000   38.277576607   24.446274941    3.471622546
   -0.095199777    0.000000000   41.127264604    4.588064996    4.726619795
    0.095199777    0.000000000   39.890593483  -17.568537555    5.697836444
    0.285599332    0.000000000   34.697088794  -35.872002101    7.235264790
    0.475998887    0.000000000   26.897732212  -43.972467061    9.903104795
    0.666398442    0.000000000   18.902278728  -37.547764301   13.664284689
    0.856797996    0.000000000   13.554729616  -16.646955250   17.825878338
    1.047197551    0.000000000   13.186788651   13.535328684   21.323903653
    1.237597106    0.000000000   18.757910141   44.168226338   23.223922664
    1.427996661    0.000000000   29.476602412   66.303210031   23.139783250
    1.618396215    0.000000000   43.101266613   74.140665513   21.357689395
    1.808795770    0.000000000   56.735505610   66.603550562   18.613364180
    1.999195325    0.000000000   67.686597987   46.731082584   15.708417566
    2.189594880    0.000000000   74.087746609   19.785964089   13.164515494
    2.379994435    0.000000000   75.141539411   -8.528686979   11.091646914
    2.570393989    0.000000000   71.081081542  -33.175127054    9.269567556
    2.760793544    0.000000000   62.994999962  -50.294356054    7.339657450
    2.951193099    0.000000000   52.578023156  -57.487276191    5.026096850

   -3.141592654    0.349065850   43.537543047  -58.939083617    1.617393587
   -2.951193099    0.349065850   33.258425183  -48.021815742   -0.418959275
   -2.760793544    0.349065850   25.552835670  -32.728695186   -2.337478677
   -2.570393989    0.349065850   20.735255856  -18.555165570   -4.061670886
   -2.379994435    0.349065850   18.123512921  -10.124091977   -5.603644868
   -2.189594880    0.349065850   16.411395840   -9.027348327   -7.037189634
   -1.999195325    0.349065850   14.361321089  -12.969393104   -8.376706888
   -1.808795770    0.349065850   11.477594513  -16.809666871   -9.452563694
   -1.618396215    0.349065850    8.310697072  -15.199997834   -9.887673077
   -1.427996661    0.349065850    6.209566440   -5.519404765   -9.269857293
   -1.237597106    0.349065850    6.630523724   10.671134323   -7.422068592
   -1.047197551    0.349065850   10.371951918   28.334931129   -4.597372478
   -0.856797996    0.349065850   17.140544061   41.489430546   -1.430330872
   -0.666398442    0.349065850   25.621691624   45.766973764    1.361417815
   -0.475998887    0.349065850   33.933695659   39.743361492    3.338194065
   -0.285599332    0.349065850   40.208637076   24.802384344    4.547177752
   -0.095199777    0.349065850   43.052414754    4.460292185    5.521320660
    0.095199777    0.349065850   41.889677218  -16.376222597    7.022475979
    0.285599332    0.349065850   37.165554534  -31.981197788    9.688860781
    0.475998887    0.349065850   30.398121607  -37.092290741   13.692209219
    0.666398442    0.349065850   23.922110894  -28.763811963   18.567567828
    0.856797996    0.349065850   20.266173968   -8.082056642   23.312674360
    1.047197551    0.349065850   21.323853921   19.595042328   26.759541892
    1.237597106    0.349065850   27.682741508   46.249903706   28.063657806
    1.427996661    0.349065850   38.399524057   64.318988915   27.033484476
    1.618396215    0.349065850   51.345044125   69.264206729   24.150883691
    1.808795770    0.349065850   63.913880450   60.593184531   20.286421599
    1.999195325    0.349065850   73.737805610   41.105980881   16.320490223
    2.189594880    0.349065850   79.172734418   15.315093640   12.831562799
    2.379994435    0.349065850   79.486404908  -11.898031825    9.999199513
    2.570393989    0.349065850   74.843714977  -36.048504785    7.695265318
    2.760793544    0.349065850   66.199207781  -53.395308139    5.655593852
    2.951193099    0.349065850   55.128632084  -61.298402747    3.658555589

   -3.141592654    0.698131701   45.558187010  -60.619196556    0.546388526
   -2.951193099    0.698131701   34.929934863  -50.002554655   -0.041973411
   -2.760793544    0.698131701   26.814617903  -35.029965499   -0.406347927
   -2.570393989    0.698131701   21.533499962  -21.096826438   -0.684869840
   -2.379994435    0.698131701   18.424120787  -12.776402469   -1.008502161
   -2.189594880    0.698131701   16.209265711  -11.610390323   -1.458821338
   -1.999195325    0.698131701   13.696441818  -15.183125899   -2.021318279
   -1.808795770    0.698131701   10.460792963  -18.208267661   -2.565823884
   -1.618396215    0.698131701    7.142744294  -15.322708143   -2.875987224
   -1.427996661    0.698131701    5.159034164   -4.165176422   -2.756992530
   -1.237597106    0.698131701    5.958960219   13.199601710   -2.154777887
   -1.047197551    0.698131701   10.234587769   31.253845947   -1.207107877
   -0.856797996    0.698131701   17.522378202   43.887543274   -0.165797770
   -0.666398442    0.698131701   26.362112756   47.107888381    0.789431198
   -0.475998887    0.698131701   34.837548269   40.212784293    1.712727481
   -0.285599332    0.698131701   41.187892646   25.326753453    2.923871980
   -0.095199777    0.698131701   44.239702279    6.340488949    4.913769096
    0.095199777    0.698131701   43.658273950  -12.006430185    8.107144193
    0.285599332    0.698131701   40.042770778  -24.724850958   12.622629147
    0.475998887    0.698131701   34.886893669  -27.629808088   18.090500162
    0.666398442    0.698131701   30.293097176  -18.809715904   23.650293187
    0.856797996    0.698131701   28.404305128    0.145065040   28.170548635
    1.047197551    0.698131701   30.707004507   24.191840417   30.638702477
    1.237597106    0.698131701   37.515786967   46.346743732   30.550989258
    1.427996661    0.698131701   47.845945896   60.340412444   28.082727006
    1.618396215    0.698131701   59.754610744   62.640341845   23.965069488
    1.808795770    0.698131701   70.952846083   53.115010750   19.145395103
    1.999195325    0.698131701   79.394635332   34.266562062   14.455999175
    2.189594880    0.698131701   83.660286774    9.944695475   10.402757398
    2.379994435    0.698131701   83.107252953  -15.658609489    7.156468487
    2.570393989    0.698131701   77.876904789  -38.544615770    4.670545919
    2.760793544    0.698131701   68.834773640  -55.166462599    2.814537049
    2.951193099    0.698131701   57.454131163  -62.848249648    1.469490074

   -3.141592654    1.047197551   44.212264080  -61.452206919   -4.183574909
   -2.951193099    1.047197551   33.525721436  -49.811100888   -3.594595752
   -2.760793544    1.047197551   25.515336055  -34.181629905   -2.595649797
   -2.570393989    1.047197551   20.423771144  -20.018578113   -1.518274933
   -2.379994435    1.047197551   17.511298532  -11.827604489   -0.636658436
   -2.189594880    1.047197551   15.446745949  -10.991195708   -0.093132549
   -1.999195325    1.047197551   13.017581030  -14.912899266    0.106868076
   -1.808795770    1.047197551    9.808153221  -18.181173517    0.038531723
   -1.618396215    1.047197551    6.482199148  -15.418692051   -0.206752202
   -1.427996661    1.047197551    4.472683578   -4.346470120   -0.562000780
   -1.237597106    1.047197551    5.225972509   12.869567539   -0.969289268
   -1.047197551    1.047197551    9.420172166   30.715504321   -1.331370738
   -0.856797996    1.047197551   16.593816641   43.268311248   -1.469496861
   -0.666398442    1.047197551   25.341360630   46.867604143   -1.108052759
   -0.475998887    1.047197551   33.867542954   41.130047377    0.077700160
   -0.285599332    1.047197551   40.574910449   28.301963817    2.371592853
   -0.095199777    1.047197551   44.445241028   12.030200983    5.924128160
    0.095199777    1.047197551   45.216082955   -3.550339574   10.634699448
    0.285599332    1.047197551   43.417240629  -14.307861072   16.085028386
    0.475998887    1.047197551   40.307609792  -16.878116684   21.533418636
    0.666398442    1.047197551   37.629247574   -9.789932059   26.040601735
    0.856797996    1.047197551   37.141284620    5.585927102   28.729190995
    1.047197551    1.047197551   40.053368345   25.085754381   29.075584736
    1.237597106    1.047197551   46.607664030   42.911426411   27.098066987
    1.427996661    1.047197551   55.960633585   53.766800059   23.319792445
    1.618396215    1.047197551   66.445921128   54.520248963   18.535566381
    1.808795770    1.047197551   76.065263588   44.840728400   13.511791383
    1.999195325    1.047197551   82.989633437   26.692101984    8.800294562
    2.189594880    1.047197551   85.909903554    3.405645022    4.690832777
    2.379994435    1.047197551   84.214792584  -21.120379764    1.296466412
    2.570393989    1.047197551   78.045746689  -42.938381165   -1.330672901
    2.760793544    1.047197551   68.272319710  -58.434058219   -3.138942318
    2.951193099    1.047197551   56.383091826  -64.897136878   -4.082428548

   -3.141592654    1.396263402   39.306664084  -61.010250955  -10.833785187
   -2.951193099    1.396263402   28.904268697  -47.348852520   -9.898055148
   -2.760793544    1.396263402   21.499054653  -30.433033112   -8.281910191
   -2.570393989    1.396263402   17.170972689  -15.896483404   -6.352366797
   -2.379994435    1.396263402   15.013634507   -8.122929981   -4.435112028
   -2.189594880    1.396263402   13.572627385   -8.198367210   -2.726103044
   -1.999195325    1.396263402   11.570518552  -13.239413782   -1.303074873
   -1.808795770    1.396263402    8.569197354  -17.672322048   -0.210737569
   -1.618396215    1.396263402    5.231266113  -16.048309359    0.477826131
   -1.427996661    1.396263402    3.004407942   -5.967151186    0.688456077
   -1.237597106    1.396263402    3.384381881   10.651859943    0.459294696
   -1.047197551    1.396263402    7.156555164   28.634603649    0.036832388
   -0.856797996    1.396263402   14.025506652   42.318851850   -0.139620948
   -0.666398442    1.396263402   22.782054701   48.061858355    0.433761616
   -0.475998887    1.396263402   31.801356566   45.192340760    2.140826666
   -0.285599332    1.396263402   39.574142763   35.405260785    5.111220586
   -0.095199777    1.396263402   45.049954374   21.637540458    9.179000879
    0.095199777    1.396263402   47.795676793    7.327055608   13.881777086
    0.285599332    1.396263402   48.051454182   -3.924298552   18.519307714
    0.475998887    1.396263402   46.719649814   -8.890897807   22.264886075
    0.666398442    1.396263402   45.208691608   -5.697945892   24.357980978
    0.856797996    1.396263402   45.072183584    5.182031234   24.356545054
    1.047197551    1.396263402   47.510673096   20.680797389   22.298409320
    1.237597106    1.396263402   52.946934768   35.828060874   18.682227073
    1.427996661    1.396263402   60.820266085   45.543631742   14.244230979
    1.618396215    1.396263402   69.729681003   46.321790946    9.664236007
    1.808795770    1.396263402   77.836822152   37.184687798    5.355839937
    1.999195325    1.396263402   83.358171920   19.581551394    1.457019558
    2.189594880    1.396263402   84.964393532   -3.304144105   -2.049960020
    2.379994435    1.396263402   82.030714854  -27.379241936   -5.173890357
    2.570393989    1.396263402   74.740960976  -48.354066078   -7.815014559
    2.760793544    1.396263402   64.065440357  -62.371343557   -9.769993952
    2.951193099    1.396263402   51.614489266  -66.762011168  -10.816021129

   -3.141592654    1.745329252   32.665287068  -60.060248830  -17.238068196
   -2.951193099    1.745329252   22.657931859  -44.242813000  -16.401798396
   -2.760793544    1.745329252   15.991463882  -25.941505254  -14.585325563
   -2.570393989    1.745329252   12.573288468  -10.991268263  -12.100705882
   -2.379994435    1.745329252   11.321482180   -3.627312183   -9.269198805
   -2.189594880    1.745329252   10.656266918   -4.598145118   -6.319624078
   -1.999195325    1.745329252    9.236599425  -10.747860960   -3.390361437
   -1.808795770    1.745329252    6.595673538  -16.399880439   -0.615847279
   -1.618396215    1.745329252    3.379328207  -16.051038645    1.805041026
   -1.427996661    1.745329252    1.042189114   -7.070992647    3.648720931
   -1.237597106    1.745329252    1.153626682    9.071659044    4.814048252
   -1.047197551    1.745329252    4.665078868   27.670756270    5.453539564
   -0.856797996    1.745329252   11.508570908   43.199824781    5.965396834
   -0.666398442    1.745329252   20.682566430   51.649870458    6.834464253
   -0.475998887    1.745329252   30.660016707   51.614577519    8.406805273
   -0.285599332    1.745329252   39.876790711   43.976922469   10.735196044
   -0.095199777    1.745329252   47.087650947   31.029199224   13.550365358
    0.095199777    1.745329252   51.568553233   15.867587405   16.315312695
    0.285599332    1.745329252   53.235107113    2.094104805   18.355701990
    0.475998887    1.745329252   52.703976371   -6.658171311   19.038747133
    0.666398442    1.745329252   51.214753544   -7.681720840   17.979653438
    0.856797996    1.745329252   50.338199148   -0.413621441   15.230931626
    1.047197551    1.745329252   51.479146279   12.935679457   11.295685011
    1.237597106    1.745329252   55.375096382   27.654653300    6.939525489
    1.427996661    1.745329252   61.759295505   38.212639412    2.867214135
    1.618396215    1.745329252   69.393778624   40.248202406   -0.548259140
    1.808795770    1.745329252   76.439829873   32.010800860   -3.344924971
    1.999195325    1.745329252   81.008830355   14.645453917   -5.819575187
    2.189594880    1.745329252   81.658348449   -8.450136328   -8.282429297
    2.379994435    1.745329252   77.724680803  -32.671097942  -10.852564459
    2.570393989    1.745329252   69.456041284  -53.207187934  -13.387719405
    2.760793544    1.745329252   57.965265444  -65.921372819  -15.545805228
    2.951193099    1.745329252   45.025006239  -68.233226677  -16.927626907

   -3.141592654    2.094395102   25.398464994  -60.203722348  -19.355752717
   -2.951193099    2.094395102   15.560719875  -42.356893777  -18.334443379
   -2.760793544    2.094395102    9.423183798  -22.364907303  -16.258957261
   -2.570393989    2.094395102    6.803651601   -6.281697124  -13.399496843
   -2.379994435    2.094395102    6.513499348    1.686018687  -10.054166396
   -2.189594880    2.094395102    6.887363692    0.952103979   -6.435092237
   -1.999195325    2.094395102    6.526426206   -5.225134216   -2.662501869
   -1.808795770    2.094395102    4.911617123  -11.209394039    1.137346915
   -1.618396215    2.094395102    2.622361818  -11.574516958    4.735847695
   -1.427996661    2.094395102    1.046190904   -3.585005234    7.821808962
   -1.237597106    2.094395102    1.730430425   11.646363676   10.151592797
   -1.047197551    2.094395102    5.684836495   29.855757700   11.706401226
   -0.856797996    2.094395102   12.966263231   45.727909658   12.719283858
   -0.666398442    2.094395102   22.700943190   55.057383631   13.533730949
   -0.475998887    2.094395102   33.417491520   55.912181330   14.387448809
   -0.285599332    2.094395102   43.494828365   48.573068707   15.268992264
   -0.095199777    2.094395102   51.528533699   34.874552462   15.905686707
    0.095199777    2.094395102   56.574597683   17.757884018   15.856756115
    0.285599332    2.094395102   58.332443761    1.031739461   14.673375122
    0.475998887    2.094395102   57.279547070  -11.085608906   12.084464784
    0.666398442    2.094395102   54.656355713  -15.001618413    8.156513858
    0.856797996    2.094395102   52.209100515   -9.302472667    3.380404861
    1.047197551    2.094395102   51.647382242    4.240263221   -1.450204745
    1.237597106    2.094395102   54.031758261   20.661778225   -5.530313217
    1.427996661    2.094395102   59.306268599   33.568472137   -8.379691494
    1.618396215    2.094395102   66.256862385   37.573517694  -10.023533145
    1.808795770    2.094395102   72.898477571   30.239807322  -10.920875711
    1.999195325    2.094395102   77.123806941   12.648249019  -11.689955577
    2.189594880    2.094395102   77.312192801  -11.345893620  -12.805161933
    2.379994435    2.094395102   72.735276572  -36.467389874  -14.411664899
    2.570393989    2.094395102   63.700653753  -57.316092862  -16.312164204
    2.760793544    2.094395102   51.466925373  -69.453765917  -18.077440933
    2.951193099    2.094395102   37.977629538  -70.337670200  -19.218998829

   -3.141592654    2.443460953   19.044607046  -59.847706166  -14.118757070
   -2.951193099    2.443460953    9.445259627  -40.231312852  -12.900790899
   -2.760793544    2.443460953    3.869247842  -18.660578444  -10.900019075
   -2.570393989    2.443460953    2.076648771   -1.372798231   -8.262316896
   -2.379994435    2.443460953    2.808109800    7.457632074   -5.138935985
   -2.189594880    2.443460953    4.346732626    7.386559977   -1.605912892
   -1.999195325    2.443460953    5.262674687    1.715883177    2.320921608
   -1.808795770    2.443460953    4.996205018   -4.063273905    6.571961022
   -1.618396215    2.443460953    4.046914010   -4.755110452   10.903813696
   -1.427996661    2.443460953    3.689864600    2.305454180   14.895813139
   -1.237597106    2.443460953    5.374150724   16.222817054   18.093807803
   -1.047197551    2.443460953   10.074035081   33.140705317   20.201927207
   -0.856797996    2.443460953   17.882921672   48.042929798   21.182166707
   -0.666398442    2.443460953   27.993054074   56.712379726   21.187448544
   -0.475998887    2.443460953   38.966002524   56.912882624   20.395627944
   -0.285599332    2.443460953   49.143967504   48.535814594   18.870313136
   -0.095199777    2.443460953   57.022357863   33.163507675   16.524556124
    0.095199777    2.443460953   61.533574437   13.763636521   13.197218547
    0.285599332    2.443460953   62.287652939   -5.521704021    8.801537970
    0.475998887    2.443460953   59.763216241  -19.883299028    3.484570088
    0.666398442    2.443460953   55.326770032  -25.019160288   -2.287627423
    0.856797996    2.443460953   50.974459346  -19.001616133   -7.760480508
    1.047197551    2.443460953   48.722839608   -3.567201456  -12.115882221
    1.237597106    2.443460953   49.887773637   15.758606093  -14.780733088
    1.427996661    2.443460953   54.516758432   31.618400249  -15.670007838
    1.618396215    2.443460953   61.312884993   37.706000421  -15.210430569
    1.808795770    2.443460953   68.070725932   31.105443829  -14.133138493
    1.999195325    2.443460953   72.429285600   13.021482320  -13.157884416
    2.189594880    2.443460953   72.582343885  -12.135415039  -12.733594341
    2.379994435    2.443460953   67.738962814  -38.414362968  -12.944741981
    2.570393989    2.443460953   58.264169483  -59.861601478  -13.572205077
    2.760793544    2.443460953   45.554315713  -71.761191980  -14.230262557
    2.951193099    2.443460953   31.714586762  -71.590500294  -14.514972091

   -3.141592654    2.792526803   15.556829592  -58.922191736    0.507595532
   -2.951193099    2.792526803    6.229511017  -38.296935447    2.608987165
   -2.760793544    2.792526803    1.125043933  -15.659753822    4.587839712
   -2.570393989    2.792526803    0.000000000    2.613923075    6.419802784
   -2.379994435    2.792526803    1.576797333   12.334625638    8.251975598
   -2.189594880    2.792526803    4.127011269   13.132066090   10.376341106
   -1.999195325    2.792526803    6.220148168    8.324047070   13.090563623
   -1.808795770    2.792526803    7.283557921    3.243018557   16.496273310
   -1.618396215    2.792526803    7.757366214    2.778088822   20.344616013
   -1.427996661    2.792526803    8.798931719    9.327145277   24.055635980
   -1.237597106    2.792526803   11.707912086   21.945702841   26.922812085
   -1.047197551    2.792526803   17.325220280   36.984288504   28.390902786
   -0.856797996    2.792526803   25.662164309   49.716727653   28.239840521
   -0.666398442    2.792526803   35.876261215   56.112949846   26.570123861
   -0.475998887    2.792526803   46.512181975   53.949559399   23.648189845
   -0.285599332    2.792526803   55.889066984   43.056681710   19.737177103
   -0.095199777    2.792526803   62.475337842   25.070019402   15.014670287
    0.095199777    2.792526803   65.208501351    3.250655825    9.610123731
    0.285599332    2.792526803   63.783124568  -17.729020245    3.715858790
    0.475998887    2.792526803   58.874064577  -32.464215487   -2.301965760
    0.666398442    2.792526803   52.141731000  -36.247537737   -7.881601882
    0.856797996    2.792526803   45.912616535  -27.237264742  -12.356107952
    1.047197551    2.792526803   42.463110434   -7.811983306  -15.175957772
    1.237597106    2.792526803   43.205661907   15.484752548  -16.139916329
    1.427996661    2.792526803   48.086395112   34.315378401  -15.490473229
    1.618396215    2.792526803   55.557103420   41.838816657  -13.805136876
    1.808795770    2.792526803   63.116922893   35.193822978  -11.739655582
    1.999195325    2.792526803   68.167262070   16.101844769   -9.777626756
    2.189594880    2.792526803   68.780055047  -10.382457813   -8.099929290
    2.379994435    2.792526803   64.155249088  -37.803309135   -6.624572609
    2.570393989    2.792526803   54.723525868  -59.930872102   -5.145787331
    2.760793544    2.792526803   41.978951191  -71.971026063   -3.482298913
    2.951193099    2.792526803   28.127721445  -71.435567403   -1.573683562
