#! FIELDS phi psi file.free der_phi der_psi
#! SET min_phi -pi
#! SET max_phi pi
#! SET nbins_phi  33
#! SET periodic_phi true
#! SET min_psi -pi
#! SET max_psi pi
#! SET nbins_psi  18
#! SET periodic_psi true
   -3.141592654   -3.141592654   17.877686268  -54.137892891   18.020007415
   -2.951193099   -3.141592654    9.343917860  -34.838146527   20.509781212
   -2.760793544   -3.141592654    4.757398486  -13.671661424   21.935209104
   -2.570393989   -3.141592654    3.899868267    3.540342700   22.525005510
   -2.379994435   -3.141592654    5.622083954   13.095965899   22.792934673
   -2.189594880   -3.141592654    8.389238733   14.808024059   23.372021592
   -1.999195325   -3.141592654   10.957935048   11.721485547   24.770536550
   -1.808795770   -3.141592654   12.852285466    8.526988267   27.144220933
   -1.618396215   -3.141592654   14.469733374    9.340362936   30.169573153
   -1.427996661   -3.141592654   16.791780430   15.984748617   33.117918787
   -1.237597106   -3.141592654   20.871214326   27.366214999   35.102191454
   -1.047197551   -3.141592654   27.313827361   40.088433212   35.393863025
   -0.856797996   -3.141592654   35.966893721   49.859803709   33.652820929
   -0.666398442   -3.141592654   45.902400787   53.019787288   29.962653033
   -0.475998887   -3.141592654   55.634935459   47.559422633   24.710356572
   -0.285599332   -3.141592654   63.489598660   33.496731073   18.408613862
   -0.095199777   -3.141592654   67.986500317   12.793874716   11.560132538
    0.095199777   -3.141592654   68.196180244  -10.778381781    4.628247004
    0.285599332   -3.141592654   64.049101638  -32.001798255   -1.928463788
    0.475998887   -3.141592654   56.542988794  -45.178924738   -7.613908088
    0.666398442   -3.141592654   47.672831063  -45.758102470  -11.924415932
    0.856797996   -3.141592654   40.020739672  -32.585705554  -14.460324205
    1.047197551   -3.141592654   35.954399139   -9.022340261  -15.090612738
    1.237597106   -3.141592654   36.792441305   17.499375085  -14.051931628
    1.427996661   -3.141592654   42.255721498   38.186851763  -11.876113131
    1.618396215   -3.141592654   50.537803552   46.325775689   -9.168172945
    1.808795770   -3.141592654   58.947357677   39.568971695   -6.352285512
    1.999195325   -3.141592654   64.806350624   20.248986295   -3.544119986
    2.189594880   -3.141592654   66.208192784   -6.176994412   -0.594716832
    2.379994435   -3.141592654   62.419962063  -33.173491395    2.720444854
    2.570393989   -3.141592654   53.927304465  -54.704516965    6.496274415
    2.760793544   -3.141592654   42.225208066  -66.326931343   10.580080697
    2.951193099   -3.141592654   29.452151631  -65.886816883   14.582721146

   -3.141592654   -2.792526803   25.840526077  -49.478036520   26.407473889
   -2.951193099   -2.792526803   17.965892589  -32.608587108   28.634880581
   -2.760793544   -2.792526803   13.586959379  -13.617722236   29.497086758
   -2.570393989   -2.792526803   12.602726151    2.357927966   29.380460292
   -2.379994435   -2.792526803   14.087969424   12.024722358   28.961872879
   -2.189594880   -2.792526803   16.767757613   15.145065451   28.969835156
   -1.999195325   -2.792526803   19.601873136   14.239886325   29.896361616
   -1.808795770   -2.792526803   22.183746252   13.135802437   31.786989101
   -1.618396215   -2.792526803   24.802806710   15.016117816   34.168016723
   -1.427996661   -2.792526803   28.174040050   21.018097134   36.182795359
   -1.237597106   -2.792526803   32.998436038   29.874057165   36.876185626
   -1.047197551   -2.792526803   39.554583948   38.606881875   35.531520357
   -0.856797996   -2.792526803   47.489177030   43.787291395   31.908071604
   -0.666398442   -2.792526803   55.853437060   42.738463964   26.276705124
   -0.475998887   -2.792526803   63.314933314   34.243203669   19.280310300
   -0.285599332   -2.792526803   68.469492625   18.738348844   11.706004909
   -0.095199777   -2.792526803   70.150846032   -1.752057720    4.276181268
    0.095199777   -2.792526803   67.728326614  -23.657899633   -2.432037909
    0.285599332   -2.792526803   61.380341588  -42.074284982   -7.983784875
    0.475998887   -2.792526803   52.286713550  -51.684427733  -12.041641434
    0.666398442   -2.792526803   42.545514805  -48.389122541  -14.365239940
    0.856797996   -2.792526803   34.745092924  -31.586753497  -14.879289282
    1.047197551   -2.792526803   31.151536264   -5.213494202  -13.754935269
    1.237597106   -2.792526803   32.887602096   22.929375933  -11.424007915
    1.427996661   -2.792526803   39.443440251   44.079957182   -8.441555716
    1.618396215   -2.792526803   48.828200563   51.959516942   -5.271401974
    1.808795770   -2.792526803   58.273259012   44.852750623   -2.108205968
    1.999195325   -2.792526803   65.135520669   25.600409925    1.139461353
    2.189594880   -2.792526803   67.608473479   -0.196955235    4.725212760
    2.379994435   -2.792526803   65.047467273  -26.257967451    8.852655851
    2.570393989   -2.792526803   57.949880101  -47.053149654   13.497753348
    2.760793544   -2.792526803   47.721143139  -58.670983729   18.344193632
    2.951193099   -2.792526803   36.326441180  -59.257612460   22.843850214

   -3.141592654   -2.443460953   34.624235234  -44.487309626   23.596581950
   -2.951193099   -2.443460953   27.484153327  -29.906122851   25.402726471
   -2.760793544   -2.443460953   23.415988875  -12.959200567   26.060401481
   -2.570393989   -2.443460953   22.425438429    1.810772647   25.888185299
   -2.379994435   -2.443460953   23.782165004   11.415909093   25.414895870
   -2.189594880   -2.443460953   26.423016096   15.473119185   25.178596511
   -1.999195325   -2.443460953   29.448228034   15.929569496   25.495903221
   -1.808795770   -2.443460953   32.455930738   15.783292067   26.317969170
   -1.618396215   -2.443460953   35.581235970   17.445499426   27.200933177
   -1.427996661   -2.443460953   39.268334201   21.641632815   27.445461948
   -1.237597106   -2.443460953   43.920402852   27.257431002   26.336084483
   -1.047197551   -2.443460953   49.602142012   32.010005286   23.415342697
   -0.856797996   -2.443460953   55.912630149   33.458464203   18.667764649
   -0.666398442   -2.443460953   62.039786604   29.827214428   12.529848672
   -0.475998887   -2.443460953   66.925861979   20.412568126    5.742888899
   -0.285599332   -2.443460953   69.493117914    5.654557989   -0.878761352
   -0.095199777   -2.443460953   68.861528776  -12.781827551   -6.678737774
    0.095199777   -2.443460953   64.599008447  -31.862515216  -11.246014589
    0.285599332   -2.443460953   56.983591549  -47.159626741  -14.409101557
    0.475998887   -2.443460953   47.215915862  -53.699917042  -16.152261151
    0.666398442   -2.443460953   37.360843848  -47.629727740  -16.538698881
    0.856797996   -2.443460953   29.928280681  -28.570919599  -15.700608205
    1.047197551   -2.443460953   27.065110043   -0.677569707  -13.852885319
    1.237597106   -2.443460953   29.743141332   28.171117794  -11.303782771
    1.427996661   -2.443460953   37.309345851   49.375515138   -8.382806198
    1.618396215   -2.443460953   47.682196163   57.043061473   -5.333680482
    1.808795770   -2.443460953   58.086396712   49.899961866   -2.228691491
    1.999195325   -2.443460953   65.941842641   31.065388365    1.012158918
    2.189594880   -2.443460953   69.531880835    6.119469083    4.536784755
    2.379994435   -2.443460953   68.269995569  -18.952144411    8.432786393
    2.570393989   -2.443460953   62.637287515  -39.070440675   12.622899142
    2.760793544   -2.443460953   53.937457092  -50.756307081   16.835430865
    2.951193099   -2.443460953   43.967724861  -52.377443475   20.641942808

   -3.141592654   -2.094395102   40.995421761  -40.879701533   13.463505416
   -2.951193099   -2.094395102   34.395200449  -27.853177370   14.639255633
   -2.760793544   -2.094395102   30.580873726  -12.281733216   15.209856555
   -2.570393989   -2.094395102   29.628424282    1.641670309   15.314228559
   -2.379994435   -2.094395102   30.925546583   11.065108451   15.157564304
   -2.189594880   -2.094395102   33.523651722   15.422191249   14.913717280
   -1.999195325   -2.094395102   36.574131188   16.210739091   14.622590159
   -1.808795770   -2.094395102   39.628949725   15.869822037   14.151067990
   -1.618396215   -2.094395102   42.678209758   16.385396673   13.213715596
   -1.427996661   -2.094395102   45.969473365   18.387002984   11.481226705
   -1.237597106   -2.094395102   49.731139153   21.100508747    8.715154064
   -1.047197551   -2.094395102   53.955630675   22.941538141    4.896737228
   -0.856797996   -2.094395102   58.320551479   22.295065427    0.282643229
   -0.666398442   -2.094395102   62.233557936   18.006582698   -4.646182843
   -0.475998887   -2.094395102   64.934295686    9.548479498   -9.314022288
   -0.285599332   -2.094395102   65.629077540   -2.981842578  -13.208788266
   -0.095199777   -2.094395102   63.620623257  -18.557573835  -16.040182841
    0.095199777   -2.094395102   58.530569766  -34.827381433  -17.768211112
    0.285599332   -2.094395102   50.581090375  -47.797684336  -18.555510041
    0.475998887   -2.094395102   40.865244101  -52.598818148  -18.635277000
    0.666398442   -2.094395102   31.347105440  -45.246594244  -18.175575297
    0.856797996   -2.094395102   24.466234068  -25.184674126  -17.232077282
    1.047197551   -2.094395102   22.325341854    3.497251259  -15.776572211
    1.237597106   -2.094395102   25.854314030   32.898611691  -13.790729276
    1.427996661   -2.094395102   34.353986541   54.412307279  -11.325775760
    1.618396215   -2.094395102   45.700768280   62.215138052   -8.505442829
    1.808795770   -2.094395102   57.099705078   55.169923949   -5.474920744
    1.999195325   -2.094395102   65.974694652   36.513364013   -2.366034751
    2.189594880   -2.094395102   70.628214001   11.845169559    0.733400046
    2.379994435   -2.094395102   70.485901214  -12.944125994    3.765515222
    2.570393989   -2.094395102   66.011841041  -32.964030676    6.668368257
    2.760793544   -2.094395102   58.453959216  -44.957898791    9.349205598
    2.951193099   -2.094395102   49.516803240  -47.428543178   11.665339420

   -3.141592654   -1.745329252   43.636099458  -38.483851695    4.593578392
   -2.951193099   -1.745329252   37.426731531  -26.178845657    5.227968984
   -2.760793544   -1.745329252   33.851203761  -11.459718898    5.634522670
   -2.570393989   -1.745329252   32.973358067    1.611647597    5.779416732
   -2.379994435   -1.745329252   34.189823865   10.258497480    5.604602303
   -2.189594880   -1.745329252   36.562655855   13.849222474    5.017375107
   -1.999195325   -1.745329252   39.228554048   13.704534601    3.888967164
   -1.808795770   -1.745329252   41.690957504   12.093570537    2.090776858
   -1.618396215   -1.745329252   43.872136775   11.001832229   -0.453683887
   -1.427996661   -1.745329252   45.974673154   11.299120728   -3.701585168
   -1.237597106   -1.745329252   48.247386652   12.650233525   -7.456858180
   -1.047197551   -1.745329252   50.793693873   13.942682225  -11.376901617
   -0.856797996   -1.745329252   53.481749892   13.883849264  -15.031030507
   -0.666398442   -1.745329252   55.942738911   11.341880556  -17.997419735
   -0.475998887   -1.745329252   57.611427320    5.484428024  -19.960682250
   -0.285599332   -1.745329252   57.806758604   -4.170428061  -20.784089061
   -0.095199777   -1.745329252   55.821357568  -17.235590498  -20.573427337
    0.095199777   -1.745329252   51.153594041  -31.887251823  -19.641687713
    0.285599332   -1.745329252   43.830751626  -44.330298093  -18.422373768
    0.475998887   -1.745329252   34.750883464  -49.489354877  -17.308365408
    0.666398442   -1.745329252   25.756172587  -42.869338406  -16.488779825
    0.856797996   -1.745329252   19.270571149  -23.335114571  -15.889414694
    1.047197551   -1.745329252   17.474660204    5.376879649  -15.224118573
    1.237597106   -1.745329252   21.411150429   35.369023150  -14.166702643
    1.427996661   -1.745329252   30.464839088   57.766086584  -12.515900885
    1.618396215   -1.745329252   42.531039114   66.365912867  -10.286728848
    1.808795770   -1.745329252   54.770622425   59.760742803   -7.680448209
    1.999195325   -1.745329252   64.528407630   41.116990110   -4.998650213
    2.189594880   -1.745329252   70.034251387   16.150175252   -2.515435814
    2.379994435   -1.745329252   70.674295655   -9.044298842   -0.398244093
    2.570393989   -1.745329252   66.907904418  -29.419726609    1.311531340
    2.760793544   -1.745329252   59.996624919  -41.707464671    2.666706397
    2.951193099   -1.745329252   51.647938317  -44.516246941    3.742995112

   -3.141592654   -1.396263402   41.820096672  -38.310626354    2.314273411
   -2.951193099   -1.396263402   35.679739930  -25.639414193    2.242767605
   -2.760793544   -1.396263402   32.228912396  -10.748780823    2.039382737
   -2.570393989   -1.396263402   31.470185295    2.060514427    1.624158739
   -2.379994435   -1.396263402   32.703273289    9.880994792    0.823942138
   -2.189594880   -1.396263402   34.880001851   12.074948544   -0.596449568
   -1.999195325   -1.396263402   37.038623949   10.100476061   -2.852624142
   -1.808795770   -1.396263402   38.626136058    6.519251753   -6.024852662
   -1.618396215   -1.396263402   39.578452274    3.761299217   -9.961437904
   -1.427996661   -1.396263402   40.204477526    3.200017345  -14.256817657
   -1.237597106   -1.396263402   40.947373086    4.899782557  -18.336970065
   -1.047197551   -1.396263402   42.156102209    7.854529274  -21.617840747
   -0.856797996   -1.396263402   43.930863535   10.511916769  -23.662851934
   -0.666398442   -1.396263402   46.053643289   11.179989673  -24.278834242
   -0.475998887   -1.396263402   47.987996275    8.355875625  -23.527251813
   -0.285599332   -1.396263402   48.959376168    0.932061111  -21.676441050
   -0.095199777   -1.396263402   48.063470952  -11.116510853  -19.159375509
    0.095199777   -1.396263402   44.548120020  -26.127035989  -16.488266877
    0.285599332   -1.396263402   38.190343947  -40.120458168  -14.151349651
    0.475998887   -1.396263402   29.706202259  -47.487059080  -12.480281744
    0.666398442   -1.396263402   20.885616540  -42.958695122  -11.533786032
    0.856797996   -1.396263402   14.249087694  -24.640420586  -11.097581130
    1.047197551   -1.396263402   12.190557097    4.133770907  -10.777092463
    1.237597106   -1.396263402   15.992525947   35.339654683  -10.174754156
    1.427996661   -1.396263402   25.209443376   59.522752372   -9.044729910
    1.618396215   -1.396263402   37.771920579   69.721505965   -7.366284918
    1.808795770   -1.396263402   50.745046640   63.934184240   -5.314907105
    1.999195325   -1.396263402   61.297465636   45.122885788   -3.179387154
    2.189594880   -1.396263402   67.485059715   19.202592164   -1.247055958
    2.379994435   -1.396263402   68.586474368   -7.268441933    0.282606734
    2.570393989   -1.396263402   65.046319809  -28.758602127    1.335889882
    2.760793544   -1.396263402   58.190808069  -41.687974617    1.954138207
    2.951193099   -1.396263402   49.827365377  -44.605221757    2.242799313

   -3.141592654   -1.047197551   38.791732706  -40.599922205    4.519922301
   -2.951193099   -1.047197551   32.275316488  -27.258505142    3.432302958
   -2.760793544   -1.047197551   28.588220624  -11.645848512    2.091624905
   -2.570393989   -1.047197551   27.698414067    1.473630720    0.526844572
   -2.379994435   -1.047197551   28.789769435    8.827018926   -1.349319777
   -2.189594880   -1.047197551   30.652793057    9.703389461   -3.728424531
   -1.999195325   -1.047197551   32.186993800    5.868340345   -6.809889134
   -1.808795770   -1.047197551   32.792716372    0.519598609  -10.641313283
   -1.618396215   -1.047197551   32.495579604   -3.168056235  -14.973050253
   -1.427996661   -1.047197551   31.821521279   -3.273352277  -19.234471818
   -1.237597106   -1.047197551   31.495350957    0.371240188  -22.676587823
   -1.047197551   -1.047197551   32.118020964    6.354029550  -24.631225434
   -0.856797996   -1.047197551   33.929828634   12.388595572  -24.751095025
   -0.666398442   -1.047197551   36.703348764   15.999334400  -23.116394051
   -0.475998887   -1.047197551   39.757925117   15.095052748  -20.172038923
   -0.285599332   -1.047197551   42.091286534    8.264594621  -16.555813524
   -0.095199777   -1.047197551   42.541170273   -4.522211972  -12.915570841
    0.095199777   -1.047197551   40.122345933  -21.348887666   -9.752360830
    0.285599332   -1.047197551   34.450617180  -37.740293332   -7.332487281
    0.475998887   -1.047197551   26.192520019  -47.420770734   -5.673245553
    0.666398442   -1.047197551   17.219058951  -44.471646398   -4.593034317
    0.856797996   -1.047197551   10.235604323  -26.580082115   -3.836177770
    1.047197551   -1.047197551    7.862711192    2.927344443   -3.168917324
    1.237597106   -1.047197551   11.571272033   35.630551777   -2.434762859
    1.427996661   -1.047197551   21.004566102   61.463645023   -1.547880551
    1.618396215   -1.047197551   34.063275785   72.872155720   -0.473391544
    1.808795770   -1.047197551   47.689538983   67.483222156    0.779599603
    1.999195325   -1.047197551   58.884965475   48.183407769    2.138065322
    2.189594880   -1.047197551   65.550989650   21.076823178    3.461285698
    2.379994435   -1.047197551   66.866563751   -6.914083615    4.569713883
    2.570393989   -1.047197551   63.251768630  -29.850488781    5.295602052
    2.760793544   -1.047197551   56.081466803  -43.805833274    5.530827343
    2.951193099   -1.047197551   47.265751380  -47.126181857    5.253934803

   -3.141592654   -0.698131701   38.801670472  -44.063408714    4.450508699
   -2.951193099   -0.698131701   31.582409183  -31.106752973    2.063752820
   -2.760793544   -0.698131701   27.152375673  -15.563458014   -0.521726219
   -2.570393989   -0.698131701   25.516520131   -2.464830784   -3.161005013
   -2.379994435   -0.698131701   25.836998240    4.600126166   -5.873516294
   -2.189594880   -0.698131701   26.833303014    4.755501996   -8.826674198
   -1.999195325   -0.698131701   27.333007209   -0.058319680  -12.191359290
   -1.808795770   -0.698131701   26.733371613   -6.106892520  -15.935203500
   -1.618396215   -0.698131701   25.179092291   -9.532816505  -19.668134992
   -1.427996661   -0.698131701   23.428612477   -7.965680129  -22.683504815
   -1.237597106   -0.698131701   22.476471093   -1.332176640  -24.205984778
   -1.047197551   -0.698131701   23.117736710    8.285768724  -23.735659642
   -0.856797996   -0.698131701   25.626356076   17.645640229  -21.288909771
   -0.666398442   -0.698131701   29.631767809   23.439717423  -17.403285341
   -0.475998887   -0.698131701   34.188360121   23.160390660  -12.919190345
   -0.285599332   -0.698131701   37.996552176   15.469824695   -8.670582982
   -0.095199777   -0.698131701   39.650584174    0.801709044   -5.213143100
    0.095199777   -0.698131701   38.033529038  -18.250357186   -2.695577071
    0.285599332   -0.698131701   32.761866266  -36.537538915   -0.894316522
    0.475998887   -0.698131701   24.613714464  -47.314374072    0.601980142
    0.666398442   -0.698131701   15.629302686  -44.564883203    2.149288831
    0.856797996   -0.698131701    8.666783548  -26.208052954    3.840768505
    1.047197551   -0.698131701    6.434476915    4.025021400    5.493617426
    1.237597106   -0.698131701   10.417206381   37.367170515    6.815463321
    1.427996661   -0.698131701   20.224663016   63.607026557    7.626487812
    1.618396215   -0.698131701   33.712499046   75.198258059    7.981353447
    1.808795770   -0.698131701   47.784975923   69.811837960    8.109003432
    1.999195325   -0.698131701   59.408323853   50.309124217    8.239244083
    2.189594880   -0.698131701   66.437520945   22.714786052    8.442851908
    2.379994435   -0.698131701   67.991609285   -6.099282218    8.594200611
    2.570393989   -0.698131701   64.429311878  -30.150328953    8.446290295
    2.760793544   -0.698131701   57.084068936  -45.342561788    7.757675445
    2.951193099   -0.698131701   47.865159284  -49.788799279    6.410628801

   -3.141592654   -0.349065850   39.965793589  -49.180529579    3.217737059
   -2.951193099   -0.349065850   31.708251223  -36.788975248   -0.064051464
   -2.760793544   -0.349065850   26.182413189  -21.316209435   -3.399125523
   -2.570393989   -0.349065850   23.465359159   -8.058106483   -6.559074195
   -2.379994435   -0.349065850   22.728975485   -0.951235281   -9.512458912
   -2.189594880   -0.349065850   22.649040792   -1.038879764  -12.402253371
   -1.999195325   -0.349065850   22.013328142   -6.160165137  -15.371356155
   -1.808795770   -0.349065850   20.257969999  -11.994584368  -18.331293063
   -1.618396215   -0.349065850   17.691349763  -14.038640116  -20.820576251
   -1.427996661   -0.349065850   15.328216789   -9.663439628  -22.112537897
   -1.237597106   -0.349065850   14.407037014    0.790932338  -21.542287096
   -1.047197551   -0.349065850   15.826122670   14.233517511  -18.885245739
   -0.856797996   -0.349065850   19.748107969   26.269579855  -14.544673737
   -0.666398442   -0.349065850   25.501323079   32.827482109   -9.424619565
   -0.475998887   -0.349065850   31.758594000   31.333826837   -4.565306945
   -0.285599332   -0.349065850   36.893782370   21.088068199   -0.748137297
   -0.095199777   -0.349065850   39.342144190    3.570755935    1.783048935
    0.095199777   -0.349065850   38.035889570  -17.554164742    3.344161929
    0.285599332   -0.349065850   32.812553312  -36.468427483    4.609552236
    0.475998887   -0.349065850   24.736127276  -46.432626919    6.251338673
    0.666398442   -0.349065850   16.064604093  -42.130522295    8.585943082
    0.856797996   -0.349065850    9.703004812  -22.473479188   11.386810161
    1.047197551   -0.349065850    8.231632984    8.070675553   14.011329529
    1.237597106   -0.349065850   12.926208291   40.637265808   15.771244913
    1.427996661   -0.349065850   23.231638740   65.531338834   16.305532876
    1.618396215   -0.349065850   36.963362855   75.906694992   15.741133585
    1.808795770   -0.349065850   51.098008199   69.863472955   14.553128929
    1.999195325   -0.349065850   62.710532574   50.206299455   13.260877455
    2.189594880   -0.349065850   69.717599865   22.569809427   12.146655427
    2.379994435   -0.349065850   71.217678686   -6.594276466   11.162997056
    2.570393989   -0.349065850   67.486624689  -31.515451494   10.026857169
    2.760793544   -0.349065850   59.763591115  -47.994469464    8.408732344
    2.951193099   -0.349065850   49.907637834  -53.818780867    6.124619205

   -3.141592654    0.000000000   40.888758234  -55.333795252    1.061712780
   -2.951193099    0.000000000   31.419890574  -43.224068331   -2.229514860
   -2.760793544    0.000000000   24.692994873  -27.396535449   -5.329194848
   -2.570393989    0.000000000   20.882412557  -13.436996333   -8.062408141
   -2.379994435    0.000000000   19.186995530   -5.678925910  -10.447716509
   -2.189594880    0.000000000   18.247938285   -5.369367324  -12.642025327
   -1.999195325    0.000000000   16.818424915  -10.134100950  -14.750527384
   -1.808795770    0.000000000   14.376413765  -15.088061427  -16.620702893
   -1.618396215    0.000000000   11.385857672  -15.189930798  -17.765256711
   -1.427996661    0.000000000    9.078775495   -7.765284410  -17.544050794
   -1.237597106    0.000000000    8.853425019    6.191976983  -15.519890361
   -1.047197551    0.000000000   11.590869241   22.467545575  -11.784483820
   -0.856797996    0.000000000   17.221731524   35.644633489   -7.025880622
   -0.666398442    0.000000000   24.702996793   41.273121996   -2.267423783
   -0.475998887    0.000000000   32.344589145   37.223042174    1.569877671
   -0.285599332    0.000000000   38.305285849   23.879167816    4.035297522
   -0.095199777    0.000000000   41.036910290    3.962419910    5.325627849
    0.095199777    0.000000000   39.701556808  -17.940883464    6.155133421
    0.285599332    0.000000000   34.478858563  -35.802835143    7.420508620
    0.475998887    0.000000000   26.734240132  -43.505744691    9.766758681
    0.666398442    0.000000000   18.845620705  -36.961111453   13.245739837
    0.856797996    0.000000000   13.593060250  -16.297896520   17.234082204
    1.047197551    0.000000000   13.250656296   13.436882176   20.704339932
    1.237597106    0.000000000   18.766192289   43.719280213   22.722543207
    1.427996661    0.000000000   29.394267690   65.864166496   22.875174162
    1.618396215    0.000000000   42.968245819   74.088544511   21.400233814
    1.808795770    0.000000000   56.641452761   67.042496919   18.969636982
    1.999195325    0.000000000   67.703333563   47.373205586   16.307175609
    2.189594880    0.000000000   74.205290620   20.104321468   13.854453364
    2.379994435    0.000000000   75.253151469   -8.962946467   11.663499496
    2.570393989    0.000000000   71.031149798  -34.417016372    9.506627275
    2.760793544    0.000000000   62.658738112  -51.982139850    7.087864687
    2.951193099    0.000000000   51.923826898  -59.051871503    4.250908604

   -3.141592654    0.349065850   42.256359475  -60.634984101    0.680367185
   -2.951193099    0.349065850   31.759390312  -48.620627300   -1.516156930
   -2.760793544    0.349065850   24.030344424  -32.450017852   -3.423979841
   -2.570393989    0.349065850   19.312137730  -17.889648006   -5.027672420
   -2.379994435    0.349065850   16.827424950   -9.526350217   -6.424101830
   -2.189594880    0.349065850   15.204882278   -8.700034699   -7.754322283
   -1.999195325    0.349065850   13.197584762  -12.815140454   -9.060103609
   -1.808795770    0.349065850   10.348571145  -16.546367293  -10.155801114
   -1.618396215    0.349065850    7.265408783  -14.551040960  -10.619342633
   -1.427996661    0.349065850    5.336295050   -4.368545781   -9.987260574
   -1.237597106    0.349065850    6.017690610   12.210838030   -8.048667288
   -1.047197551    0.349065850   10.066917828   29.955134005   -5.053757876
   -0.856797996    0.349065850   17.122277156   42.803058997   -1.666987232
   -0.666398442    0.349065850   25.798440085   46.449945992    1.340900411
   -0.475998887    0.349065850   34.167639803   39.650738011    3.474385160
   -0.285599332    0.349065850   40.357669431   24.034149528    4.739492051
   -0.095199777    0.349065850   43.016396880    3.347397232    5.655133353
    0.095199777    0.349065850   41.644760414  -17.393363952    6.999860515
    0.285599332    0.349065850   36.767291561  -32.542082147    9.454718590
    0.475998887    0.349065850   29.949412598  -37.076546008   13.250753940
    0.666398442    0.349065850   23.520900336  -28.338036890   17.984214782
    0.856797996    0.349065850   19.960491729   -7.567132984   22.699999258
    1.047197551    0.349065850   21.104040698   19.953443916   26.252006634
    1.237597106    0.349065850   27.515515946   46.463959809   27.785014199
    1.427996661    0.349065850   38.278819033   64.638010209   27.067618206
    1.618396215    0.349065850   51.317437005   69.944818178   24.520167231
    1.808795770    0.349065850   64.052320581   61.613263624   20.943680497
    1.999195325    0.349065850   74.073342501   42.054094619   17.151059823
    2.189594880    0.349065850   79.632676720   15.563289827   13.668217726
    2.379994435    0.349065850   79.887274039  -12.819651686   10.651816781
    2.570393989    0.349065850   74.954489820  -38.133948038    7.993685700
    2.760793544    0.349065850   65.842037445  -56.112078859    5.500411379
    2.951193099    0.349065850   54.258530556  -63.842996235    3.056416963

   -3.141592654    0.698131701   44.111874194  -62.753754901    0.253636014
   -2.951193099    0.698131701   33.207271485  -50.777367261   -0.362032164
   -2.760793544    0.698131701   25.057163429  -34.708248511   -0.655648637
   -2.570393989    0.698131701   19.896438533  -20.273404274   -0.814540950
   -2.379994435    0.698131701   16.946375590  -12.011949235   -1.023821393
   -2.189594880    0.698131701   14.848010509  -11.172468289   -1.402501605
   -1.999195325    0.698131701   12.392650647  -14.981442824   -1.949031410
   -1.808795770    0.698131701    9.197428501  -17.923388296   -2.524766429
   -1.618396215    0.698131701    5.968697739  -14.627258752   -2.892271296
   -1.427996661    0.698131701    4.170853393   -2.912519073   -2.833694705
   -1.237597106    0.698131701    5.255531013   14.887160786   -2.279288871
   -1.047197551    0.698131701    9.867887222   33.019074632   -1.361922380
   -0.856797996    0.698131701   17.464468543   45.275120008   -0.336824075
   -0.666398442    0.698131701   26.502031199   47.739503182    0.609008895
   -0.475998887    0.698131701   35.011382490   39.927864545    1.524947726
   -0.285599332    0.698131701   41.228962589   24.256412120    2.729042836
   -0.095199777    0.698131701   44.032761712    4.880835205    4.710760801
    0.095199777    0.698131701   43.178524323  -13.335368755    7.892483477
    0.285599332    0.698131701   39.359616756  -25.488741138   12.392280384
    0.475998887    0.698131701   34.129498331  -27.654136508   17.849218059
    0.666398442    0.698131701   29.593625432  -18.232479826   23.423349235
    0.856797996    0.698131701   27.847801102    1.004721347   28.010728679
    1.047197551    0.698131701   30.318462859   25.060959565   30.620292706
    1.237597106    0.698131701   37.288728812   47.183566385   30.747723591
    1.427996661    0.698131701   47.788593529   61.315901795   28.539241078
    1.618396215    0.698131701   59.911223565   63.918403321   24.672440371
    1.808795770    0.698131701   71.375831383   54.575283718   20.034827575
    1.999195325    0.698131701   80.076570238   35.411058145   15.410707269
    2.189594880    0.698131701   84.475997937   10.089835500   11.285289378
    2.379994435    0.698131701   83.815053751  -16.985304648    7.841662207
    2.570393989    0.698131701   78.193827231  -41.265776994    5.075200669
    2.760793544    0.698131701   68.551450138  -58.610450728    2.919423808
    2.951193099    0.698131701   56.524151772  -66.043522650    1.324349724

   -3.141592654    1.047197551   42.677634275  -63.574951598   -3.723999651
   -2.951193099    1.047197551   31.730556836  -50.440423067   -2.969153412
   -2.760793544    1.047197551   23.720940199  -33.643222408   -1.820507763
   -2.570393989    1.047197551   18.792384432  -18.974167614   -0.638751440
   -2.379994435    1.047197551   16.077629155  -10.886196921    0.291054987
   -2.189594880    1.047197551   14.156797111  -10.445865155    0.829631446
   -1.999195325    1.047197551   11.797924467  -14.684972896    0.978588261
   -1.808795770    1.047197551    8.625626862  -17.958594022    0.815143979
   -1.618396215    1.047197551    5.367947113  -14.883092541    0.429218335
   -1.427996661    1.047197551    3.503908827   -3.359175078   -0.109744935
   -1.237597106    1.047197551    4.481591259   14.189784708   -0.729356094
   -1.047197551    1.047197551    8.934636674   32.036236717   -1.302683328
   -0.856797996    1.047197551   16.329107818   44.187562892   -1.610556614
   -0.666398442    1.047197551   25.189299081   47.087525663   -1.339064275
   -0.475998887    1.047197551   33.683540187   40.579020990   -0.141193919
   -0.285599332    1.047197551   40.226985263   27.177139803    2.262902632
   -0.095199777    1.047197551   43.860472171   10.738748833    5.991599647
    0.095199777    1.047197551   44.408018861   -4.540993401   10.894033427
    0.285599332    1.047197551   42.479116655  -14.655718136   16.502031471
    0.475998887    1.047197551   39.374516587  -16.497533053   22.045236876
    0.666398442    1.047197551   36.826079755   -8.863952451   26.585904399
    0.856797996    1.047197551   36.542415240    6.746195800   29.274562012
    1.047197551    1.047197551   39.677917746   26.242706456   29.622976211
    1.237597106    1.047197551   46.449324932   44.045943638   27.670135434
    1.427996661    1.047197551   56.028421252   55.029765777   23.933396697
    1.618396215    1.047197551   66.777007755   56.017106565   19.178650308
    1.808795770    1.047197551   76.692402085   46.382784337   14.140672384
    1.999195325    1.047197551   83.874822049   27.741394390    9.357074819
    2.189594880    1.047197551   86.894376497    3.289474329    5.132622084
    2.379994435    1.047197551   85.030309861  -22.813969032    1.619182597
    2.570393989    1.047197551   78.397680845  -46.039806412   -1.086044671
    2.760793544    1.047197551   67.957893859  -62.177933445   -2.898316783
    2.951193099    1.047197551   55.378148473  -68.245790748   -3.763723816

   -3.141592654    1.396263402   37.820194525  -62.532437141   -9.951183883
   -2.951193099    1.396263402   27.265555164  -47.459999409   -8.704082783
   -2.760793544    1.396263402   19.944873404  -29.540741346   -6.911233643
   -2.570393989    1.396263402   15.829737913  -14.678196707   -4.935143147
   -2.379994435    1.396263402   13.888405131   -7.155933096   -3.061791682
   -2.189594880    1.396263402   12.585204695   -7.734863813   -1.442089704
   -1.999195325    1.396263402   10.629072291  -13.186158964   -0.127643550
   -1.808795770    1.396263402    7.621779917  -17.733023248    0.832248247
   -1.618396215    1.396263402    4.285797144  -15.929566065    1.341997384
   -1.427996661    1.396263402    2.112185460   -5.528187907    1.311119726
   -1.237597106    1.396263402    2.603807298   11.349442014    0.789409078
   -1.047197551    1.396263402    6.517822110   29.371284604    0.070783741
   -0.856797996    1.396263402   13.511041329   42.831808182   -0.334086890
   -0.666398442    1.396263402   22.329557555   48.171785060    0.147245012
   -0.475998887    1.396263402   31.328890222   44.878570175    1.935194288
   -0.285599332    1.396263402   39.013435313   34.823089095    5.146902873
   -0.095199777    1.396263402   44.375002699   21.064225116    9.554501353
    0.095199777    1.396263402   47.036942151    7.053236257   14.603927620
    0.285599332    1.396263402   47.285528276   -3.720502271   19.504550877
    0.475998887    1.396263402   46.039532721   -8.221636409   23.372246389
    0.666398442    1.396263402   44.687276190   -4.750929875   25.436555106
    0.856797996    1.396263402   44.738872664    6.167504132   25.289794895
    1.047197551    1.396263402   47.356863462   21.566715575   23.023370056
    1.237597106    1.396263402   52.955720323   36.668834376   19.181012485
    1.427996661    1.396263402   60.999028083   46.508298536   14.519654553
    1.618396215    1.396263402   70.113044962   47.494788899    9.719060195
    1.808795770    1.396263402   78.450577394   38.359742433    5.194733442
    1.999195325    1.396263402   84.157855362   20.249387666    1.107881992
    2.189594880    1.396263402   85.795634800   -3.732939391   -2.510578051
    2.379994435    1.396263402   82.648519161  -29.210241613   -5.614584087
    2.570393989    1.396263402   74.892303116  -51.339979492   -8.073490945
    2.760793544    1.396263402   63.597452764  -65.742333349   -9.699963513
    2.951193099    1.396263402   50.545774009  -69.558610424  -10.335425893

   -3.141592654    1.745329252   31.366696208  -60.606980612  -16.296762316
   -2.951193099    1.745329252   21.364040539  -43.698821959  -15.076501727
   -2.760793544    1.745329252   14.871910631  -24.757438960  -13.080686290
   -2.570393989    1.745329252   11.692427132   -9.775012970  -10.594590764
   -2.379994435    1.745329252   10.637897735   -2.835322730   -7.869099581
   -2.189594880    1.745329252   10.069252015   -4.381024630   -5.063952769
   -1.999195325    1.745329252    8.645130648  -10.980470071   -2.280764480
   -1.808795770    1.745329252    5.938032048  -16.817542578    0.339852877
   -1.618396215    1.745329252    2.644898859  -16.409948990    2.570434621
   -1.427996661    1.745329252    0.257525892   -7.237601316    4.169364228
   -1.237597106    1.745329252    0.358566936    9.111725499    5.054492760
   -1.047197551    1.745329252    3.893232714   27.848502923    5.438920922
   -0.856797996    1.745329252   10.777711634   43.425603827    5.802492371
   -0.666398442    1.745329252   19.995262316   51.867447251    6.696857706
   -0.475998887    1.745329252   30.012919125   51.817778092    8.485269209
   -0.285599332    1.745329252   39.270908189   44.209700200   11.175602517
   -0.095199777    1.745329252   46.534982013   31.360758410   14.402612995
    0.095199777    1.745329252   51.094061481   16.353019039   17.514869042
    0.285599332    1.745329252   52.868613547    2.726745248   19.744147426
    0.475998887    1.745329252   52.466146789   -5.970226575   20.415010985
    0.666398442    1.745329252   51.102280117   -7.087788671   19.157542612
    0.856797996    1.745329252   50.320083440   -0.036950108   16.083606857
    1.047197551    1.745329252   51.510983174   13.088935437   11.767254708
    1.237597106    1.745329252   55.426195273   27.733227172    7.027705155
    1.427996661    1.745329252   61.836260063   38.428547432    2.593958069
    1.618396215    1.745329252   69.536000155   40.710309820   -1.156762544
    1.808795770    1.745329252   76.684420375   32.564125229   -4.251006544
    1.999195325    1.745329252   81.337322449   14.884363345   -6.946872278
    2.189594880    1.745329252   81.965653793   -8.982151777   -9.489916013
    2.379994435    1.745329252   77.838341151  -34.180063398  -11.936963049
    2.570393989    1.745329252   69.206057163  -55.444552658  -14.123851452
    2.760793544    1.745329252   57.269949578  -68.242747694  -15.753364905
    2.951193099    1.745329252   43.940330708  -69.899450339  -16.532404163

   -3.141592654    2.094395102   24.362719620  -59.785038691  -18.688003673
   -2.951193099    2.094395102   14.674627329  -41.268787646  -17.279682066
   -2.760793544    2.094395102    8.773608791  -21.060642909  -15.038829727
   -2.570393989    2.094395102    6.383924858   -5.251837089  -12.198218161
   -2.379994435    2.094395102    6.239060057    2.142411505   -8.976631512
   -2.189594880    2.094395102    6.641602824    0.804819530   -5.511956810
   -1.999195325    2.094395102    6.207916537   -5.812623192   -1.884288655
   -1.808795770    2.094395102    4.458541604  -12.000161622    1.779327113
   -1.618396215    2.094395102    2.016519091  -12.364007830    5.229922909
   -1.427996661    2.094395102    0.302853232   -4.230709960    8.146945898
   -1.237597106    2.094395102    0.887253299   11.245974339   10.308961586
   -1.047197551    2.094395102    4.795807416   29.774802064   11.750009602
   -0.856797996    2.094395102   12.097298935   46.012930713   12.763979529
   -0.666398442    2.094395102   21.922375288   55.708948960   13.731071832
   -0.475998887    2.094395102   32.793234967   56.859744426   14.874703386
   -0.285599332    2.094395102   43.069677675   49.683852816   16.115779238
   -0.095199777    2.094395102   51.317995803   35.984198827   17.080293652
    0.095199777    2.094395102   56.563582992   18.711014172   17.228351908
    0.285599332    2.094395102   58.478474390    1.703491991   16.049793941
    0.475998887    2.094395102   57.520207427  -10.783571261   13.269842003
    0.666398442    2.094395102   54.916419241  -15.109520650    9.002078790
    0.856797996    2.094395102   52.412062384   -9.788980336    3.811444298
    1.047197551    2.094395102   51.731905421    3.505212583   -1.443278360
    1.237597106    2.094395102   53.970630976   19.903176348   -5.922758232
    1.427996661    2.094395102   59.118484620   33.019086341   -9.143202415
    1.618396215    2.094395102   65.996313905   37.354757303  -11.136574609
    1.808795770    2.094395102   72.622473341   30.250703833  -12.348218215
    1.999195325    2.094395102   76.850168118   12.596580324  -13.345814819
    2.189594880    2.094395102   76.996915688  -11.780897817  -14.526958900
    2.379994435    2.094395102   72.289005785  -37.408814103  -15.970305475
    2.570393989    2.094395102   63.041543512  -58.554727205  -17.463287111
    2.760793544    2.094395102   50.580327144  -70.524390318  -18.636637499
    2.951193099    2.094395102   36.942821736  -70.768065501  -19.124679409

   -3.141592654    2.443460953   18.181725752  -58.648241162  -13.517607621
   -2.951193099    2.443460953    8.845022782  -38.744068719  -12.033767881
   -2.760793544    2.443460953    3.546245334  -17.314201600   -9.964367050
   -2.570393989    2.443460953    1.966669991   -0.536593136   -7.408922475
   -2.379994435    2.443460953    2.795669818    7.626697604   -4.440248454
   -2.189594880    2.443460953    4.307942814    6.958786707   -1.064823931
   -1.999195325    2.443460953    5.101390406    0.884597783    2.740022020
   -1.808795770    2.443460953    4.656349061   -5.078990557    6.910365943
   -1.618396215    2.443460953    3.511707934   -5.768750247   11.193421485
   -1.427996661    2.443460953    2.976001661    1.459435315   15.164870983
   -1.237597106    2.443460953    4.530193417   15.720133256   18.383266828
   -1.047197551    2.443460953    9.181620895   33.149910490   20.575380321
   -0.856797996    2.443460953   17.051257322   48.671395056   21.718710417
   -0.666398442    2.443460953   27.340216961   57.938295901   21.956157571
   -0.475998887    2.443460953   38.589913041   58.545753647   21.419892036
   -0.285599332    2.443460953   49.093426305   50.256039860   20.102582624
   -0.095199777    2.443460953   57.279888012   34.617976465   17.845362660
    0.095199777    2.443460953   62.020771874   14.677838020   14.443454910
    0.285599332    2.443460953   62.886488001   -5.277998158    9.814387357
    0.475998887    2.443460953   60.345533252  -20.297093062    4.156840666
    0.666398442    2.443460953   55.777179915  -25.972537723   -1.988193437
    0.856797996    2.443460953   51.206182896  -20.321058222   -7.798573742
    1.047197551    2.443460953   48.685642747   -5.044571630  -12.425417975
    1.237597106    2.443460953   49.573150235   14.354159826  -15.307453099
    1.427996661    2.443460953   53.959332618   30.489220550  -16.397065767
    1.618396215    2.443460953   60.577488729   36.964689080  -16.152232020
    1.808795770    2.443460953   67.229437378   30.704466213  -15.298019520
    1.999195325    2.443460953   71.531090944   12.782336353  -14.500256590
    2.189594880    2.443460953   71.638313559  -12.408378484  -14.125638603
    2.379994435    2.443460953   66.733823823  -38.780647938  -14.190342055
    2.570393989    2.443460953   57.191646387  -60.166910746  -14.461471376
    2.760793544    2.443460953   44.452797486  -71.717426103  -14.613610350
    2.951193099    2.443460953   30.675236464  -70.966600290  -14.359310832

   -3.141592654    2.792526803   14.808219516  -57.324418907    1.697540599
   -2.951193099    2.792526803    5.790666765  -36.713122993    3.897328784
   -2.760793544    2.792526803    0.956475922  -14.468131069    5.815214697
   -2.570393989    2.792526803    0.000000000    3.159975607    7.483236432
   -2.379994435    2.792526803    1.616098695   12.199598587    9.123624401
   -2.189594880    2.792526803    4.087933353   12.470657681   11.089651627
   -1.999195325    2.792526803    6.024058029    7.365325096   13.712348952
   -1.808795770    2.792526803    6.895437483    2.212359775   17.101251479
   -1.618396215    2.792526803    7.182137071    1.867041757   21.002713450
   -1.427996661    2.792526803    8.077061503    8.718843632   24.829412914
   -1.237597106    2.792526803   10.915788952   21.836070087   27.866492093
   -1.047197551    2.792526803   16.574214304   37.537151552   29.541414413
   -0.856797996    2.792526803   25.085558356   50.981895936   29.600957432
   -0.666398442    2.792526803   35.599317892   57.947410892   28.096330478
   -0.475998887    2.792526803   46.612481652   56.001920082   25.236988325
   -0.285599332    2.792526803   56.364569832   44.858964218   21.241641557
   -0.095199777    2.792526803   63.235795725   26.196491620   16.277367357
    0.095199777    2.792526803   66.099704270    3.471720156   10.509074044
    0.285599332    2.792526803   64.630880905  -18.387817896    4.205197406
    0.475998887    2.792526803   59.530024741  -33.782715306   -2.176051652
    0.666398442    2.792526803   52.507918225  -37.931577554   -8.000896741
    0.856797996    2.792526803   45.944637659  -29.036819776  -12.576362544
    1.047197551    2.792526803   42.156656836   -9.554527375  -15.382404622
    1.237597106    2.792526803   42.583430003   13.922392797  -16.284506529
    1.427996661    2.792526803   47.192581663   33.028086495  -15.596475846
    1.618396215    2.792526803   54.451155967   40.897782835  -13.936977311
    1.808795770    2.792526803   61.866224123   34.600904920  -11.952185345
    1.999195325    2.792526803   66.832459973   15.791961646  -10.067157528
    2.189594880    2.792526803   67.406838123  -10.490645029   -8.383117232
    2.379994435    2.792526803   62.779226341  -37.721333238   -6.758593695
    2.570393989    2.792526803   53.388801358  -59.560966023   -4.982236798
    2.760793544    2.792526803   40.754149715  -71.174031436   -2.931808193
    2.951193099    2.792526803   27.101384846  -70.163832249   -0.648028952
