#! FIELDS phi psi file.free der_phi der_psi
#! SET min_phi -pi
#! SET max_phi pi
#! SET nbins_phi  33
#! SET periodic_phi true
#! SET min_psi -pi
#! SET max_psi pi
#! SET nbins_psi  18
#! SET periodic_psi true
   -3.141592654   -3.141592654   17.172744028  -35.607449337    7.197963346
   -2.951193099   -3.141592654   10.943717588  -28.817624200    9.520854526
   -2.760793544   -3.141592654    6.523348213  -17.092548440   11.639876333
   -2.570393989   -3.141592654    4.503929408   -4.314286100   13.356706194
   -2.379994435   -3.141592654    4.684439379    5.443986277   14.657606853
   -2.189594880   -3.141592654    6.242013936   10.026997931   15.704721087
   -1.999195325   -3.141592654    8.213946919   10.134663732   16.698965668
   -1.808795770   -3.141592654    9.994083011    8.560422920   17.696908631
   -1.618396215   -3.141592654   11.562285078    8.331692749   18.505353801
   -1.427996661   -3.141592654   13.354351042   10.989812838   18.738133793
   -1.237597106   -3.141592654   15.895092643   15.942802251   18.014300633
   -1.047197551   -3.141592654   19.436211199   21.089909830   16.179707333
   -0.856797996   -3.141592654   23.790028845   24.099042373   13.410712102
   -0.666398442   -3.141592654   28.396143190   23.571249219   10.135870461
   -0.475998887   -3.141592654   32.549855326   19.436814907    6.836798523
   -0.285599332   -3.141592654   35.641405732   12.657591349    3.838131048
   -0.095199777   -3.141592654   37.300729190    4.668809654    1.210055346
    0.095199777   -3.141592654   37.444272725   -3.026095810   -1.187562196
    0.285599332   -3.141592654   36.265229337   -8.975585639   -3.540400583
    0.475998887   -3.141592654   34.221442951  -11.945635206   -5.899936310
    0.666398442   -3.141592654   31.966780826  -11.115443338   -8.074583261
    0.856797996   -3.141592654   30.233237497   -6.616936896   -9.678120908
    1.047197551   -3.141592654   29.609549526    0.270979535  -10.317851468
    1.237597106   -3.141592654   30.349214000    7.310713794   -9.823494290
    1.427996661   -3.141592654   32.259127564   12.257175362   -8.357190073
    1.618396215   -3.141592654   34.791218254   13.716622092   -6.342281587
    1.808795770   -3.141592654   37.243864323   11.474815647   -4.261473063
    1.999195325   -3.141592654   38.963074156    6.144144276   -2.449980361
    2.189594880   -3.141592654   39.436375253   -1.497272851   -0.994548036
    2.379994435   -3.141592654   38.286597680  -10.791102758    0.240604305
    2.570393989   -3.141592654   35.275486683  -20.848309176    1.506932998
    2.760793544   -3.141592654   30.401041719  -30.002946757    3.042541059
    2.951193099   -3.141592654   24.068409723  -35.727027983    4.962035544

   -3.141592654   -2.792526803   20.639766676  -30.332170328   12.356176724
   -2.951193099   -2.792526803   15.372746310  -24.139840115   15.666142148
   -2.760793544   -2.792526803   11.728813832  -13.701018985   18.262638445
   -2.570393989   -2.792526803   10.209271360   -2.445847855   19.830903886
   -2.379994435   -2.792526803   10.622216876    6.109086389   20.411213412
   -2.189594880   -2.792526803   12.242735598   10.137194811   20.348323519
   -1.999195325   -2.792526803   14.229982222   10.249206298   20.061601724
   -1.808795770   -2.792526803   16.046166894    8.798892916   19.785839789
   -1.618396215   -2.792526803   17.643808631    8.304592882   19.444976815
   -1.427996661   -2.792526803   19.353668827   10.044395882   18.729284097
   -1.237597106   -2.792526803   21.582626942   13.560426335   17.314701720
   -1.047197551   -2.792526803   24.522664732   17.192700586   15.078959807
   -0.856797996   -2.792526803   28.019435333   19.096753471   12.184168011
   -0.666398442   -2.792526803   31.619801472   18.135319315    8.988015398
   -0.475998887   -2.792526803   34.745656943   14.164330529    5.858477800
   -0.285599332   -2.792526803   36.873378021    7.829762483    2.997391368
   -0.095199777   -2.792526803   37.651642171    0.211496892    0.376181378
    0.095199777   -2.792526803   36.961781617   -7.357084660   -2.191990771
    0.285599332   -2.792526803   34.957248375  -13.308430410   -4.871862535
    0.475998887   -2.792526803   32.102626355  -16.052024243   -7.630076259
    0.666398442   -2.792526803   29.132311796  -14.399862394  -10.145689946
    0.856797996   -2.792526803   26.908335740   -8.361511724  -11.909317682
    1.047197551   -2.792526803   26.137270530    0.509435647  -12.461008766
    1.237597106   -2.792526803   27.107663833    9.432565578  -11.650593897
    1.427996661   -2.792526803   29.553726865   15.631757787   -9.730427160
    1.618396215   -2.792526803   32.779284405   17.484808690   -7.235133452
    1.808795770   -2.792526803   35.929197946   14.945625627   -4.720965066
    1.999195325   -2.792526803   38.256439660    9.056014188   -2.525290056
    2.189594880   -2.792526803   39.243482501    1.050611925   -0.666741789
    2.379994435   -2.792526803   38.581937098   -8.118915662    1.100501928
    2.570393989   -2.792526803   36.134087514  -17.530408894    3.131804644
    2.760793544   -2.792526803   31.979251427  -25.749124146    5.706770923
    2.951193099   -2.792526803   26.539108799  -30.673029275    8.869158958

   -3.141592654   -2.443460953   25.305533853  -23.599679550   13.712783646
   -2.951193099   -2.443460953   21.239229095  -18.464772270   17.092585585
   -2.760793544   -2.443460953   18.496681154  -10.023534493   19.512216744
   -2.570393989   -2.443460953   17.456103312   -1.079082613   20.625488318
   -2.379994435   -2.443460953   17.938219178    5.590205864   20.495626479
   -2.189594880   -2.443460953   19.347530679    8.589416985   19.529934154
   -1.999195325   -2.443460953   21.006705698    8.448036948   18.232930114
   -1.808795770   -2.443460953   22.484265065    7.045073642   16.944317077
   -1.618396215   -2.443460953   23.737803533    6.374012276   15.718112078
   -1.427996661   -2.443460953   25.025592860    7.464201641   14.389077800
   -1.237597106   -2.443460953   26.671790962    9.995095561   12.751561150
   -1.047197551   -2.443460953   28.839351954   12.691658212   10.722032008
   -0.856797996   -2.443460953   31.421055731   14.081318030    8.393222572
   -0.666398442   -2.443460953   34.060351021   13.154021713    5.965444141
   -0.475998887   -2.443460953   36.272371995    9.599151111    3.616665615
   -0.285599332   -2.443460953   37.575283942    3.717418850    1.388633166
   -0.095199777   -2.443460953   37.592578959   -3.728169655   -0.843234105
    0.095199777   -2.443460953   36.138254732  -11.491841773   -3.288215185
    0.285599332   -2.443460953   33.312805458  -17.781957302   -6.068237476
    0.475998887   -2.443460953   29.595735068  -20.532035464   -9.057989778
    0.666398442   -2.443460953   25.830870011  -18.102098128  -11.815964098
    0.856797996   -2.443460953   23.049347372  -10.364711387  -13.720453635
    1.047197551   -2.443460953   22.108987809    0.785130635  -14.241807394
    1.237597106   -2.443460953   23.347736616   11.902914364  -13.224386642
    1.427996661   -2.443460953   26.419097259   19.569366213  -10.975017337
    1.618396215   -2.443460953   30.454864831   21.893362416   -8.109763785
    1.808795770   -2.443460953   34.423119960   19.037107767   -5.252757926
    1.999195325   -2.443460953   37.473448795   12.562662203   -2.770861225
    2.189594880   -2.443460953   39.091052169    4.250623454   -0.669737463
    2.379994435   -2.443460953   39.057694042   -4.606771819    1.334300939
    2.570393989   -2.443460953   37.359957121  -13.078461628    3.632738527
    2.760793544   -2.443460953   34.170069630  -20.062398477    6.514083051
    2.951193099   -2.443460953   29.913344308  -24.032415155    9.987203635

   -3.141592654   -2.094395102   29.854256670  -17.357394911   12.000850526
   -2.951193099   -2.094395102   26.874962722  -13.492143538   14.773708488
   -2.760793544   -2.094395102   24.882969999   -7.220061723   16.588389316
   -2.570393989   -2.094395102   24.142772402   -0.706649649   17.137487410
   -2.379994435   -2.094395102   24.495834179    3.985287021   16.478640527
   -2.189594880   -2.094395102   25.478502813    5.863941292   14.973984704
   -1.999195325   -2.094395102   26.577416158    5.393369368   13.081874946
   -1.808795770   -2.094395102   27.477557584    4.063228978   11.147967978
   -1.618396215   -2.094395102   28.172082664    3.458120828    9.318622771
   -1.427996661   -2.094395102   28.895154370    4.415695161    7.592329273
   -1.237597106   -2.094395102   29.935942741    6.681400667    5.932662191
   -1.047197551   -2.094395102   31.450098601    9.173359703    4.345537434
   -0.856797996   -2.094395102   33.358216987   10.569488227    2.880549044
   -0.666398442   -2.094395102   35.344443272    9.837812878    1.572242032
   -0.475998887   -2.094395102   36.944489027    6.480911976    0.372800980
   -0.285599332   -2.094395102   37.652837115    0.537266838   -0.880572279
   -0.095199777   -2.094395102   37.024058909   -7.408455788   -2.444598830
    0.095199777   -2.094395102   34.789136867  -16.043667395   -4.570343151
    0.285599332   -2.094395102   31.009879871  -23.196958602   -7.341617261
    0.475998887   -2.094395102   26.223871958  -26.180328240  -10.533614265
    0.666398442   -2.094395102   21.450843652  -22.816711590  -13.568730605
    0.856797996   -2.094395102   17.963272301  -12.870948406  -15.685919260
    1.047197551   -2.094395102   16.823563509    1.257913787  -16.255198347
    1.237597106   -2.094395102   18.433053440   15.220510185  -15.086023941
    1.427996661   -2.094395102   22.334512961   24.757714996  -12.523782006
    1.618396215   -2.094395102   27.431319217   27.634689600   -9.269683337
    1.808795770   -2.094395102   32.457861245   24.283772960   -6.040720418
    1.999195325   -2.094395102   36.423349836   16.922753884   -3.273770276
    2.189594880   -2.094395102   38.804338279    7.999376055   -1.012168690
    2.379994435   -2.094395102   39.479071429   -0.793313762    1.011622151
    2.570393989   -2.094395102   38.569673128   -8.519686168    3.180708253
    2.760793544   -2.094395102   36.347937480  -14.448565799    5.778485326
    2.951193099   -2.094395102   33.242519229  -17.662672802    8.821479611

   -3.141592654   -1.745329252   33.458925542  -12.709896605    8.941806444
   -2.951193099   -1.745329252   31.257351963  -10.143532367   10.844075926
   -2.760793544   -1.745329252   29.716602273   -5.917549711   11.927300465
   -2.570393989   -1.745329252   29.008895672   -1.645687242   11.959618904
   -2.379994435   -1.745329252   28.998486408    1.214309358   10.987158776
   -2.189594880   -1.745329252   29.337757048    2.008842490    9.286053829
   -1.999195325   -1.745329252   29.657978041    1.169982574    7.214380085
   -1.808795770   -1.745329252   29.757753892   -0.067131441    5.073445306
   -1.618396215   -1.745329252   29.693806014   -0.352975191    3.058276553
   -1.427996661   -1.745329252   29.732665381    1.065796165    1.289012944
   -1.237597106   -1.745329252   30.191857568    3.955084431   -0.141434600
   -1.047197551   -1.745329252   31.258139249    7.218343089   -1.163683868
   -0.856797996   -1.745329252   32.870016188    9.403447185   -1.768704812
   -0.666398442   -1.745329252   34.692849759    9.237139121   -2.051973939
   -0.475998887   -1.745329252   36.195483685    5.975266086   -2.227183963
   -0.285599332   -1.745329252   36.766138843   -0.506061747   -2.595611721
   -0.095199777   -1.745329252   35.836972920   -9.610384993   -3.487915197
    0.095199777   -1.745329252   33.039688544  -19.770449591   -5.159966635
    0.285599332   -1.745329252   28.411606090  -28.306159937   -7.656188575
    0.475998887   -1.745329252   22.580591629  -31.851647070  -10.694510802
    0.666398442   -1.745329252   16.779681911  -27.688259924  -13.648691632
    0.856797996   -1.745329252   12.557231058  -15.507959098  -15.726898555
    1.047197551   -1.745329252   11.204918466    1.730243947  -16.283014641
    1.237597106   -1.745329252   13.200556089   18.693991242  -15.117537795
    1.427996661   -1.745329252   17.974475412   30.223406725  -12.568207842
    1.618396215   -1.745329252   24.190564658   33.695614318   -9.330970104
    1.808795770   -1.745329252   30.332967447   29.800726333   -6.125507154
    1.999195325   -1.745329252   35.253482967   21.418810492   -3.406406356
    2.189594880   -1.745329252   38.404819018   11.673567391   -1.251861796
    2.379994435   -1.745329252   39.747637024    2.663386691    0.555423434
    2.570393989   -1.745329252   39.526665182   -4.660914556    2.344805832
    2.760793544   -1.745329252   38.104510366   -9.903548627    4.364683809
    2.951193099   -1.745329252   35.914695263  -12.686133939    6.642443979

   -3.141592654   -1.396263402   35.109213366  -10.769462467    6.870083514
   -2.951193099   -1.396263402   33.211709493   -8.980438803    8.072784337
   -2.760793544   -1.396263402   31.787128767   -5.909726564    8.489060780
   -2.570393989   -1.396263402   30.958384356   -2.920230235    7.936009707
   -2.379994435   -1.396263402   30.594392509   -1.177224839    6.453567798
   -2.189594880   -1.396263402   30.399478000   -1.143758057    4.261643135
   -1.999195325   -1.396263402   30.079065046   -2.341624696    1.661247646
   -1.808795770   -1.396263402   29.505707305   -3.567572304   -1.040735785
   -1.618396215   -1.396263402   28.804000362   -3.493598712   -3.547648371
   -1.427996661   -1.396263402   28.306706164   -1.366490653   -5.568955573
   -1.237597106   -1.396263402   28.394743935    2.532240209   -6.851714061
   -1.047197551   -1.396263402   29.298047782    6.934898318   -7.263294201
   -0.856797996   -1.396263402   30.954882506   10.111181703   -6.867507004
   -0.666398442   -1.396263402   32.972849186   10.484098494   -5.936095509
   -0.475998887   -1.396263402   34.712193303    7.100662349   -4.883518154
   -0.285599332   -1.396263402   35.427421863   -0.225278415   -4.153970401
   -0.095199777   -1.396263402   34.421615001  -10.774894070   -4.120173649
    0.095199777   -1.396263402   31.239055445  -22.661904154   -4.996076209
    0.285599332   -1.396263402   25.909999739  -32.688061716   -6.754752545
    0.475998887   -1.396263402   19.165879494  -36.867875939   -9.080028789
    0.666398442   -1.396263402   12.452386054  -32.020198499  -11.386889997
    0.856797996   -1.396263402    7.579790072  -17.813580115  -12.989734843
    1.047197551   -1.396263402    6.051652422    2.245653251  -13.356426270
    1.237597106   -1.396263402    8.413073731   21.917407796  -12.336269963
    1.427996661   -1.396263402   13.989452759   35.222601038  -10.216709935
    1.618396215   -1.396263402   21.224500540   39.188116043   -7.564680337
    1.808795770   -1.396263402   28.371581313   34.724092877   -4.956295146
    1.999195325   -1.396263402   34.130835198   25.274768102   -2.748649737
    2.189594880   -1.396263402   37.916617615   14.531172571   -0.998101610
    2.379994435   -1.396263402   39.739658008    4.929059813    0.469979025
    2.570393989   -1.396263402   39.929889329   -2.543693929    1.909697792
    2.760793544   -1.396263402   38.918594260   -7.688517377    3.498074852
    2.951193099   -1.396263402   37.157965690  -10.436975459    5.226056283

   -3.141592654   -1.047197551   35.762606395  -10.476635061    5.577744190
   -2.951193099   -1.047197551   33.860149945   -9.367852855    6.313810096
   -2.760793544   -1.047197551   32.284206680   -7.131294825    6.266919752
   -2.570393989   -1.047197551   31.140251354   -5.003693111    5.282309357
   -2.379994435   -1.047197551   30.303664977   -4.035904309    3.407678792
   -2.189594880   -1.047197551   29.503551615   -4.607487640    0.850166829
   -1.999195325   -1.047197551   28.485698216   -6.150943487   -2.101900092
   -1.808795770   -1.047197551   27.184275633   -7.326355175   -5.125747818
   -1.618396215   -1.047197551   25.814404382   -6.652191511   -7.865174391
   -1.427996661   -1.047197551   24.821007968   -3.322618406   -9.940630079
   -1.237597106   -1.047197551   24.688387239    2.219460303  -11.021500210
   -1.047197551   -1.047197551   25.696382584    8.320334668  -10.954179128
   -0.856797996   -1.047197551   27.749090130   12.783737455   -9.856615031
   -0.666398442   -1.047197551   30.338896024   13.672972013   -8.104633653
   -0.475998887   -1.047197551   32.663750662    9.918851525   -6.212551557
   -0.285599332   -1.047197551   33.817285067    1.452246678   -4.665311445
   -0.095199777   -1.047197551   32.980736397  -10.727361849   -3.794384943
    0.095199777   -1.047197551   29.640270446  -24.348704813   -3.715634459
    0.285599332   -1.047197551   23.849084765  -35.759327364   -4.322179527
    0.475998887   -1.047197551   16.449557165  -40.514512993   -5.320593018
    0.666398442   -1.047197551    9.073624951  -35.145356849   -6.301139202
    0.856797996   -1.047197551    3.741359703  -19.381108659   -6.871007149
    1.047197551   -1.047197551    2.114478600    2.807176836   -6.786609119
    1.237597106   -1.047197551    4.781394642   24.478615103   -6.036883015
    1.427996661   -1.047197551   10.981585424   39.057603847   -4.822425781
    1.618396215   -1.047197551   18.991552926   43.336270564   -3.441356616
    1.808795770   -1.047197551   26.893269107   38.402185562   -2.148187560
    1.999195325   -1.047197551   33.275135219   28.112199325   -1.058800614
    2.189594880   -1.047197551   37.520836664   16.555806247   -0.134135505
    2.379994435   -1.047197551   39.671321621    6.392874855    0.766888253
    2.570393989   -1.047197551   40.108393476   -1.378659443    1.796502622
    2.760793544   -1.047197551   39.301449400   -6.701818038    3.024236611
    2.951193099   -1.047197551   37.708407529   -9.696091053    4.367789987

   -3.141592654   -0.698131701   36.799822592   -9.816280220    2.717912306
   -2.951193099   -0.698131701   34.939133772   -9.652704712    2.577987445
   -2.760793544   -0.698131701   33.194118817   -8.653382727    1.789468384
   -2.570393989   -0.698131701   31.636376325   -7.816377704    0.284869451
   -2.379994435   -0.698131701   30.153661821   -7.966129376   -1.875791138
   -2.189594880   -0.698131701   28.524149019   -9.324222395   -4.538941205
   -1.999195325   -0.698131701   26.568134507  -11.202969448   -7.480673050
   -1.808795770   -0.698131701   24.318637066  -12.121284931  -10.394903911
   -1.618396215   -0.698131701   22.117525992  -10.460487947  -12.879095246
   -1.427996661   -0.698131701   20.551741852   -5.417580856  -14.484384869
   -1.237597106   -0.698131701   20.223321944    2.296106188  -14.853292854
   -1.047197551   -0.698131701   21.452666150   10.510117620  -13.888095792
   -0.856797996   -0.698131701   24.078125076   16.472975539  -11.831009056
   -0.666398442   -0.698131701   27.437761505   17.902741996   -9.186779557
   -0.475998887   -0.698131701   30.541563046   13.732540864   -6.533320944
   -0.285599332   -0.698131701   32.325441231    4.183845712   -4.314917913
   -0.095199777   -0.698131701   31.883075474   -9.324136245   -2.725006965
    0.095199777   -0.698131701   28.692382358  -24.127035773   -1.704309003
    0.285599332   -0.698131701   22.863404749  -36.294371937   -1.032550694
    0.475998887   -0.698131701   15.333599008  -41.253937727   -0.459216837
    0.666398442   -0.698131701    7.838637066  -35.591667836    0.178906043
    0.856797996   -0.698131701    2.476318289  -19.234629727    0.884052428
    1.047197551   -0.698131701    0.939206344    3.576757657    1.522374136
    1.237597106   -0.698131701    3.797806788   25.669056763    1.924079759
    1.427996661   -0.698131701   10.241765616   40.375842421    1.993812002
    1.618396215   -0.698131701   18.494663108   44.539108389    1.768810784
    1.808795770   -0.698131701   26.604962014   39.386493438    1.394155465
    1.999195325   -0.698131701   33.155997303   28.923572337    1.049293817
    2.189594880   -0.698131701   37.550498906   17.336529836    0.880779843
    2.379994435   -0.698131701   39.859896137    7.304904831    0.969004513
    2.570393989   -0.698131701   40.491050082   -0.246595425    1.317294391
    2.760793544   -0.698131701   39.916581398   -5.418056179    1.846774266
    2.951193099   -0.698131701   38.563775730   -8.520922617    2.392502118

   -3.141592654   -0.349065850   37.229523655  -10.272070370   -0.185858934
   -2.951193099   -0.349065850   35.201129879  -10.983668611   -1.002731245
   -2.760793544   -0.349065850   33.106706923  -10.998265582   -2.234693712
   -2.570393989   -0.349065850   31.007253849  -11.145242310   -3.881923524
   -2.379994435   -0.349065850   28.808209576  -12.128941842   -5.903631561
   -2.189594880   -0.349065850   26.325428474  -14.073447204   -8.232512055
   -1.999195325   -0.349065850   23.438940644  -16.145449008  -10.741095302
   -1.808795770   -0.349065850   20.276728966  -16.644485501  -13.177758164
   -1.618396215   -0.349065850   17.317362389  -13.760206333  -15.142471547
   -1.427996661   -0.349065850   15.303356941   -6.715274776  -16.170848937
   -1.237597106   -0.349065850   14.956262785    3.418060188  -15.917482291
   -1.047197551   -0.349065850   16.619551402   13.856234856  -14.340624388
   -0.856797996   -0.349065850   20.034902126   21.260158260  -11.756476575
   -0.666398442   -0.349065850   24.358801141   23.068892277   -8.709383007
   -0.475998887   -0.349065850   28.406541716   18.359915596   -5.740393271
   -0.285599332   -0.349065850   30.979110262    7.807324621   -3.175494612
   -0.095199777   -0.349065850   31.132323077   -6.642516511   -1.038602460
    0.095199777   -0.349065850   28.395300138  -21.956864084    0.885421545
    0.285599332   -0.349065850   22.972516997  -34.127910352    2.871740576
    0.475998887   -0.349065850   15.879732872  -38.817931702    5.054587189
    0.666398442   -0.349065850    8.866213059  -33.039230274    7.290417986
    0.856797996   -0.349065850    3.963008444  -17.083724936    9.168060920
    1.047197551   -0.349065850    2.750139387    4.734408389   10.196017291
    1.237597106   -0.349065850    5.705911978   25.508950986   10.070534831
    1.427996661   -0.349065850   12.001522893   39.036836136    8.849277110
    1.618396215   -0.349065850   19.926595411   42.539326441    6.928555463
    1.808795770   -0.349065850   27.643950745   37.358351743    4.848280207
    1.999195325   -0.349065850   33.846278086   27.349725344    3.060180758
    2.189594880   -0.349065850   38.003725789   16.435616754    1.792716536
    2.379994435   -0.349065850   40.205343217    7.053551180    1.050260812
    2.570393989   -0.349065850   40.835931313   -0.042316288    0.689126173
    2.760793544   -0.349065850   40.319901333   -5.065859073    0.501678594
    2.951193099   -0.349065850   39.019565859   -8.389385418    0.272789027

   -3.141592654    0.000000000   36.727765408  -11.870616194   -2.994874608
   -2.951193099    0.000000000   34.348140810  -13.050654001   -4.346434441
   -2.760793544    0.000000000   31.819621745  -13.471585389   -5.799916953
   -2.570393989    0.000000000   29.217250011  -13.944867973   -7.278331838
   -2.379994435    0.000000000   26.457108469  -15.220447021   -8.764664007
   -2.189594880    0.000000000   23.360489349  -17.414936053  -10.298301338
   -1.999195325    0.000000000   19.827775801  -19.537127068  -11.886512096
   -1.808795770    0.000000000   16.050940286  -19.604210033  -13.390825508
   -1.618396215    0.000000000   12.624845580  -15.577192711  -14.490398786
   -1.427996661    0.000000000   10.428726363   -6.723792660  -14.784591896
   -1.237597106    0.000000000   10.278565908    5.489038017  -13.994605371
   -1.047197551    0.000000000   12.514137272   17.690735946  -12.136356624
   -0.856797996    0.000000000   16.766969027   26.069401666   -9.540587034
   -0.666398442    0.000000000   22.027108436   27.959331676   -6.692674938
   -0.475998887    0.000000000   26.962665602   22.731457471   -4.000087486
   -0.285599332    0.000000000   30.307651633   11.574921796   -1.613337515
   -0.095199777    0.000000000   31.148485321   -3.095530629    0.615602304
    0.095199777    0.000000000   29.111382648  -18.065717802    3.019713121
    0.285599332    0.000000000   24.494794354  -29.532217151    5.885389032
    0.475998887    0.000000000   18.334154826  -33.712836168    9.218998656
    0.666398442    0.000000000   12.279332029  -28.266090724   12.611590881
    0.856797996    0.000000000    8.160393313  -13.833177582   15.324281815
    1.047197551    0.000000000    7.341022020    5.494769821   16.599273471
    1.237597106    0.000000000   10.179072269   23.548361130   16.044148602
    1.427996661    0.000000000   15.887324122   34.995666057   13.842797195
    1.618396215    0.000000000   22.937595803   37.605758936   10.660746676
    1.808795770    0.000000000   29.726929919   32.713198990    7.322993697
    1.999195325    0.000000000   35.134859815   23.726405959    4.467976714
    2.189594880    0.000000000   38.717408693   14.007913207    2.367943035
    2.379994435    0.000000000   40.553237199    5.575629381    0.956266647
    2.570393989    0.000000000   40.958480028   -1.007091170   -0.027451847
    2.760793544    0.000000000   40.271703469   -5.960809640   -0.881469133
    2.951193099    0.000000000   38.779847074   -9.547772714   -1.834926477

   -3.141592654    0.349065850   35.954847998  -13.678043194   -4.428605587
   -2.951193099    0.349065850   33.201801353  -15.124674685   -5.906794653
   -2.760793544    0.349065850   30.261820612  -15.692510098   -7.257657550
   -2.570393989    0.349065850   27.230687744  -16.220933289   -8.366067842
   -2.379994435    0.349065850   24.031729810  -17.562891834   -9.234114883
   -2.189594880    0.349065850   20.478673443  -19.868406673   -9.970516281
   -1.999195325    0.349065850   16.474194844  -22.000297024  -10.682248920
   -1.808795770    0.349065850   12.256112209  -21.685410510  -11.341781090
   -1.618396215    0.349065850    8.519191527  -16.648824518  -11.738351831
   -1.427996661    0.349065850    6.263597047   -6.204665834  -11.569057123
   -1.237597106    0.349065850    6.383591153    7.789125897  -10.622434043
   -1.047197551    0.349065850    9.202928463   21.413987724   -8.925398345
   -0.856797996    0.349065850   14.242026484   30.466111371   -6.747219215
   -0.666398442    0.349065850   20.341709595   32.279094616   -4.447535807
   -0.475998887    0.349065850   26.058702484   26.596417518   -2.275123479
   -0.285599332    0.349065850   30.105673623   15.148635659   -0.233780154
   -0.095199777    0.349065850   31.643702327    0.770064012    1.922525938
    0.095199777    0.349065850   30.423701821  -13.261753706    4.549549896
    0.285599332    0.349065850   26.837201940  -23.529744028    7.870837302
    0.475998887    0.349065850   21.901204773  -27.006984576   11.751498071
    0.666398442    0.349065850   17.094209630  -22.133080978   15.597507499
    0.856797996    0.349065850   13.960786274   -9.888567921   18.507218113
    1.047197551    0.349065850   13.582554516    6.046181122   19.645140465
    1.237597106    0.349065850   16.178749636   20.528212273   18.655002510
    1.427996661    0.349065850   21.039548920   29.348357135   15.845588691
    1.618396215    0.349065850   26.889617609   30.926469887   12.030613992
    1.808795770    0.349065850   32.432999521   26.517749186    8.144230682
    1.999195325    0.349065850   36.784363135   18.910520536    4.864611311
    2.189594880    0.349065850   39.599522955   10.738339015    2.440252115
    2.379994435    0.349065850   40.934646220    3.501942716    0.747841109
    2.570393989    0.349065850   41.015204453   -2.436300202   -0.526791382
    2.760793544    0.349065850   40.075893828   -7.255501403   -1.705075801
    2.951193099    0.349065850   38.321948298  -11.038272842   -2.993152255

   -3.141592654    0.698131701   35.086633177  -15.267936949   -5.389286419
   -2.951193099    0.698131701   32.027525772  -16.704355561   -6.831815226
   -2.760793544    0.698131701   28.798717612  -17.121148963   -7.928119029
   -2.570393989    0.698131701   25.515725416  -17.439797460   -8.541470387
   -2.379994435    0.698131701   22.099400689  -18.649648837   -8.694917350
   -2.189594880    0.698131701   18.340616090  -20.962979830   -8.555718710
   -1.999195325    0.698131701   14.122268429  -23.141654235   -8.324221868
   -1.808795770    0.698131701    9.695667769  -22.681485447   -8.102400968
   -1.618396215    0.698131701    5.813506040  -17.104049200   -7.834874215
   -1.427996661    0.698131701    3.555912959   -5.719782421   -7.362361372
   -1.237597106    0.698131701    3.873258802    9.369148662   -6.548243076
   -1.047197551    0.698131701    7.085065085   23.890600676   -5.380567496
   -0.856797996    0.698131701   12.646938106   33.398511077   -3.979640340
   -0.666398442    0.698131701   19.314308965   35.259155597   -2.502141661
   -0.475998887    0.698131701   25.590785501   29.501680910   -1.014627809
   -0.285599332    0.698131701   30.202198569   18.241614690    0.587322900
   -0.095199777    0.698131701   32.387908908    4.574222918    2.568610930
    0.095199777    0.698131701   31.999791142   -8.277474268    5.230239614
    0.285599332    0.698131701   29.481888262  -17.341558168    8.698505877
    0.475998887    0.698131701   25.788778480  -20.322743933   12.727432638
    0.666398442    0.698131701   22.196395759  -16.329041405   16.629228266
    0.856797996    0.698131701   19.959524504   -6.522124859   19.457645725
    1.047197551    0.698131701   19.902138962    5.949907972   20.394264686
    1.237597106    0.698131701   22.143030095   16.994336823   19.144584699
    1.427996661    0.698131701   26.081693147   23.438413942   16.090826223
    1.618396215    0.698131701   30.705651067   24.226150209   12.095274483
    1.808795770    0.698131701   35.014323627   20.440871531    8.099396593
    1.999195325    0.698131701   38.335234999   14.231601215    4.754126032
    2.189594880    0.698131701   40.403671063    7.538628779    2.265144261
    2.379994435    0.698131701   41.242237462    1.401816291    0.470554170
    2.570393989    0.698131701   40.985631724   -3.962052604   -0.962406915
    2.760793544    0.698131701   39.774240391   -8.643569424   -2.343336619
    2.951193099    0.698131701   37.748323597  -12.516838318   -3.831432929

   -3.141592654    1.047197551   32.900085596  -18.347723817   -7.862352299
   -2.951193099    1.047197551   29.303787396  -19.158501061   -9.706243964
   -2.760793544    1.047197551   25.703878758  -18.506471458  -10.887715248
   -2.570393989    1.047197551   22.272983844  -17.617845624  -11.181131518
   -2.379994435    1.047197551   18.921404763  -17.857133056  -10.613794102
   -2.189594880    1.047197551   15.369665188  -19.663107095   -9.441774766
   -1.999195325    1.047197551   11.411601987  -21.763023957   -8.014249063
   -1.808795770    1.047197551    7.237420404  -21.416853726   -6.619224778
   -1.618396215    1.047197551    3.588901151  -15.887638716   -5.400240155
   -1.427996661    1.047197551    1.573274706   -4.366183726   -4.368420101
   -1.237597106    1.047197551    2.172795272   10.984081751   -3.471886953
   -1.047197551    1.047197551    5.716754125   25.743454575   -2.655212878
   -0.856797996    1.047197551   11.644762791   35.365833559   -1.878532787
   -0.666398442    1.047197551   18.691133171   37.268054451   -1.091851933
   -0.475998887    1.047197551   25.361693358   31.663712579   -0.197074350
   -0.285599332    1.047197551   30.425513325   20.899538988    0.975502596
   -0.095199777    1.047197551   33.202237217    8.199806601    2.646382782
    0.095199777    1.047197551   33.626910763   -3.339748212    4.998950441
    0.285599332    1.047197551   32.170339014  -11.203473376    8.033998498
    0.475998887    1.047197551   29.702086363  -13.790438481   11.442485252
    0.666398442    1.047197551   27.283204611  -10.800015333   14.585897883
    0.856797996    1.047197551   25.882366448   -3.496672334   16.683125649
    1.047197551    1.047197551   26.082397943    5.550566955   17.128568710
    1.237597106    1.047197551   27.921795753   13.290836364   15.781588714
    1.427996661    1.047197551   30.922050600   17.526486917   13.040555651
    1.618396215    1.047197551   34.332208740   17.643661809    9.643593728
    1.808795770    1.047197551   37.431437093   14.489198576    6.332898831
    1.999195325    1.047197551   39.735328333    9.543712484    3.571456660
    2.189594880    1.047197551   41.031101356    4.052388027    1.442559511
    2.379994435    1.047197551   41.282222600   -1.382440385   -0.267103030
    2.570393989    1.047197551   40.515130829   -6.626030814   -1.888694782
    2.760793544    1.047197551   38.775573604  -11.560065841   -3.689258643
    2.951193099    1.047197551   36.165994450  -15.689030033   -5.738916261

   -3.141592654    1.396263402   29.485085273  -22.845134262  -10.863937073
   -2.951193099    1.396263402   25.128137929  -22.485660849  -13.128151915
   -2.760793544    1.396263402   21.069696351  -19.902486899  -14.362300273
   -2.570393989    1.396263402   17.581818780  -16.830639778  -14.272438534
   -2.379994435    1.396263402   14.564515640  -15.233698622  -12.918769688
   -2.189594880    1.396263402   11.629272863  -15.951408010  -10.665818072
   -1.999195325    1.396263402    8.415652174  -17.780538938   -8.010539154
   -1.808795770    1.396263402    4.973933566  -17.784844911   -5.407413756
   -1.618396215    1.396263402    1.955332283  -12.934420475   -3.175201373
   -1.427996661    1.396263402    0.430165634   -2.165850503   -1.484840787
   -1.237597106    1.396263402    1.383580345   12.524418133   -0.379913669
   -1.047197551    1.396263402    5.173240594   26.818972149    0.209138736
   -0.856797996    1.396263402   11.281737306   36.226421667    0.447628898
   -0.666398442    1.396263402   18.494961012   38.199585207    0.564744392
   -0.475998887    1.396263402   25.374926140   32.974330704    0.811577913
   -0.285599332    1.396263402   30.749592828   22.896355202    1.425085280
   -0.095199777    1.396263402   33.992525244   11.123317465    2.595527231
    0.095199777    1.396263402   35.067991403    0.548272277    4.414736712
    0.285599332    1.396263402   34.420810620   -6.681597049    6.795443214
    0.475998887    1.396263402   32.816218877   -9.403360142    9.411358956
    0.666398442    1.396263402   31.138955837   -7.572685282   11.714083008
    0.856797996    1.396263402   30.167588119   -2.327238413   13.105154203
    1.047197551    1.396263402   30.360446458    4.307611387   13.175882745
    1.237597106    1.396263402   31.757355527   10.005075383   11.898506106
    1.427996661    1.396263402   34.007155790   13.105949712    9.639435041
    1.618396215    1.396263402   36.549855630   13.107270488    6.977145462
    1.808795770    1.396263402   38.833723836   10.538335888    4.438267178
    1.999195325    1.396263402   40.459253846    6.353914206    2.296020168
    2.189594880    1.396263402   41.199317163    1.325202581    0.515371911
    2.379994435    1.396263402   40.931999694   -4.197479449   -1.163299132
    2.570393989    1.396263402   39.578361869  -10.038373615   -3.061996194
    2.760793544    1.396263402   37.112752618  -15.767242725   -5.389999825
    2.951193099    1.396263402   33.643765273  -20.408808353   -8.104035322

   -3.141592654    1.745329252   25.213361303  -28.078681829  -12.549460721
   -2.951193099    1.745329252   20.000712211  -26.043056220  -15.009948567
   -2.760793544    1.745329252   15.501092718  -20.879085371  -16.209518440
   -2.570393989    1.745329252   12.096361942  -15.011109089  -15.801168128
   -2.379994435    1.745329252    9.654749769  -11.143979131  -13.841515320
   -2.189594880    1.745329252    7.637798242  -10.575901138  -10.729633065
   -1.999195325    1.745329252    5.485797569  -12.166532004   -7.029250812
   -1.808795770    1.745329252    3.067407078  -12.762528206   -3.302782810
   -1.618396215    1.745329252    0.905163277   -9.022239199   -0.025722371
   -1.427996661    1.745329252    0.000000000    0.420759710    2.446905822
   -1.237597106    1.745329252    1.322727740   13.848743981    3.918407497
   -1.047197551    1.745329252    5.267685092   27.193607875    4.400822160
   -0.856797996    1.745329252   11.394547816   36.124546497    4.123496969
   -0.666398442    1.745329252   18.584948605   38.128646642    3.464060178
   -0.475998887    1.745329252   25.489779736   33.352068389    2.832819167
   -0.285599332    1.745329252   31.001743834   23.982219223    2.567222020
   -0.095199777    1.745329252   34.526989848   12.995705214    2.871127588
    0.095199777    1.745329252   36.025890864    3.078251360    3.786440991
    0.285599332    1.745329252   35.895872851   -3.861197781    5.175647687
    0.475998887    1.745329252   34.810956908   -6.879805956    6.730738961
    0.666398442    1.745329252   33.534395858   -5.985392896    8.026207999
    0.856797996    1.745329252   32.737004550   -2.129079516    8.665036181
    1.047197551    1.745329252   32.827022693    3.063930194    8.430121928
    1.237597106    1.745329252   33.876608147    7.693416490    7.374240151
    1.427996661    1.745329252   35.632641032   10.339070354    5.783773036
    1.618396215    1.745329252   37.651215481   10.444353053    4.033623990
    1.808795770    1.745329252   39.461702819    8.242770316    2.411073890
    1.999195325    1.745329252   40.679192742    4.315408539    1.003102868
    2.189594880    1.745329252   41.024506477   -0.868943604   -0.319031104
    2.379994435    1.745329252   40.281788687   -7.082997934   -1.826775345
    2.570393989    1.745329252   38.278153047  -14.024302846   -3.803665611
    2.760793544    1.745329252   34.942796733  -20.873975467   -6.391746734
    2.951193099    1.745329252   30.432088459  -26.100068981   -9.457273250

   -3.141592654    2.094395102   20.842948149  -33.278168061  -11.616662592
   -2.951193099    2.094395102   14.792015079  -29.451703252  -13.637367064
   -2.760793544    2.094395102    9.893373838  -21.556532931  -14.369487002
   -2.570393989    2.094395102    6.646043753  -12.702480428  -13.506197012
   -2.379994435    2.094395102    4.895995099   -6.314886738  -11.122847583
   -2.189594880    2.094395102    3.966927696   -4.151263905   -7.604505282
   -1.999195325    2.094395102    3.106478908   -5.195849653   -3.485288084
   -1.808795770    2.094395102    1.989891176   -6.205963727    0.679144795
   -1.618396215    2.094395102    0.972522756   -3.667231589    4.364250524
   -1.427996661    2.094395102    0.926889875    4.028123433    7.110492072
   -1.237597106    2.094395102    2.751475728   15.515472696    8.602192617
   -1.047197551    2.094395102    6.844584020   27.157151751    8.777324910
   -0.856797996    2.094395102   12.848220116   34.978517253    7.877148926
   -0.666398442    2.094395102   19.774812240   36.611787926    6.369916255
   -0.475998887    2.094395102   26.408988256   32.101195766    4.786885613
   -0.285599332    2.094395102   31.741401208   23.379112844    3.553939822
   -0.095199777    2.094395102   35.223266874   13.131718199    2.894616104
    0.095199777    2.094395102   36.807759468    3.792391577    2.813462777
    0.285599332    2.094395102   36.842518890   -2.913936358    3.134048964
    0.475998887    2.094395102   35.926391793   -6.131926054    3.575015642
    0.666398442    2.094395102   34.743338527   -5.794613178    3.839281350
    0.856797996    2.094395102   33.914172467   -2.645715844    3.731227128
    1.047197551    2.094395102   33.844705169    1.954105263    3.220656335
    1.237597106    2.094395102   34.649880681    6.297467576    2.436953468
    1.427996661    2.094395102   36.139393576    8.985360009    1.583236582
    1.618396215    2.094395102   37.919983505    9.312110984    0.827571599
    1.808795770    2.094395102   39.533188247    7.275185480    0.218597930
    1.999195325    2.094395102   40.561416132    3.232381950   -0.335087406
    2.189594880    2.094395102   40.656000433   -2.498335323   -1.033590670
    2.379994435    2.094395102   39.513997410   -9.716279730   -2.123145337
    2.570393989    2.094395102   36.887575384  -17.957675202   -3.806565680
    2.760793544    2.094395102   32.682549301  -26.017004410   -6.133506837
    2.951193099    2.094395102   27.122391445  -31.826803546   -8.898480638

   -3.141592654    2.443460953   17.413191079  -36.975670733   -7.303554622
   -2.951193099    2.443460953   10.801772166  -31.486170959   -8.225305556
   -2.760793544    2.443460953    5.736341549  -21.197543093   -8.149472205
   -2.570393989    2.443460953    2.802956889   -9.788030214   -6.887255897
   -2.379994435    2.443460953    1.823030419   -1.242697964   -4.506257877
   -2.189594880    2.443460953    2.007804650    2.337960720   -1.270598507
   -1.999195325    2.443460953    2.449801247    1.849934901    2.451239298
   -1.808795770    2.443460953    2.657895584    0.515894225    6.233196966
   -1.618396215    2.443460953    2.820167697    1.861586225    9.595497366
   -1.427996661    2.443460953    3.652291145    7.614480830   12.039894972
   -1.237597106    2.443460953    5.938383345   16.749490954   13.169026082
   -1.047197551    2.443460953   10.047813856   26.163740584   12.848055752
   -0.856797996    2.443460953   15.698909761   32.404257259   11.291025035
   -0.666398442    2.443460953   22.059047280   33.385061350    8.989004681
   -0.475998887    2.443460953   28.088374041   29.088037380    6.520233341
   -0.285599332    2.443460953   32.914788720   21.131205521    4.341098252
   -0.095199777    2.443460953   36.057066213   11.806011747    2.666132058
    0.095199777    2.443460953   37.465546134    3.217256568    1.465288761
    0.285599332    2.443460953   37.434391895   -3.099195223    0.555575194
    0.475998887    2.443460953   36.488518808   -6.322885675   -0.266890454
    0.666398442    2.443460953   35.245491742   -6.257554919   -1.115741520
    0.856797996    2.443460953   34.295321758   -3.429716546   -1.950053743
    1.047197551    2.443460953   34.056044725    1.006620123   -2.614492273
    1.237597106    2.443460953   34.684782517    5.438377116   -2.941481094
    1.427996661    2.443460953   36.034867453    8.402470275   -2.864321166
    1.618396215    2.443460953   37.733011641    9.015852089   -2.462439382
    1.808795770    2.443460953   39.303600995    7.079977852   -1.933339069
    1.999195325    2.443460953   40.279435780    2.815803777   -1.515671994
    2.189594880    2.443460953   40.243642097   -3.514573898   -1.422045892
    2.379994435    2.443460953   38.823239190  -11.670554987   -1.803227190
    2.570393989    2.443460953   35.720241679  -21.014919081   -2.723378878
    2.760793544    2.443460953   30.838326194  -30.007845947   -4.123777937
    2.951193099    2.443460953   24.473393790  -36.151337562   -5.780138461

   -3.141592654    2.792526803   15.945055935  -38.067765770   -0.087484169
   -2.951193099    2.792526803    9.222880595  -31.486711424    0.641740467
   -2.760793544    2.792526803    4.291567211  -19.757967335    1.792519465
   -2.570393989    2.792526803    1.774640541   -6.872943337    3.366842295
   -2.379994435    2.792526803    1.473065787    2.912033147    5.330816385
   -2.189594880    2.792526803    2.536674966    7.342117041    7.638720828
   -1.999195325    2.792526803    3.975418531    7.229706648   10.205037967
   -1.808795770    2.792526803    5.198661861    5.691207260   12.828319020
   -1.618396215    2.792526803    6.271058665    6.119096670   15.136397629
   -1.427996661    2.792526803    7.766626221   10.211387510   16.638900014
   -1.237597106    2.792526803   10.344401136   17.165612601   16.902761056
   -1.047197551    2.792526803   14.317707553   24.360986703   15.763596976
   -0.856797996    2.792526803   19.451284658   28.892031656   13.430569168
   -0.666398442    2.792526803   25.047748238   29.025697493   10.405140115
   -0.475998887    2.792526803   30.236952488   24.742845392    7.267896179
   -0.285599332    2.792526803   34.284828226   17.353884136    4.448963588
   -0.095199777    2.792526803   36.775095376    8.722798695    2.107137428
    0.095199777    2.792526803   37.648107833    0.627485626    0.151371915
    0.285599332    2.792526803   37.146995232   -5.487903989   -1.621413927
    0.475998887    2.792526803   35.752436219   -8.649391760   -3.354889682
    0.666398442    2.792526803   34.081232449   -8.373375046   -5.011899602
    0.856797996    2.792526803   32.775401548   -4.968478269   -6.361564096
    1.047197551    2.792526803   32.327616086    0.417142025   -7.100744797
    1.237597106    2.792526803   32.947409076    5.935860689   -7.035908489
    1.427996661    2.792526803   34.481735187    9.784100395   -6.209631986
    1.618396215    2.792526803   36.491370318   10.818671019   -4.891417035
    1.808795770    2.792526803   38.402912240    8.775545709   -3.454123828
    1.999195325    2.792526803   39.657088462    3.988316107   -2.217212096
    2.189594880    2.792526803   39.774769402   -3.099136730   -1.350639053
    2.379994435    2.792526803   38.355175982  -12.075172869   -0.867318184
    2.570393989    2.792526803   35.103167469  -22.149009764   -0.667567119
    2.760793544    2.792526803   29.955073302  -31.611907883   -0.591027896
    2.951193099    2.792526803   23.273736233  -37.785092000   -0.455390946
