#! FIELDS phi psi file.free der_phi der_psi
#! SET min_phi -pi
#! SET max_phi pi
#! SET nbins_phi  33
#! SET periodic_phi true
#! SET min_psi -pi
#! SET max_psi pi
#! SET nbins_psi  18
#! SET periodic_psi true
   -3.141592654   -3.141592654   19.186068800  -56.744495301   15.945133377
   -2.951193099   -3.141592654   10.124381110  -37.589358708   18.575464838
   -2.760793544   -3.141592654    5.072712874  -15.666355090   20.323666667
   -2.570393989   -3.141592654    3.948202799    2.783236820   21.292405396
   -2.379994435   -3.141592654    5.639989879   13.504813198   21.875925608
   -2.189594880   -3.141592654    8.559899858   15.924383599   22.627205794
   -1.999195325   -3.141592654   11.362986368   12.992609551   24.015186000
   -1.808795770   -3.141592654   13.475315566    9.494391947   26.178135969
   -1.618396215   -3.141592654   15.220676353    9.692366011   28.792023104
   -1.427996661   -3.141592654   17.531510952   15.502653267   31.154555022
   -1.237597106   -3.141592654   21.423399678   25.880417169   32.450649487
   -1.047197551   -3.141592654   27.477515711   37.509710864   32.082515383
   -0.856797996   -3.141592654   35.540098500   46.289193381   29.882107349
   -0.666398442   -3.141592654   44.730001708   48.867578473   26.098071409
   -0.475998887   -3.141592654   53.672954102   43.574843207   21.214362286
   -0.285599332   -3.141592654   60.858620010   30.630396968   15.720676609
   -0.095199777   -3.141592654   64.984424974   11.891550919    9.962020099
    0.095199777   -3.141592654   65.243981530   -9.319470890    4.147409870
    0.285599332   -3.141592654   61.583906662  -28.427360959   -1.534983778
    0.475998887   -3.141592654   54.896575074  -40.307399519   -6.783273426
    0.666398442   -3.141592654   46.988932632  -40.693122015  -11.142442990
    0.856797996   -3.141592654   40.235060226  -28.342845421  -14.104692079
    1.047197551   -3.141592654   36.840674269   -6.259031847  -15.319823838
    1.237597106   -3.141592654   38.045571367   18.615506494  -14.785560883
    1.427996661   -3.141592654   43.585309951   37.986347162  -12.866360631
    1.618396215   -3.141592654   51.755387493   45.501470492  -10.132807677
    1.808795770   -3.141592654   60.014416009   38.959572165   -7.107878082
    1.999195325   -3.141592654   65.830899906   20.490390092   -4.086494570
    2.189594880   -3.141592654   67.373691940   -4.964227223   -1.091700267
    2.379994435   -3.141592654   63.872366265  -31.495687242    2.017492482
    2.570393989   -3.141592654   55.671434859  -53.467744489    5.378480210
    2.760793544   -3.141592654   44.093486680  -66.346877711    8.985770590
    2.951193099   -3.141592654   31.168556477  -67.423544716   12.627806962

   -3.141592654   -2.792526803   26.481412783  -51.374505958   23.962354580
   -2.951193099   -2.792526803   18.240432134  -34.412275042   26.583506212
   -2.760793544   -2.792526803   13.580290444  -14.668630124   27.899452516
   -2.570393989   -2.792526803   12.491119531    2.329707471   28.162445657
   -2.379994435   -2.792526803   14.053845759   12.822621447   27.954259776
   -2.189594880   -2.792526803   16.923764941   16.261214058   27.962580870
   -1.999195325   -2.792526803   19.953498239   15.100394319   28.680836809
   -1.808795770   -2.792526803   22.635325097   13.274242921   30.172346906
   -1.618396215   -2.792526803   25.186520748   14.152338540   31.998040906
   -1.427996661   -2.792526803   28.287925322   19.065908724   33.367698845
   -1.237597106   -2.792526803   32.641648742   26.939086213   33.441764190
   -1.047197551   -2.792526803   38.565751525   34.987533276   31.667040966
   -0.856797996   -2.792526803   45.782456468   39.976561174   27.975956598
   -0.666398442   -2.792526803   53.453082329   39.394224590   22.756988317
   -0.475998887   -2.792526803   60.378943549   32.087691341   16.653339395
   -0.285599332   -2.792526803   65.285056501   18.379222239   10.304896302
   -0.095199777   -2.792526803   67.091895928   -0.054990914    4.163165762
    0.095199777   -2.792526803   65.171010514  -20.154881130   -1.511059299
    0.285599332   -2.792526803   59.604996737  -37.504648594   -6.539095085
    0.475998887   -2.792526803   51.403072098  -47.037750712  -10.689893246
    0.666398442   -2.792526803   42.478369745  -44.571498910  -13.641743149
    0.856797996   -2.792526803   35.277717628  -29.137760980  -15.085683587
    1.047197551   -2.792526803   32.007510174   -4.230290409  -14.896294547
    1.237597106   -2.792526803   33.809705175   22.719277501  -13.257823127
    1.427996661   -2.792526803   40.249609674   43.186220252  -10.608001062
    1.618396215   -2.792526803   49.444995782   50.976358582   -7.450456071
    1.808795770   -2.792526803   58.738713945   44.336590689   -4.133597712
    1.999195325   -2.792526803   65.575533517   25.883622879   -0.753528340
    2.189594880   -2.792526803   68.176886660    0.831290503    2.810966671
    2.379994435   -2.792526803   65.846591394  -24.961665404    6.741062986
    2.570393989   -2.792526803   58.964176972  -46.193498083   11.100752390
    2.760793544   -2.792526803   48.808388836  -58.810765175   15.722959976
    2.951193099   -2.792526803   37.277498918  -60.493614471   20.190443727

   -3.141592654   -2.443460953   34.668599795  -45.645228965   22.262161682
   -2.951193099   -2.443460953   27.313524137  -30.901308685   24.433184451
   -2.760793544   -2.443460953   23.105979060  -13.365530332   25.398808517
   -2.570393989   -2.443460953   22.103581834    2.096096003   25.388416165
   -2.379994435   -2.443460953   23.560738264   12.137560539   24.891939890
   -2.189594880   -2.443460953   26.341751695   16.149840700   24.454309592
   -1.999195325   -2.443460953   29.448995397   16.045830918   24.425252763
   -1.808795770   -2.443460953   32.391736651   14.947500517   24.792209203
   -1.618396215   -2.443460953   35.250105190   15.488956199   25.160333258
   -1.427996661   -2.443460953   38.462666200   18.669759291   24.909384459
   -1.237597106   -2.443460953   42.479096472   23.659883483   23.444305653
   -1.047197551   -2.443460953   47.462036354   28.401173174   20.453132118
   -0.856797996   -2.443460953   53.140191079   30.559305710   16.041675111
   -0.666398442   -2.443460953   58.836117197   28.307319590   10.680259460
   -0.475998887   -2.443460953   63.600959478   20.716296670    5.013324537
   -0.285599332   -2.443460953   66.407912438    7.861078463   -0.371939692
   -0.095199777   -2.443460953   66.350000295   -9.046257918   -5.121372331
    0.095199777   -2.443460953   62.883539473  -27.373687083   -9.105819163
    0.285599332   -2.443460953   56.116168042  -42.889816135  -12.314373822
    0.475998887   -2.443460953   47.069047459  -50.496354008  -14.707169476
    0.666398442   -2.443460953   37.681468827  -45.940244716  -16.143624324
    0.856797996   -2.443460953   30.426094526  -28.332098469  -16.448044532
    1.047197551   -2.443460953   27.501434272   -1.456215982  -15.536469246
    1.237597106   -2.443460953   29.978555049   26.939701329  -13.532646223
    1.427996661   -2.443460953   37.306673432   48.191430328  -10.744215364
    1.618396215   -2.443460953   47.486288118   56.253354895   -7.537354893
    1.808795770   -2.443460953   57.794759357   49.716595210   -4.172099821
    1.999195325   -2.443460953   65.677909551   31.541293772   -0.734465362
    2.189594880   -2.443460953   69.409272702    7.093603920    2.846170382
    2.379994435   -2.443460953   68.349658495  -17.868907641    6.683070080
    2.570393989   -2.443460953   62.892614971  -38.370298198   10.795776448
    2.760793544   -2.443460953   54.257723200  -50.791091489   15.022662526
    2.951193099   -2.443460953   44.205477035  -53.152518457   18.998311572

   -3.141592654   -2.094395102   40.911679129  -41.515625599   13.573515304
   -2.951193099   -2.094395102   34.186892357  -28.449008395   14.906515951
   -2.760793544   -2.094395102   30.287218753  -12.536483765   15.520541295
   -2.570393989   -2.094395102   29.323623696    1.781586610   15.530339744
   -2.379994435   -2.094395102   30.667142646   11.371735714   15.159773705
   -2.189594880   -2.094395102   33.306096476   15.484417926   14.625480363
   -1.999195325   -2.094395102   36.308572727   15.586032689   14.014220812
   -1.808795770   -2.094395102   39.151875043   14.251024053   13.228609633
   -1.618396215   -2.094395102   41.790316126   13.726588485   12.023112168
   -1.427996661   -2.094395102   44.495539202   14.982404501   10.127911228
   -1.237597106   -2.094395102   47.583604059   17.575349475    7.386672069
   -1.047197551   -2.094395102   51.187781147   20.109137054    3.862600372
   -0.856797996   -2.094395102   55.140796487   20.926025236   -0.149536968
   -0.666398442   -2.094395102   58.972982612   18.586825088   -4.217253856
   -0.475998887   -2.094395102   61.974631575   12.100790868   -7.915346466
   -0.285599332   -2.094395102   63.307523829    1.065354407  -10.959781173
   -0.095199777   -2.094395102   62.141988145  -13.907364228  -13.300540581
    0.095199777   -2.094395102   57.908480947  -30.640069473  -15.066253393
    0.285599332   -2.094395102   50.635285414  -44.990734366  -16.445843525
    0.475998887   -2.094395102   41.279806506  -51.627430451  -17.532358960
    0.666398442   -2.094395102   31.777409312  -45.965838231  -18.229784610
    0.856797996   -2.094395102   24.645868988  -26.947197010  -18.298342457
    1.047197551   -2.094395102   22.133688353    1.502656430  -17.487879624
    1.237597106   -2.094395102   25.313453629   31.310783964  -15.702735505
    1.427996661   -2.094395102   33.574749137   53.528428099  -13.067543702
    1.618396215   -2.094395102   44.821003272   62.038790783   -9.877745748
    1.808795770   -2.094395102   56.244157296   55.588306330   -6.460257440
    1.999195325   -2.094395102   65.244185172   37.397199204   -3.068182405
    2.189594880   -2.094395102   70.095881283   13.023745009    0.183872429
    2.379994435   -2.094395102   70.183775831  -11.743459002    3.287001585
    2.570393989   -2.094395102   65.911450061  -32.082100854    6.257804357
    2.760793544   -2.094395102   58.467497783  -44.651929799    9.062743503
    2.951193099   -2.094395102   49.527846790  -47.716079641   11.567058530

   -3.141592654   -1.745329252   43.789245466  -39.116558243    5.569546191
   -2.951193099   -1.745329252   37.440297715  -26.942276801    6.099952191
   -2.760793544   -1.745329252   33.731060207  -12.051891955    6.280485839
   -2.570393989   -1.745329252   32.765125495    1.291573261    6.117655393
   -2.379994435   -1.745329252   33.934657050   10.057022636    5.619775514
   -2.189594880   -1.745329252   36.253004899   13.430801091    4.758469873
   -1.999195325   -1.745329252   38.787144303   12.689280329    3.449905295
   -1.808795770   -1.745329252   40.977667257   10.244094405    1.584141562
   -1.618396215   -1.745329252   42.726563656    8.368316581   -0.905741892
   -1.427996661   -1.745329252   44.281725459    8.297032303   -3.962947323
   -1.237597106   -1.745329252   46.002097605   10.008447570   -7.372769084
   -1.047197551   -1.745329252   48.143812572   12.482983991  -10.787523754
   -0.856797996   -1.745329252   50.717338252   14.226999870  -13.811326817
   -0.666398442   -1.745329252   53.431617173   13.656048743  -16.114259802
   -0.475998887   -1.745329252   55.700247272    9.370867569  -17.524423529
   -0.285599332   -1.745329252   56.717105545    0.411717114  -18.067461847
   -0.095199777   -1.745329252   55.579541760  -13.088954595  -17.976400119
    0.095199777   -1.745329252   51.573481259  -29.214466438  -17.601158474
    0.285599332   -1.745329252   44.565272647  -43.733472164  -17.289011303
    0.475998887   -1.745329252   35.398965401  -50.905794517  -17.232291055
    0.666398442   -1.745329252   25.993244331  -45.598562466  -17.366695405
    0.856797996   -1.745329252   18.944605286  -26.322730442  -17.397463803
    1.047197551   -1.745329252   16.631921868    3.074839971  -16.928821225
    1.237597106   -1.745329252   20.237855461   34.239529705  -15.666456316
    1.427996661   -1.745329252   29.187349147   57.770203967  -13.553618861
    1.618396215   -1.745329252   41.333879702   67.149904006  -10.791863657
    1.808795770   -1.745329252   53.766436549   60.965923616   -7.729467879
    1.999195325   -1.745329252   63.774835829   42.536617053   -4.731739895
    2.189594880   -1.745329252   69.560185027   17.665739180   -2.052131443
    2.379994435   -1.745329252   70.483392810   -7.606077660    0.202310201
    2.570393989   -1.745329252   66.960535069  -28.327939739    2.041182467
    2.760793544   -1.745329252   60.201790147  -41.210411234    3.527031790
    2.951193099   -1.745329252   51.882211793  -44.675335109    4.702603566

   -3.141592654   -1.396263402   42.533802604  -39.413335778    2.901274444
   -2.951193099   -1.396263402   36.147166854  -27.044130909    2.656785779
   -2.760793544   -1.396263402   32.431604741  -12.057253840    2.169203286
   -2.570393989   -1.396263402   31.451151204    1.075366460    1.427482420
   -2.379994435   -1.396263402   32.524861617    9.181412188    0.344215111
   -2.189594880   -1.396263402   34.574700499   11.406093850   -1.247037082
   -1.999195325   -1.396263402   36.581196359    9.126052812   -3.528207068
   -1.808795770   -1.396263402   37.934461893    5.027508859   -6.580936247
   -1.618396215   -1.396263402   38.553845241    1.816409246  -10.272447225
   -1.427996661   -1.396263402   38.794193404    1.203722043  -14.218677288
   -1.237597106   -1.396263402   39.201019615    3.505307149  -17.868655842
   -1.047197551   -1.396263402   40.252891724    7.714659924  -20.675036813
   -0.856797996   -1.396263402   42.151458303   11.992240932  -22.264648521
   -0.666398442   -1.396263402   44.703598603   14.160370412  -22.536064335
   -0.475998887   -1.396263402   47.300033745   12.196536626  -21.654777053
   -0.285599332   -1.396263402   49.006439745    4.646683883  -19.972768716
   -0.095199777   -1.396263402   48.719392608   -8.583207897  -17.948533764
    0.095199777   -1.396263402   45.508071119  -25.537958178  -16.036085767
    0.285599332   -1.396263402   39.056766004  -41.646726207  -14.582820080
    0.475998887   -1.396263402   30.116391367  -50.588964167  -13.728245744
    0.666398442   -1.396263402   20.637383721  -46.553921809  -13.348689537
    0.856797996   -1.396263402   13.365603074  -27.519122556  -13.115805283
    1.047197551   -1.396263402   10.895991433    2.789560077  -12.629628482
    1.237597106   -1.396263402   14.603480004   35.662042868  -11.592418008
    1.427996661   -1.396263402   24.004332631   61.032104740   -9.920309071
    1.618396215   -1.396263402   36.909150945   71.711074441   -7.751554721
    1.808795770   -1.396263402   50.262125961   65.891458916   -5.355677165
    1.999195325   -1.396263402   61.167880645   46.894018983   -3.029063087
    2.189594880   -1.396263402   67.676269427   20.830850310   -0.997936737
    2.379994435   -1.396263402   69.071731589   -5.810245584    0.613583482
    2.570393989   -1.396263402   65.774996776  -27.688749329    1.773534650
    2.760793544   -1.396263402   59.061046942  -41.298339666    2.508647903
    2.951193099   -1.396263402   50.692284883  -45.033292446    2.867589806

   -3.141592654   -1.047197551   40.025019548  -42.202568693    4.267196827
   -2.951193099   -1.047197551   33.146276047  -29.366574260    3.170793194
   -2.760793544   -1.047197551   29.051563753  -13.723638101    1.688150597
   -2.570393989   -1.047197551   27.801139648   -0.170638299   -0.082659581
   -2.379994435   -1.047197551   28.630472284    7.730309351   -2.136673228
   -2.189594880   -1.047197551   30.323159235    8.983576243   -4.590880133
   -1.999195325   -1.047197551   31.729709850    5.198103381   -7.610831455
   -1.808795770   -1.047197551   32.189262300   -0.363552617  -11.249529116
   -1.618396215   -1.047197551   31.696989899   -4.290972243  -15.287607519
   -1.427996661   -1.047197551   30.804207890   -4.359411516  -19.195725622
   -1.237597106   -1.047197551   30.311384804   -0.181282686  -22.274818443
   -1.047197551   -1.047197551   30.916917054    6.810663284  -23.919473043
   -0.856797996   -1.047197551   32.929029589   14.051981920  -23.855613789
   -0.666398442   -1.047197551   36.117487589   18.632703957  -22.232413414
   -0.475998887   -1.047197551   39.714954109   18.035885138  -19.536497059
   -0.285599332   -1.047197551   42.566296629   10.625362838  -16.396115899
   -0.095199777   -1.047197551   43.340779537   -3.575965109  -13.389651376
    0.095199777   -1.047197551   40.925842142  -22.270803785  -10.900667196
    0.285599332   -1.047197551   34.906440971  -40.372744945   -9.060922986
    0.475998887   -1.047197551   26.041203242  -50.970965956   -7.771914585
    0.666398442   -1.047197551   16.395936818  -47.759079166   -6.789026396
    0.856797996   -1.047197551    8.901707199  -28.491508099   -5.860534026
    1.047197551   -1.047197551    6.344790925    2.948074439   -4.825651071
    1.237597106   -1.047197551   10.229447929   37.374554784   -3.649697978
    1.427996661   -1.047197551   20.097585907   64.146289252   -2.382509892
    1.618396215   -1.047197551   33.683431064   75.617682278   -1.092997188
    1.808795770   -1.047197551   47.792629507   69.782335316    0.181043027
    1.999195325   -1.047197551   59.377411135   50.022468019    1.423267993
    2.189594880   -1.047197551   66.365546878   22.677617303    2.608077818
    2.379994435   -1.047197551   67.971041273   -5.462552990    3.667432828
    2.570393989   -1.047197551   64.601460792  -28.766032812    4.485851346
    2.760793544   -1.047197551   57.570501295  -43.476373376    4.923716397
    2.951193099   -1.047197551   48.721604226  -47.806088208    4.866611264

   -3.141592654   -0.698131701   40.185817911  -45.441455874    3.804524246
   -2.951193099   -0.698131701   32.620179920  -33.267014615    1.647177367
   -2.760793544   -0.698131701   27.752736724  -17.877842549   -0.895747281
   -2.570393989   -0.698131701   25.706806423   -4.361010319   -3.613291262
   -2.379994435   -0.698131701   25.728765601    3.395030958   -6.420742058
   -2.189594880   -0.698131701   26.555013959    4.152536667   -9.395410826
   -1.999195325   -0.698131701   26.970527429   -0.398215420  -12.665776510
   -1.808795770   -0.698131701   26.301779479   -6.530047781  -16.206586902
   -1.618396215   -0.698131701   24.643204298  -10.182733313  -19.673429629
   -1.427996661   -0.698131701   22.755474939   -8.688788876  -22.426055380
   -1.237597106   -0.698131701   21.686065326   -1.746955748  -23.762626006
   -1.047197551   -0.698131701   22.307093453    8.558949964  -23.253792096
   -0.856797996   -0.698131701   24.945577136   18.750048340  -20.965709462
   -0.666398442   -0.698131701   29.224398308   25.156305785  -17.444705634
   -0.475998887   -0.698131701   34.123719171   24.942747282  -13.486159089
   -0.285599332   -0.698131701   38.222277911   16.637390507   -9.825634979
   -0.095199777   -0.698131701   39.990276518    0.769411574   -6.891566679
    0.095199777   -0.698131701   38.228827780  -19.723064996   -4.715304478
    0.285599332   -0.698131701   32.554781687  -39.186572144   -3.004058382
    0.475998887   -0.698131701   23.845626299  -50.380068242   -1.344149832
    0.666398442   -0.698131701   14.318224852  -47.015097025    0.558501501
    0.856797996   -0.698131701    7.021131724  -27.144179093    2.695816748
    1.047197551   -0.698131701    4.785838133    4.937132024    4.766959410
    1.237597106   -0.698131701    9.090937152   39.731042682    6.368715918
    1.427996661   -0.698131701   19.415496720   66.523455596    7.238213368
    1.618396215   -0.698131701   33.436839745   77.787962294    7.399868257
    1.808795770   -0.698131701   47.934234306   71.687901843    7.129156523
    1.999195325   -0.698131701   59.858061815   51.678245469    6.780135843
    2.189594880   -0.698131701   67.134611116   24.032245896    6.591299847
    2.379994435   -0.698131701   68.955167627   -4.600899130    6.582324124
    2.570393989   -0.698131701   65.678829785  -28.702152519    6.565912550
    2.760793544   -0.698131701   58.560553330  -44.492321496    6.246118974
    2.951193099   -0.698131701   49.405108905  -50.011021796    5.364027741

   -3.141592654   -0.349065850   41.187410165  -49.642803642    2.733849165
   -2.951193099   -0.349065850   32.723953582  -38.398097709   -0.069564809
   -2.760793544   -0.349065850   26.832042830  -23.414117107   -3.166830052
   -2.570393989   -0.349065850   23.726352038   -9.913161247   -6.274519787
   -2.379994435   -0.349065850   22.697388945   -2.105791525   -9.255157096
   -2.189594880   -0.349065850   22.468193726   -1.463096775  -12.152988859
   -1.999195325   -0.349065850   21.796694148   -6.177105369  -15.060456826
   -1.808795770   -0.349065850   20.041861732  -12.031033561  -17.893518346
   -1.618396215   -0.349065850   17.440330599  -14.374487583  -20.241297933
   -1.427996661   -0.349065850   14.980801089  -10.296662684  -21.451472330
   -1.237597106   -0.349065850   13.927767616    0.115239970  -20.931939186
   -1.047197551   -0.349065850   15.238035879   13.834653002  -18.508831261
   -0.856797996   -0.349065850   19.125027485   26.332626728  -14.591483334
   -0.666398442   -0.349065850   24.930063684   33.294708748  -10.031354361
   -0.475998887   -0.349065850   31.292769208   31.922341298   -5.761974176
   -0.285599332   -0.349065850   36.520073724   21.413701660   -2.426361445
   -0.095199777   -0.349065850   38.975021500    3.279809713   -0.141502793
    0.095199777   -0.349065850   37.537958398  -18.628973995    1.478054394
    0.285599332   -0.349065850   32.042331291  -38.182644493    3.090532026
    0.475998887   -0.349065850   23.613151450  -48.298978076    5.270061952
    0.666398442   -0.349065850   14.626255474  -43.440789380    8.185359086
    0.856797996   -0.349065850    8.118671446  -22.606904270   11.460063365
    1.047197551   -0.349065850    6.750678332    9.279666887   14.333505856
    1.237597106   -0.349065850   11.770876780   42.739278058   16.051457402
    1.427996661   -0.349065850   22.493519010   67.676846827   16.243288720
    1.618396215   -0.349065850   36.574234546   77.360929793   15.085997760
    1.808795770   -0.349065850   50.900981768   70.475508064   13.166143113
    1.999195325   -0.349065850   62.584846271   50.483002171   11.167997528
    2.189594880   -0.349065850   69.671662011   23.258514800    9.557031279
    2.379994435   -0.349065850   71.378389784   -5.082398455    8.430514281
    2.570393989   -0.349065850   67.997434536  -29.428557642    7.553004598
    2.760793544   -0.349065850   60.666499593  -46.096918501    6.517282598
    2.951193099   -0.349065850   51.086616528  -52.911476787    4.963632502

   -3.141592654    0.000000000   42.055501494  -54.507854270    0.931988394
   -2.951193099    0.000000000   32.584707034  -43.993372095   -1.795501675
   -2.760793544    0.000000000   25.607477472  -29.102847066   -4.602407085
   -2.570393989    0.000000000   21.451552800  -15.195378966   -7.256654666
   -2.379994435    0.000000000   19.469549070   -6.835665944   -9.668538791
   -2.189594880    0.000000000   18.383364299   -5.755481921  -11.894185797
   -1.999195325    0.000000000   16.932736708  -10.039514976  -13.985727778
   -1.808795770    0.000000000   14.514486251  -15.013808678  -15.793627906
   -1.618396215    0.000000000   11.499853660  -15.551898650  -16.881667177
   -1.427996661    0.000000000    9.067200627   -8.700580961  -16.683734489
   -1.237597106    0.000000000    8.618854737    4.853911944  -14.826103923
   -1.047197551    0.000000000   11.087809248   21.068050029  -11.427612053
   -0.856797996    0.000000000   16.471705244   34.518558652   -7.147014398
   -0.666398442    0.000000000   23.780116325   40.618709676   -2.920429405
   -0.475998887    0.000000000   31.343813655   37.056239475    0.454854869
   -0.285599332    0.000000000   37.307807064   24.057689724    2.654618757
   -0.095199777    0.000000000   40.084732923    4.224305199    3.963439298
    0.095199777    0.000000000   38.783234528  -17.872663576    5.111726743
    0.285599332    0.000000000   33.540246884  -36.070196251    6.928538879
    0.475998887    0.000000000   25.717894954  -43.992524642    9.921926519
    0.666398442    0.000000000   17.742557097  -37.295879910   13.973700430
    0.856797996    0.000000000   12.472846665  -16.076466286   18.304510099
    1.047197551    0.000000000   12.236194745   14.317941035   21.781745042
    1.237597106    0.000000000   17.954542296   44.879559100   23.441345795
    1.427996661    0.000000000   28.774396046   66.616016667   22.917391651
    1.618396215    0.000000000   42.406614331   73.923547006   20.564308432
    1.808795770    0.000000000   55.963897660   66.087142060   17.218577644
    1.999195325    0.000000000   66.827980829   46.438592057   13.791414851
    2.189594880    0.000000000   73.235688710   20.212639642   10.894958189
    2.379994435    0.000000000   74.453520651   -7.245838906    8.690522656
    2.570393989    0.000000000   70.693601665  -31.384884961    6.956870285
    2.760793544    0.000000000   62.944709168  -48.654699002    5.286654094
    2.951193099    0.000000000   52.774448319  -56.608210889    3.326822702

   -3.141592654    0.349065850   43.375470794  -58.344848683    0.472019182
   -2.951193099    0.349065850   33.111636540  -48.400073033   -1.272346323
   -2.760793544    0.349065850   25.273107515  -33.654154804   -2.964634067
   -2.570393989    0.349065850   20.268349965  -19.503800016   -4.526555134
   -2.379994435    0.349065850   17.504381459  -10.722927115   -5.960297531
   -2.189594880    0.349065850   15.720865950   -9.179049668   -7.327184657
   -1.999195325    0.349065850   13.673921833  -12.824366908   -8.631796934
   -1.808795770    0.349065850   10.824775105  -16.635173805   -9.695076129
   -1.618396215    0.349065850    7.673866408  -15.229672601  -10.135183086
   -1.427996661    0.349065850    5.538019643   -5.849220553   -9.538642881
   -1.237597106    0.349065850    5.870111556   10.099902359   -7.726781675
   -1.047197551    0.349065850    9.489910052   27.665320042   -4.948765835
   -0.856797996    0.349065850   16.132926075   40.869987037   -1.830975542
   -0.666398442    0.349065850   24.508725492   45.300065427    0.920432080
   -0.475998887    0.349065850   32.750299297   39.479856170    2.879042866
   -0.285599332    0.349065850   38.995790558   24.764797934    4.106472318
   -0.095199777    0.349065850   41.852825860    4.640076617    5.150664731
    0.095199777    0.349065850   40.740995812  -16.024956844    6.783587686
    0.285599332    0.349065850   36.093471836  -31.532323096    9.637778747
    0.475998887    0.349065850   29.414389232  -36.613463600   13.852189071
    0.666398442    0.349065850   23.028735302  -28.292478003   18.899421166
    0.856797996    0.349065850   19.457990560   -7.664054117   23.699120691
    1.047197551    0.349065850   20.579957579   19.828697075   27.017755217
    1.237597106    0.349065850   26.947634801   46.071632228   27.988477597
    1.427996661    0.349065850   37.573509111   63.528951447   26.456632423
    1.618396215    0.349065850   50.309752523   67.901646087   22.992843562
    1.808795770    0.349065850   62.593506551   59.063762531   18.580108094
    1.999195325    0.349065850   72.162179347   40.078559163   14.201019370
    2.189594880    0.349065850   77.498269548   15.380109785   10.497667147
    2.379994435    0.349065850   77.945347172  -10.576414870    7.665262656
    2.570393989    0.349065850   73.645726234  -33.862834037    5.545162442
    2.760793544    0.349065850   65.439630514  -51.108897301    3.811239313
    2.951193099    0.349065850   54.751990924  -59.658360581    2.169820639

   -3.141592654    0.698131701   45.053048514  -59.331957060   -0.502020251
   -2.951193099    0.698131701   34.560528332  -49.814114878   -0.900559930
   -2.760793544    0.698131701   26.405785722  -35.541886912   -1.102441661
   -2.570393989    0.698131701   21.001587982  -21.785154975   -1.244296975
   -2.379994435    0.698131701   17.776138801  -13.253078470   -1.461448017
   -2.189594880    0.698131701   15.502103732  -11.753252445   -1.841256708
   -1.999195325    0.698131701   12.985932218  -15.109831538   -2.369715771
   -1.808795770    0.698131701    9.766398845  -18.151424453   -2.904678454
   -1.618396215    0.698131701    6.440660297  -15.479522954   -3.209187817
   -1.427996661    0.698131701    4.400147121   -4.594692665   -3.065895744
   -1.237597106    0.698131701    5.097615850   12.589926708   -2.404648536
   -1.047197551    0.698131701    9.252196865   30.630932203   -1.362198072
   -0.856797996    0.698131701   16.431843403   43.402532594   -0.207696150
   -0.666398442    0.698131701   25.198433893   46.838858097    0.848268571
   -0.475998887    0.698131701   33.643891710   40.168978315    1.828206670
   -0.285599332    0.698131701   40.005451028   25.492016638    3.036490921
   -0.095199777    0.698131701   43.105732279    6.686401971    4.976017138
    0.095199777    0.698131701   42.602941396  -11.529712656    8.106780073
    0.285599332    0.698131701   39.083438379  -24.200933749   12.584357767
    0.475998887    0.698131701   34.022651631  -27.164731233   18.051056352
    0.666398442    0.698131701   29.502791206  -18.510347920   23.617856596
    0.856797996    0.698131701   27.645272493    0.158411290   28.093188812
    1.047197551    0.698131701   29.909913416   23.754856846   30.403219169
    1.237597106    0.698131701   36.577252596   45.274851865   30.018206021
    1.427996661    0.698131701   46.634270626   58.555043973   27.143318072
    1.618396215    0.698131701   58.147518699   60.346382846   22.588095012
    1.808795770    0.698131701   68.902196826   50.876390070   17.395026519
    1.999195325    0.698131701   76.983919811   32.859237923   12.471874887
    2.189594880    0.698131701   81.113370744    9.998344126    8.354907554
    2.379994435    0.698131701   80.724752693  -14.009466632    5.199070886
    2.570393989    0.698131701   75.925943077  -35.774209675    2.909938803
    2.760793544    0.698131701   67.449258562  -52.150216049    1.298933891
    2.951193099    0.698131701   56.595000713  -60.449174239    0.200007904

   -3.141592654    1.047197551   43.556572971  -59.945711426   -4.963088438
   -2.951193099    1.047197551   33.042085909  -49.454423516   -4.361988575
   -2.760793544    1.047197551   25.021172506  -34.556154297   -3.326924559
   -2.570393989    1.047197551   19.830144209  -20.598040012   -2.184957299
   -2.379994435    1.047197551   16.818693552  -12.236826443   -1.227653743
   -2.189594880    1.047197551   14.703295558  -11.114928092   -0.620785125
   -1.999195325    1.047197551   12.271071327  -14.850472074   -0.380126114
   -1.808795770    1.047197551    9.076352442  -18.119285978   -0.415536311
   -1.618396215    1.047197551    5.750163954  -15.493405984   -0.602878365
   -1.427996661    1.047197551    3.711106794   -4.565353369   -0.841938219
   -1.237597106    1.047197551    4.415712461   12.612486949   -1.062422531
   -1.047197551    1.047197551    8.566741728   30.545917332   -1.189623849
   -0.856797996    1.047197551   15.720977824   43.242111641   -1.101462813
   -0.666398442    1.047197551   24.473398405   46.938150796   -0.594335266
   -0.475998887    1.047197551   33.013905387   41.198375836    0.599058078
   -0.285599332    1.047197551   39.728131823   28.310213299    2.748723295
   -0.095199777    1.047197551   43.594705376   12.000956627    6.046621576
    0.095199777    1.047197551   44.361437901   -3.543418062   10.474648901
    0.285599332    1.047197551   42.571225694  -14.211516741   15.701526003
    0.475998887    1.047197551   39.486471823  -16.717468928   21.036531120
    0.666398442    1.047197551   36.835539596   -9.685039014   25.531669468
    0.856797996    1.047197551   36.345331063    5.422658791   28.248793172
    1.047197551    1.047197551   39.178644609   24.382321070   28.586093102
    1.237597106    1.047197551   45.527380757   41.431233673   26.510129740
    1.427996661    1.047197551   54.518455736   51.472713562   22.547305859
    1.618396215    1.047197551   64.510778445   51.734189724   17.547931031
    1.808795770    1.047197551   73.605158991   42.260700389   12.353466379
    1.999195325    1.047197551   80.126195693   25.180689042    7.571405346
    2.189594880    1.047197551   82.914178787    3.598721491    3.500568841
    2.379994435    1.047197551   81.428242673  -19.155873937    0.219323851
    2.570393989    1.047197551   75.759390535  -39.780772080   -2.276744911
    2.760793544    1.047197551   66.624354617  -55.051715526   -3.984798083
    2.951193099    1.047197551   55.324797135  -62.203844002   -4.877414307

   -3.141592654    1.396263402   38.717427461  -59.795882829  -11.030306373
   -2.951193099    1.396263402   28.432256855  -47.258762562  -10.245830062
   -2.760793544    1.396263402   20.974124354  -30.979295716   -8.702649761
   -2.570393989    1.396263402   16.523969058  -16.545735747   -6.768471541
   -2.379994435    1.396263402   14.261144209   -8.539454315   -4.804108951
   -2.189594880    1.396263402   12.770549479   -8.306576974   -3.046903480
   -1.999195325    1.396263402   10.770072611  -13.138463417   -1.593020842
   -1.808795770    1.396263402    7.796556894  -17.500023917   -0.470089617
   -1.618396215    1.396263402    4.491963321  -15.869265348    0.287491118
   -1.427996661    1.396263402    2.301448245   -5.744771236    0.638782157
   -1.237597106    1.396263402    2.732934197   10.994686126    0.622875904
   -1.047197551    1.396263402    6.582425702   29.104131357    0.443931934
   -0.856797996    1.396263402   13.543179710   42.788548350    0.466010711
   -0.666398442    1.396263402   22.370763715   48.305551204    1.112764184
   -0.475998887    1.396263402   31.397873726   45.013073805    2.716868834
   -0.285599332    1.396263402   39.092101202   34.782481908    5.412632888
   -0.095199777    1.396263402   44.420166968   20.764079826    9.099651243
    0.095199777    1.396263402   46.999625404    6.515870650   13.422009396
    0.285599332    1.396263402   47.128371462   -4.406350367   17.786908577
    0.475998887    1.396263402   45.743629436   -8.963973055   21.433775885
    0.666398442    1.396263402   44.246776376   -5.516276430   23.600938558
    0.856797996    1.396263402   44.141522544    5.265054577   23.783365146
    1.047197551    1.396263402   46.550779460   20.226004422   21.927625384
    1.237597106    1.396263402   51.819566090   34.489463857   18.458615894
    1.427996661    1.396263402   59.346280002   43.277608794   14.089930996
    1.618396215    1.396263402   67.762970556   43.529124998    9.532411356
    1.808795770    1.396263402   75.348672974   34.664870968    5.253448521
    1.999195325    1.396263402   80.489289857   18.249963784    1.428440278
    2.189594880    1.396263402   82.007163171   -2.841196483   -1.967672836
    2.379994435    1.396263402   79.335174428  -25.152875672   -4.990976357
    2.570393989    1.396263402   72.585725700  -45.054596177   -7.599963261
    2.760793544    1.396263402   62.558503901  -59.031713483   -9.624141865
    2.951193099    1.396263402   50.672221438  -64.279430508  -10.825840116

   -3.141592654    1.745329252   32.307400276  -59.552867530  -16.747389045
   -2.951193099    1.745329252   22.295131047  -44.704853477  -16.138920692
   -2.760793544    1.745329252   15.492829683  -26.801301783  -14.453278964
   -2.570393989    1.745329252   11.914525610  -11.737290621  -12.002314727
   -2.379994435    1.745329252   10.552713100   -4.010461189   -9.145231283
   -2.189594880    1.745329252    9.850028876   -4.622070238   -6.157318325
   -1.999195325    1.745329252    8.450725035  -10.531344329   -3.201887230
   -1.808795770    1.745329252    5.865453825  -16.039484468   -0.405528247
   -1.618396215    1.745329252    2.729705405  -15.554294244    2.059664417
   -1.427996661    1.745329252    0.503132638   -6.389710705    3.989855104
   -1.237597106    1.745329252    0.761862489    9.943273865    5.273907614
   -1.047197551    1.745329252    4.446640759   28.591260010    6.019803256
   -0.856797996    1.745329252   11.446473526   43.868574062    6.562475888
   -0.666398442    1.745329252   20.694563357   51.711605766    7.332473841
   -0.475998887    1.745329252   30.606122066   50.850028474    8.658344673
   -0.285599332    1.745329252   39.602130043   42.474386315   10.628008191
   -0.095199777    1.745329252   46.486229332   29.197365120   13.055075936
    0.095199777    1.745329252   50.631130072   14.272840918   15.508837709
    0.285599332    1.745329252   52.055115625    1.207103937   17.407450377
    0.475998887    1.745329252   51.437717805   -6.676154243   18.162260730
    0.666398442    1.745329252   50.012812646   -7.050084229   17.366127041
    0.856797996    1.745329252   49.277401319    0.339571682   14.992983962
    1.047197551    1.745329252   50.521526193   13.171390256   11.444996432
    1.237597106    1.745329252   54.371741467   26.891176456    7.407275314
    1.427996661    1.745329252   60.504849322   36.382108601    3.554695995
    1.618396215    1.745329252   67.720797460   37.815150532    0.282391512
    1.808795770    1.745329252   74.313203354   29.854668951   -2.402711578
    1.999195325    1.745329252   78.573094200   13.697333645   -4.765261365
    2.189594880    1.745329252   79.203651644   -7.661960586   -7.122485130
    2.379994435    1.745329252   75.577431711  -30.313428591   -9.635060041
    2.570393989    1.745329252   67.846372615  -50.080811407  -12.209960784
    2.760793544    1.745329252   56.940277090  -63.068746364  -14.526764061
    2.951193099    1.745329252   44.450151145  -66.440289037  -16.159796032

   -3.141592654    2.094395102   25.351464244  -60.298247436  -18.239903598
   -2.951193099    2.094395102   15.409497775  -43.241762060  -17.513604377
   -2.760793544    2.094395102    9.077892028  -23.411454725  -15.629865712
   -2.570393989    2.094395102    6.282831817   -7.014220756  -12.856149495
   -2.379994435    2.094395102    5.897176562    1.425655425   -9.524163758
   -2.189594880    2.094395102    6.260302371    1.075667292   -5.889076075
   -1.999195325    2.094395102    5.946720548   -4.873206095   -2.099983781
   -1.808795770    2.094395102    4.412751931  -10.714909517    1.709100448
   -1.618396215    2.094395102    2.231307718  -10.922227965    5.312032220
   -1.427996661    2.094395102    0.796881673   -2.736343366    8.393784059
   -1.237597106    2.094395102    1.656800290   12.634919023   10.689835953
   -1.047197551    2.094395102    5.794282405   30.744647852   12.149329147
   -0.856797996    2.094395102   13.204401503   46.125767363   12.979217750
   -0.666398442    2.094395102   22.935622078   54.576079547   13.520898960
   -0.475998887    2.094395102   33.460675692   54.388402079   14.043989186
   -0.285599332    2.094395102   43.162980199   46.239666747   14.599405467
   -0.095199777    2.094395102   50.720450267   32.338727513   14.991386754
    0.095199777    2.094395102   55.324137810   15.778016761   14.848743939
    0.285599332    2.094395102   56.806840179    0.198675295   13.762377051
    0.475998887    2.094395102   55.720981910  -10.608706339   11.455600923
    0.666398442    2.094395102   53.289563402  -13.554512122    7.941911696
    0.856797996    2.094395102   51.153884697   -7.609242098    3.628680618
    1.047197551    2.094395102   50.870281856    5.346049144   -0.773771541
    1.237597106    2.094395102   53.357481546   20.577844661   -4.511953832
    1.427996661    2.094395102   58.489989005   32.211270057   -7.109186842
    1.618396215    2.094395102   65.097021539   35.468586154   -8.555901976
    1.808795770    2.094395102   71.339869705   28.342608278   -9.270596030
    1.999195325    2.094395102   75.301462275   11.915679821   -9.856663861
    2.189594880    2.094395102   75.504727543  -10.431306588  -10.816099619
    2.379994435    2.094395102   71.243979186  -34.160666870  -12.350572939
    2.570393989    2.094395102   62.714760613  -54.483893584  -14.314896685
    2.760793544    2.094395102   50.987026027  -67.123361217  -16.292724079
    2.951193099    2.094395102   37.834711083  -69.186819778  -17.754533611

   -3.141592654    2.443460953   19.417538296  -60.488625934  -13.004619576
   -2.951193099    2.443460953    9.624021971  -41.501939351  -12.031545465
   -2.760793544    2.443460953    3.798967851  -19.898767306  -10.176755003
   -2.570393989    2.443460953    1.810167334   -2.140685962   -7.590455173
   -2.379994435    2.443460953    2.448430089    7.244781641   -4.454168214
   -2.189594880    2.443460953    3.987579936    7.572450202   -0.881870305
   -1.999195325    2.443460953    4.960604961    2.103869316    3.077944491
   -1.808795770    2.443460953    4.777612869   -3.578599594    7.330001013
   -1.618396215    2.443460953    3.928268732   -4.178071524   11.609273420
   -1.427996661    2.443460953    3.689668090    2.978291721   15.474967262
   -1.237597106    2.443460953    5.503029161   16.891249949   18.457176809
   -1.047197551    2.443460953   10.308861157   33.538675110   20.260895494
   -0.856797996    2.443460953   18.137888536   47.799845847   20.876606823
   -0.666398442    2.443460953   28.114417565   55.523316356   20.514663479
   -0.475998887    2.443460953   38.765025361   54.747253801   19.427909220
   -0.285599332    2.443460953   48.463720975   45.772919192   17.750291246
   -0.095199777    2.443460953   55.813998535   30.527576090   15.437255037
    0.095199777    2.443460953   59.899799105   12.063681621   12.328753306
    0.285599332    2.443460953   60.466250280   -5.728234708    8.297577599
    0.475998887    2.443460953   58.052831571  -18.544412886    3.420921722
    0.666398442    2.443460953   53.982313318  -22.631790475   -1.913817751
    0.856797996    2.443460953   50.115639160  -16.441935504   -7.015566287
    1.047197551    2.443460953   48.291628566   -1.767058030  -11.095170720
    1.237597106    2.443460953   49.673115145   16.178999530  -13.567343163
    1.427996661    2.443460953   54.241690656   30.626724113  -14.304723134
    1.618396215    2.443460953   60.756688480   35.902119118  -13.687597191
    1.808795770    2.443460953   67.171108003   29.490669002  -12.426222849
    1.999195325    2.443460953   71.317078724   12.534401000  -11.259661574
    2.189594880    2.443460953   71.522606532  -11.087904749  -10.690451647
    2.379994435    2.443460953   67.002902898  -36.175242426  -10.864081534
    2.570393989    2.443460953   57.997663665  -57.340193546  -11.596902621
    2.760793544    2.443460953   45.714044800  -69.944036026  -12.491907928
    2.951193099    2.443460953   32.102979610  -71.040096714  -13.089272568

   -3.141592654    2.792526803   16.282649868  -59.909245571    1.056124311
   -2.951193099    2.792526803    6.707752045  -39.779275260    3.012366190
   -2.760793544    2.792526803    1.326732007  -16.978185498    4.936763864
   -2.570393989    2.792526803    0.000000000    1.861555602    6.783885064
   -2.379994435    2.792526803    1.491872893   12.185345935    8.666934162
   -2.189594880    2.792526803    4.055206712   13.379151273   10.844153029
   -1.999195325    2.792526803    6.212522239    8.716629318   13.583033878
   -1.808795770    2.792526803    7.350143935    3.616516426   16.953994752
   -1.618396215    2.792526803    7.886744768    3.068625979   20.677809466
   -1.427996661    2.792526803    8.971856281    9.495473076   24.153095673
   -1.237597106    2.792526803   11.892849473   21.894291053   26.673398510
   -1.047197551    2.792526803   17.463534093   36.518061344   27.719748287
   -0.856797996    2.792526803   25.653136451   48.607580520   27.146129796
   -0.666398442    2.792526803   35.583415835   54.244775518   25.150140042
   -0.475998887    2.792526803   45.800161803   51.472210538   22.088950405
   -0.285599332    2.792526803   54.682814907   40.457801095   18.276816283
   -0.095199777    2.792526803   60.817891305   23.066101845   13.879079861
    0.095199777    2.792526803   63.281240757    2.523487030    8.949633510
    0.285599332    2.792526803   61.869776889  -16.829538085    3.566281033
    0.475998887    2.792526803   57.277275200  -30.105656695   -2.020222307
    0.666398442    2.792526803   51.083113941  -33.088842799   -7.325060752
    0.856797996    2.792526803   45.457408219  -24.210847222  -11.695582703
    1.047197551    2.792526803   42.498861927   -5.796414117  -14.532855465
    1.237597106    2.792526803   43.484673695   15.993424292  -15.546379327
    1.427996661    2.792526803   48.320274609   33.413649024  -14.888611963
    1.618396215    2.792526803   55.533577330   40.197526076  -13.086940876
    1.808795770    2.792526803   62.787508951   33.799845245  -10.809366306
    1.999195325    2.792526803   67.666552193   15.808644673   -8.607521336
    2.189594880    2.792526803   68.357788960   -9.272369999   -6.753889368
    2.379994435    2.792526803   64.050380410  -35.698781740   -5.238014291
    2.570393989    2.792526803   55.043875676  -57.732619132   -3.873120861
    2.760793544    2.792526803   42.651816074  -70.587514718   -2.437968582
    2.951193099    2.792526803   28.944630840  -71.320645595   -0.796170167
