#! FIELDS phi psi file.free der_phi der_psi
#! SET min_phi -pi
#! SET max_phi pi
#! SET nbins_phi  33
#! SET periodic_phi true
#! SET min_psi -pi
#! SET max_psi pi
#! SET nbins_psi  18
#! SET periodic_psi true
   -3.141592654   -3.141592654   17.944091794  -54.527428544   17.381656606
   -2.951193099   -3.141592654    9.337683282  -35.187047599   19.860148691
   -2.760793544   -3.141592654    4.697010874  -13.874815325   21.307288021
   -2.570393989   -3.141592654    3.819070763    3.534014388   21.937642353
   -2.379994435   -3.141592654    5.557686516   13.269538918   22.244170354
   -2.189594880   -3.141592654    8.369281843   15.089335888   22.842043297
   -1.999195325   -3.141592654   10.994065343   12.015582951   24.229021042
   -1.808795770   -3.141592654   12.937894281    8.742527152   26.558350302
   -1.618396215   -3.141592654   14.582421328    9.400810419   29.511907926
   -1.427996661   -3.141592654   16.896271855   15.833770681   32.373424183
   -1.237597106   -3.141592654   20.923430814   26.969067151   34.274557135
   -1.047197551   -3.141592654   27.266617157   39.449148085   34.509092996
   -0.856797996   -3.141592654   35.779130334   49.042139696   32.758044210
   -0.666398442   -3.141592654   45.551758491   52.156904692   29.118030200
   -0.475998887   -3.141592654   55.130094347   46.837120893   23.976977761
   -0.285599332   -3.141592654   62.875197854   33.097513825   17.834264407
   -0.095199777   -3.141592654   67.336123372   12.825924608   11.166471936
    0.095199777   -3.141592654   67.592214070  -10.334373232    4.402796058
    0.285599332   -3.141592654   63.557872212  -31.291996334   -2.032806714
    0.475998887   -3.141592654   56.195096821  -44.414630567   -7.669956089
    0.666398442   -3.141592654   47.459597743  -45.130391880  -12.012829187
    0.856797996   -3.141592654   39.905067613  -32.193280288  -14.648635407
    1.047197551   -3.141592654   35.890855654   -8.853046347  -15.415028781
    1.237597106   -3.141592654   36.746264996   17.534364568  -14.509772624
    1.427996661   -3.141592654   42.212311334   38.202896771  -12.431289337
    1.618396215   -3.141592654   50.503125297   46.415050102   -9.766596995
    1.808795770   -3.141592654   58.940167762   39.772473662   -6.941409954
    1.999195325   -3.141592654   64.847343726   20.544507336   -4.090600592
    2.189594880   -3.141592654   66.308575767   -5.863082492   -1.094156713
    2.379994435   -3.141592654   62.574033479  -32.938065188    2.245081305
    2.570393989   -3.141592654   54.111351920  -54.634257023    6.007003998
    2.760793544   -3.141592654   42.403004111  -66.459662949   10.043909166
    2.951193099   -3.141592654   29.586783225  -66.193436059   13.988026266

   -3.141592654   -2.792526803   25.761868349  -49.839424970   25.756699757
   -2.951193099   -2.792526803   17.821070950  -32.918240005   28.002948918
   -2.760793544   -2.792526803   13.395870630  -13.780004006   28.893204074
   -2.570393989   -2.792526803   12.397723103    2.375464270   28.800525728
   -2.379994435   -2.792526803   13.900830837   12.187163215   28.387811531
   -2.189594880   -2.792526803   16.618641161   15.368463715   28.374648357
   -1.999195325   -2.792526803   19.492931559   14.423869363   29.250588941
   -1.808795770   -2.792526803   22.098516551   13.191779171   31.064647012
   -1.618396215   -2.792526803   24.710492830   14.880784261   33.353349177
   -1.427996661   -2.792526803   28.035088428   20.665482406   35.278086366
   -1.237597106   -2.792526803   32.771987028   29.317416580   35.909466538
   -1.047197551   -2.792526803   39.206864285   37.906993797   34.559110974
   -0.856797996   -2.792526803   47.002759003   43.055573050   31.008045985
   -0.666398442   -2.792526803   55.236365456   42.128223145   25.531098429
   -0.475998887   -2.792526803   62.606295370   33.918776582   18.752800738
   -0.285599332   -2.792526803   67.736127967   18.818710082   11.421805968
   -0.095199777   -2.792526803   69.473226731   -1.253017277    4.212190652
    0.095199777   -2.792526803   67.176867694  -22.858805325   -2.343518154
    0.285599332   -2.792526803   60.992225999  -41.197376341   -7.838699609
    0.475998887   -2.792526803   52.053126743  -50.969636763  -11.940555449
    0.666398442   -2.792526803   42.418228822  -48.001366471  -14.389272716
    0.856797996   -2.792526803   34.656966739  -31.553842590  -15.073603780
    1.047197551   -2.792526803   31.042817923   -5.433916379  -14.123215047
    1.237597106   -2.792526803   32.725779456   22.624654028  -11.935761253
    1.427996661   -2.792526803   39.228888215   43.858034621   -9.047952469
    1.618396215   -2.792526803   48.588447636   51.930041231   -5.922738071
    1.808795770   -2.792526803   58.048988963   45.044267592   -2.766869109
    1.999195325   -2.792526803   64.964851045   25.958058917    0.493209281
    2.189594880   -2.792526803   67.512731016    0.211514734    4.094211214
    2.379994435   -2.792526803   65.023362796  -25.933707162    8.228401035
    2.570393989   -2.792526803   57.970194477  -46.921140551   12.867782153
    2.760793544   -2.792526803   47.744166815  -58.769317907   17.701029222
    2.951193099   -2.792526803   36.311387806  -59.541478047   22.190387358

   -3.141592654   -2.443460953   34.408989278  -44.815594314   23.325704567
   -2.951193099   -2.443460953   27.208662524  -30.189588077   25.140714451
   -2.760793544   -2.443460953   23.097248922  -13.119110256   25.787810239
   -2.570393989   -2.443460953   22.089635513    1.790430816   25.583418081
   -2.379994435   -2.443460953   23.452449821   11.491910938   25.055779032
   -2.189594880   -2.443460953   26.110326793   15.563261131   24.745310345
   -1.999195325   -2.443460953   29.146599407   15.942744771   24.973838169
   -1.808795770   -2.443460953   32.143233330   15.648188742   25.700294059
   -1.618396215   -2.443460953   35.225318852   17.127749843   26.493602477
   -1.427996661   -2.443460953   38.835392718   21.161156000   26.674258405
   -1.237597106   -2.443460953   43.385459959   26.685906212   25.553091796
   -1.047197551   -2.443460953   48.958244492   31.461627409   22.697363629
   -0.856797996   -2.443460953   55.176825643   33.066167793   18.103037775
   -0.666398442   -2.443460953   61.253929733   29.714387373   12.193139779
   -0.475998887   -2.443460953   66.151845650   20.659010199    5.669751675
   -0.285599332   -2.443460953   68.800837230    6.261788642   -0.708610824
   -0.095199777   -2.443460953   68.311766371  -11.914925182   -6.340067310
    0.095199777   -2.443460953   64.224008760  -30.928304295  -10.849213674
    0.285599332   -2.443460953   56.774090112  -46.391509441  -14.070440425
    0.475998887   -2.443460953   47.120635272  -53.286952486  -15.963972665
    0.666398442   -2.443460953   37.303029370  -47.646909896  -16.548835537
    0.856797996   -2.443460953   29.830648195  -28.947629276  -15.908709237
    1.047197551   -2.443460953   26.874870212   -1.235331373  -14.220081439
    1.237597106   -2.443460953   29.445983223   27.640991447  -11.772989399
    1.427996661   -2.443460953   36.927560819   49.040774473   -8.899483576
    1.618396215   -2.443460953   47.262505383   56.986912807   -5.859193717
    1.808795770   -2.443460953   57.682433812   50.114575314   -2.742095924
    1.999195325   -2.443460953   65.598029232   31.464808883    0.520886648
    2.189594880   -2.443460953   69.271016272    6.569141149    4.075134506
    2.379994435   -2.443460953   68.087825535  -18.594883082    8.009220616
    2.570393989   -2.443460953   62.505059199  -38.912276657   12.243712992
    2.760793544   -2.443460953   53.812712048  -50.829444181   16.501272499
    2.951193099   -2.443460953   43.810048887  -52.631742056   20.345818890

   -3.141592654   -2.094395102   40.748006049  -41.174105260   13.600111520
   -2.951193099   -2.094395102   34.089280003  -28.153245345   14.766121307
   -2.760793544   -2.094395102   30.223706658  -12.508760690   15.293159555
   -2.570393989   -2.094395102   29.237015515    1.509142724   15.327154327
   -2.379994435   -2.094395102   30.515336731   10.993696095   15.083360086
   -2.189594880   -2.094395102   33.100080025   15.342915397   14.746170166
   -1.999195325   -2.094395102   36.128464671   16.047495688   14.365358914
   -1.808795770   -2.094395102   39.139590210   15.572366761   13.816880504
   -1.618396215   -2.094395102   42.118460795   15.951080533   12.826718528
   -1.427996661   -2.094395102   45.318398695   17.881547057   11.082089167
   -1.237597106   -2.094395102   48.986070678   20.645608749    8.364937743
   -1.047197551   -2.094395102   53.140048683   22.682767629    4.671540883
   -0.856797996   -2.094395102   57.484029948   22.351382929    0.256680802
   -0.666398442   -2.094395102   61.442346008   18.430676520   -4.426741776
   -0.475998887   -2.094395102   64.256595229   10.304582656   -8.853763941
   -0.285599332   -2.094395102   65.117644794   -2.015183063  -12.571571786
   -0.095199777   -2.094395102   63.298374776  -17.569640920  -15.336360499
    0.095199777   -2.094395102   58.381205704  -34.031186644  -17.124944464
    0.285599332   -2.094395102   50.549840836  -47.375473336  -18.081191052
    0.475998887   -2.094395102   40.870398681  -52.638026982  -18.391479789
    0.666398442   -2.094395102   31.302645404  -45.708898835  -18.166282450
    0.856797996   -2.094395102   24.305311171  -25.910408039  -17.412159233
    1.047197551   -2.094395102   22.018243408    2.727747284  -16.073135756
    1.237597106   -2.094395102   25.412820649   32.286296098  -14.129134018
    1.427996661   -2.094395102   33.821450536   54.083710365  -11.649886428
    1.618396215   -2.094395102   45.136009026   62.205312620   -8.786328298
    1.808795770   -2.094395102   56.560538477   55.438824124   -5.705982860
    1.999195325   -2.094395102   65.506007430   36.968491480   -2.549824090
    2.189594880   -2.094395102   70.253894274   12.362355652    0.598037556
    2.379994435   -2.094395102   70.205025104  -12.498593823    3.687571288
    2.570393989   -2.094395102   65.799428542  -32.701337968    6.657762172
    2.760793544   -2.094395102   58.269064226  -44.929227668    9.406972636
    2.951193099   -2.094395102   49.316278022  -47.606522046   11.776766591

   -3.141592654   -1.745329252   43.492891510  -38.830996949    4.958035181
   -2.951193099   -1.745329252   37.207409977  -26.607694314    5.559637428
   -2.760793544   -1.745329252   33.551005327  -11.864462214    5.897881644
   -2.570393989   -1.745329252   32.602846726    1.282548079    5.954430058
   -2.379994435   -1.745329252   33.763370844    9.997076157    5.688932234
   -2.189594880   -1.745329252   36.088920624   13.606594804    5.023506656
   -1.999195325   -1.745329252   38.705446460   13.420642232    3.839829041
   -1.808795770   -1.745329252   41.106675973   11.736254228    2.015657825
   -1.618396215   -1.745329252   43.213710577   10.592693800   -0.520159804
   -1.427996661   -1.745329252   45.240104803   10.933419702   -3.717540194
   -1.237597106   -1.745329252   47.458245447   12.471904913   -7.372302419
   -1.047197551   -1.745329252   49.999562765   14.091502200  -11.140341965
   -0.856797996   -1.745329252   52.753036258   14.426923421  -14.604008847
   -0.666398442   -1.745329252   55.352157841   12.235700766  -17.373938566
   -0.475998887   -1.745329252   57.212950035    6.577490185  -19.181013038
   -0.285599332   -1.745329252   57.618315901   -3.092522653  -19.934466849
   -0.095199777   -1.745329252   55.818501562  -16.396240670  -19.767571943
    0.095199777   -1.745329252   51.273233923  -31.459373280  -18.990027462
    0.285599332   -1.745329252   43.985011545  -44.396956972  -18.000548859
    0.475998887   -1.745329252   34.846706184  -50.015973991  -17.137178592
    0.666398442   -1.745329252   25.718211202  -43.715104460  -16.533263710
    0.856797996   -1.745329252   19.057819139  -24.286071407  -16.075515729
    1.047197551   -1.745329252   17.088162103    4.537928202  -15.464540251
    1.237597106   -1.745329252   20.888614452   34.799167134  -14.386664141
    1.427996661   -1.745329252   29.865293133   57.532931916  -12.669410592
    1.618396215   -1.745329252   41.918651800   66.459394134  -10.360079899
    1.808795770   -1.745329252   54.202701143   60.125446272   -7.682202830
    1.999195325   -1.745329252   64.049222930   41.672278941   -4.942964268
    2.189594880   -1.745329252   69.670434035   16.791135736   -2.407267860
    2.379994435   -1.745329252   70.430107510   -8.449243356   -0.230164281
    2.570393989   -1.745329252   66.761342037  -29.006017880    1.549529431
    2.760793544   -1.745329252   59.903242781  -41.567824281    2.973524976
    2.951193099   -1.745329252   51.553296136  -44.658875465    4.097509137

   -3.141592654   -1.396263402   41.836873215  -38.737164461    2.745480629
   -2.951193099   -1.396263402   35.600064842  -26.199512111    2.640784727
   -2.760793544   -1.396263402   32.040461163  -11.310703640    2.367965754
   -2.570393989   -1.396263402   31.181404030    1.577974091    1.867203997
   -2.379994435   -1.396263402   32.331763831    9.495152461    0.987239428
   -2.189594880   -1.396263402   34.441808805   11.756004359   -0.490237267
   -1.999195325   -1.396263402   36.542150498    9.801464561   -2.771254051
   -1.808795770   -1.396263402   38.072366488    6.219588542   -5.933124690
   -1.618396215   -1.396263402   38.969327697    3.493638758   -9.825563169
   -1.427996661   -1.396263402   39.554697002    3.066733791  -14.044996027
   -1.237597106   -1.396263402   40.295429010    5.036541565  -18.020269090
   -1.047197551   -1.396263402   41.564495411    8.366278530  -21.175203133
   -0.856797996   -1.396263402   43.473299099   11.399787859  -23.089948516
   -0.666398442   -1.396263402   45.791414891   12.315566063  -23.598337403
   -0.475998887   -1.396263402   47.947648850    9.509124155  -22.793634424
   -0.285599332   -1.396263402   49.119610123    1.847871419  -20.969700523
   -0.095199777   -1.396263402   48.358082423  -10.645131055  -18.566329457
    0.095199777   -1.396263402   44.881079626  -26.198896245  -16.077608001
    0.285599332   -1.396263402   38.458872756  -40.707813406  -13.952468954
    0.475998887   -1.396263402   29.824267003  -48.442607976  -12.474718274
    0.666398442   -1.396263402   20.803730174  -44.061410297  -11.663388070
    0.856797996   -1.396263402   13.962516771  -25.648668330  -11.284464035
    1.047197551   -1.396263402   11.736607153    3.410341545  -10.947070304
    1.237597106   -1.396263402   15.436012105   34.993331885  -10.276598521
    1.427996661   -1.396263402   24.622472669   59.542731323   -9.058861264
    1.618396215   -1.396263402   37.217756397   70.033810298   -7.302053932
    1.808795770   -1.396263402   50.270973982   64.453131912   -5.196591631
    1.999195325   -1.396263402   60.935631206   45.775416527   -3.027769135
    2.189594880   -1.396263402   67.253880086   19.912755866   -1.065037746
    2.379994435   -1.396263402   68.487479991   -6.608436964    0.510438887
    2.570393989   -1.396263402   65.057156186  -28.283741625    1.629461743
    2.760793544   -1.396263402   58.264484090  -41.513310792    2.319557520
    2.951193099   -1.396263402   49.901873387  -44.764763588    2.661103904

   -3.141592654   -1.047197551   38.977509018  -41.046372101    4.825833856
   -2.951193099   -1.047197551   32.356584992  -27.882026933    3.748291307
   -2.760793544   -1.047197551   28.545845462  -12.296285680    2.380138462
   -2.570393989   -1.047197551   27.538780553    0.907065379    0.767025625
   -2.379994435   -1.047197551   28.534166333    8.390293204   -1.155403640
   -2.189594880   -1.047197551   30.325612009    9.386398811   -3.559532149
   -1.999195325   -1.047197551   31.807545311    5.631260198   -6.634491971
   -1.808795770   -1.047197551   32.373170817    0.336465204  -10.427290273
   -1.618396215   -1.047197551   32.047045290   -3.278278352  -14.695274122
   -1.427996661   -1.047197551   31.364497495   -3.229635168  -18.877881586
   -1.237597106   -1.047197551   31.069533386    0.676543334  -22.237972996
   -1.047197551   -1.047197551   31.781200279    6.992462408  -24.122008017
   -0.856797996   -1.047197551   33.744264214   13.324833122  -24.199882791
   -0.666398442   -1.047197551   36.712181502   17.072505602  -22.569142467
   -0.475998887   -1.047197551   39.964660519   16.058066959  -19.686694757
   -0.285599332   -1.047197551   42.450865250    8.873648958  -16.190232384
   -0.095199777   -1.047197551   42.968966163   -4.429130836  -12.711519169
    0.095199777   -1.047197551   40.515177270  -21.799317002   -9.721885077
    0.285599332   -1.047197551   34.713155741  -38.628427911   -7.452532637
    0.475998887   -1.047197551   26.259709514  -48.539817683   -5.890740050
    0.666398442   -1.047197551   17.070401636  -45.577367291   -4.839185856
    0.856797996   -1.047197551    9.895900039  -27.447548743   -4.043441545
    1.047197551   -1.047197551    7.392518130    2.441011467   -3.286550007
    1.237597106   -1.047197551   11.047899011   35.555446602   -2.439997218
    1.427996661   -1.047197551   20.500628159   61.727304735   -1.450108087
    1.618396215   -1.047197551   33.632117497   73.355824354   -0.309881370
    1.808795770   -1.047197551   47.362670945   68.085716237    0.958860115
    1.999195325   -1.047197551   58.679091499   48.850525140    2.292359765
    2.189594880   -1.047197551   65.475184025   21.773907242    3.578851610
    2.379994435   -1.047197551   66.921127565   -6.255261420    4.672033220
    2.570393989   -1.047197551   63.418558158  -29.349639698    5.423294668
    2.760793544   -1.047197551   56.317685896  -43.592803858    5.718844385
    2.951193099   -1.047197551   47.508955053  -47.264948805    5.511299846

   -3.141592654   -0.698131701   39.170869866  -44.428092825    4.777236359
   -2.951193099   -0.698131701   31.855062995  -31.727830995    2.458636423
   -2.760793544   -0.698131701   27.295771798  -16.269264210   -0.106784982
   -2.570393989   -0.698131701   25.529979860   -3.100949448   -2.760321296
   -2.379994435   -0.698131701   25.743373237    4.122289670   -5.495126064
   -2.189594880   -0.698131701   26.665116963    4.450767765   -8.454479780
   -1.999195325   -0.698131701   27.120177367   -0.228897481  -11.796632665
   -1.808795770   -0.698131701   26.496901733   -6.188646521  -15.491026440
   -1.618396215   -0.698131701   24.934011959   -9.536015622  -19.162023544
   -1.427996661   -0.698131701   23.193325199   -7.841841678  -22.123506662
   -1.237597106   -0.698131701   22.282542822   -1.004972311  -23.621689978
   -1.047197551   -0.698131701   23.009272192    8.861526319  -23.174933492
   -0.856797996   -0.698131701   25.647734678   18.418656353  -20.809697617
   -0.666398442   -0.698131701   29.806847196   24.251476002  -17.060980729
   -0.475998887   -0.698131701   34.504206588   23.791736797  -12.752496939
   -0.285599332   -0.698131701   38.399540256   15.730732835   -8.689376792
   -0.095199777   -0.698131701   40.059265306    0.597190570   -5.393284930
    0.095199777   -0.698131701   38.360210431  -18.889145283   -2.983702472
    0.285599332   -0.698131701   32.935561026  -37.472968975   -1.220933204
    0.475998887   -0.698131701   24.596442037  -48.343539111    0.306481942
    0.666398442   -0.698131701   15.423905526  -45.476185768    1.940777914
    0.856797996   -0.698131701    8.313505141  -26.824724008    3.754638903
    1.047197551   -0.698131701    5.999770710    3.794998550    5.542022698
    1.237597106   -0.698131701    9.974856100   37.506947852    6.986221211
    1.427996661   -0.698131701   19.835543415   64.005865364    7.882996061
    1.618396215   -0.698131701   33.412513096   75.717978160    8.266599921
    1.808795770   -0.698131701   47.587357254   70.363373309    8.359265655
    1.999195325   -0.698131701   59.317252070   50.885938316    8.406775695
    2.189594880   -0.698131701   66.460889401   23.348543092    8.518283292
    2.379994435   -0.698131701   68.140347958   -5.424358457    8.613548641
    2.570393989   -0.698131701   64.702088784  -29.544446374    8.476287846
    2.760793544   -0.698131701   57.452024169  -44.973767560    7.864565208
    2.951193099   -0.698131701   48.269693221  -49.783110106    6.630536752

   -3.141592654   -0.349065850   40.494854330  -49.329067472    3.670728096
   -2.951193099   -0.349065850   32.173449283  -37.286738903    0.507068870
   -2.760793544   -0.349065850   26.532815087  -21.989188037   -2.768418472
   -2.570393989   -0.349065850   23.686551446   -8.710123884   -5.916185170
   -2.379994435   -0.349065850   22.839601092   -1.441423333   -8.876277544
   -2.189594880   -0.349065850   22.686160730   -1.316183000  -11.764441233
   -1.999195325   -0.349065850   22.015500817   -6.257593609  -14.710068316
   -1.808795770   -0.349065850   20.253076449  -11.982167805  -17.629506000
   -1.618396215   -0.349065850   17.694548415  -13.969049641  -20.081425893
   -1.427996661   -0.349065850   15.349195792   -9.535877567  -21.365885966
   -1.237597106   -0.349065850   14.460268543    1.013851031  -20.842202427
   -1.047197551   -0.349065850   15.933059296   14.579394369  -18.299725573
   -0.856797996   -0.349065850   19.929915101   26.700799111  -14.138739333
   -0.666398442   -0.349065850   25.764578558   33.233279731   -9.240109550
   -0.475998887   -0.349065850   32.084984174   31.569747956   -4.604975445
   -0.285599332   -0.349065850   37.239630226   21.046106587   -0.969827215
   -0.095199777   -0.349065850   39.650116144    3.218643341    1.457926118
    0.095199777   -0.349065850   38.250518828  -18.164984782    3.009722964
    0.285599332   -0.349065850   32.894425504  -37.226718381    4.350608455
    0.475998887   -0.349065850   24.670384464  -47.194976766    6.124711881
    0.666398442   -0.349065850   15.864733548  -42.751136128    8.613423206
    0.856797996   -0.349065850    9.408494569  -22.828079847   11.560742343
    1.047197551   -0.349065850    7.900181027    8.042114108   14.303942896
    1.237597106   -0.349065850   12.618079002   40.898198821   16.142272288
    1.427996661   -0.349065850   22.990862356   65.955251303   16.705441588
    1.618396215   -0.349065850   36.806550819   76.347300335   16.113940719
    1.808795770   -0.349065850   51.019561237   70.247526865   14.845180126
    1.999195325   -0.349065850   62.702229774   50.579697589   13.438176323
    2.189594880   -0.349065850   69.787940212   23.044273435   12.213712196
    2.379994435   -0.349065850   71.393463497   -5.959987420   11.169878955
    2.570393989   -0.349065850   67.792859369  -30.801998748   10.056343331
    2.760793544   -0.349065850   60.197444934  -47.402599033    8.544562988
    2.951193099   -0.349065850   50.425532431  -53.552347400    6.418266541

   -3.141592654    0.000000000   41.571683183  -55.165699844    1.564565291
   -2.951193099    0.000000000   32.090644882  -43.502191377   -1.593771142
   -2.760793544    0.000000000   25.280117302  -27.959194674   -4.621495145
   -2.570393989    0.000000000   21.353423395  -14.052594556   -7.333991943
   -2.379994435    0.000000000   19.551501462   -6.154433964   -9.721684179
   -2.189594880    0.000000000   18.542881551   -5.615898962  -11.914418114
   -1.999195325    0.000000000   17.086487500  -10.179366927  -14.004818136
   -1.808795770    0.000000000   14.647394052  -15.030286558  -15.847249806
   -1.618396215    0.000000000   11.669353977  -15.128580939  -16.977213498
   -1.427996661    0.000000000    9.369494684   -7.747479597  -16.783201072
   -1.237597106    0.000000000    9.143239358    6.174023572  -14.850739075
   -1.047197551    0.000000000   11.876160227   22.447051089  -11.278034463
   -0.856797996    0.000000000   17.503707217   35.633374725   -6.737031719
   -0.666398442    0.000000000   24.981449471   41.245740728   -2.212223778
   -0.475998887    0.000000000   32.612376205   37.132876403    1.426031762
   -0.285599332    0.000000000   38.547027628   23.694357810    3.773109266
   -0.095199777    0.000000000   41.233543606    3.676047335    5.050600000
    0.095199777    0.000000000   39.834778507  -18.313102277    5.967340997
    0.285599332    0.000000000   34.535059289  -36.229061038    7.388130949
    0.475998887    0.000000000   26.707694640  -43.932890723    9.913361560
    0.666398442    0.000000000   18.743305190  -37.311702288   13.553317883
    0.856797996    0.000000000   13.438337022  -16.480940560   17.658221648
    1.047197551    0.000000000   13.081912646   13.478925109   21.190150845
    1.237597106    0.000000000   18.625378411   43.959875668   23.216281845
    1.427996661    0.000000000   29.308955989   66.185109479   23.328750610
    1.618396215    0.000000000   42.939910736   74.350173061   21.772618661
    1.808795770    0.000000000   56.651573453   67.191280369   19.230323077
    1.999195325    0.000000000   67.737026430   47.502796868   16.445637415
    2.189594880    0.000000000   74.276204107   20.399958768   13.891854811
    2.379994435    0.000000000   75.407695288   -8.368608405   11.657160240
    2.570393989    0.000000000   71.325004263  -33.569614525    9.539945881
    2.760793544    0.000000000   63.120610746  -51.109409502    7.243057928
    2.951193099    0.000000000   52.531034534  -58.438591556    4.579008616

   -3.141592654    0.349065850   43.110173905  -60.151236496    1.043122463
   -2.951193099    0.349065850   32.651004583  -48.694795948   -1.057665570
   -2.760793544    0.349065850   24.865556788  -32.927143521   -2.917540750
   -2.570393989    0.349065850   20.039071190  -18.498919680   -4.512024115
   -2.379994435    0.349065850   17.445855486  -10.020490184   -5.916457953
   -2.189594880    0.349065850   15.751082078   -8.952542307   -7.252468384
   -1.999195325    0.349065850   13.717502469  -12.850816839   -8.553824464
   -1.808795770    0.349065850   10.872363268  -16.496191817   -9.641093420
   -1.618396215    0.349065850    7.794786297  -14.564214150  -10.109607805
   -1.427996661    0.349065850    5.848726359   -4.535713315   -9.516807335
   -1.237597106    0.349065850    6.482112553   11.884633853   -7.666612631
   -1.047197551    0.349065850   10.458583559   29.535569407   -4.808571591
   -0.856797996    0.349065850   17.431767771   42.378909113   -1.586917753
   -0.666398442    0.349065850   26.032300375   46.095446885    1.265376532
   -0.475998887    0.349065850   34.343955431   39.407409699    3.294915436
   -0.285599332    0.349065850   40.499137126   23.912103308    4.538239103
   -0.095199777    0.349065850   43.144090455    3.318476739    5.520630831
    0.095199777    0.349065850   41.770740672  -17.390750384    7.000704145
    0.285599332    0.349065850   36.890646950  -32.578525303    9.622197921
    0.475998887    0.349065850   30.058154610  -37.190421234   13.575711520
    0.666398442    0.349065850   23.601539149  -28.505802303   18.425780710
    0.856797996    0.349065850   20.009749445   -7.710731625   23.200646217
    1.047197551    0.349065850   21.134435970   19.910132856   26.750908440
    1.237597106    0.349065850   27.548230177   46.526535181   28.228620044
    1.427996661    0.349065850   38.327025841   64.722087834   27.416124577
    1.618396215    0.349065850   51.374488072   69.942737003   24.751443419
    1.808795770    0.349065850   64.097871373   61.507344652   21.054724998
    1.999195325    0.349065850   74.098355612   41.983030312   17.159070197
    2.189594880    0.349065850   79.666045185   15.764228007   13.610638568
    2.379994435    0.349065850   79.999917004  -12.170812313   10.583355583
    2.570393989    0.349065850   75.232101254  -37.073911288    7.978062189
    2.760793544    0.349065850   66.340405050  -54.908332716    5.593090609
    2.951193099    0.349065850   54.970259351  -62.861510680    3.287160918

   -3.141592654    0.698131701   45.038706768  -62.115709408    0.289182441
   -2.951193099    0.698131701   34.195675942  -50.758928042   -0.281195720
   -2.760793544    0.698131701   26.000341274  -35.158710445   -0.553899967
   -2.570393989    0.698131701   20.731624135  -20.901135170   -0.710493625
   -2.379994435    0.698131701   17.667545798  -12.540963900   -0.925123302
   -2.189594880    0.698131701   15.490465920  -11.456367436   -1.307483414
   -1.999195325    0.698131701   13.003577154  -15.041981155   -1.852516555
   -1.808795770    0.698131701    9.807125788  -17.905100868   -2.424323009
   -1.618396215    0.698131701    6.575656289  -14.699885147   -2.793199067
   -1.427996661    0.698131701    4.745586248   -3.182761724   -2.750603429
   -1.237597106    0.698131701    5.758327836   14.414878165   -2.233086254
   -1.047197551    0.698131701   10.267732243   32.434227593   -1.370965364
   -0.856797996    0.698131701   17.752343661   44.712498082   -0.406642795
   -0.666398442    0.698131701   26.694663472   47.325967546    0.494220422
   -0.475998887    0.698131701   35.145987103   39.742595932    1.401680218
   -0.285599332    0.698131701   41.351444936   24.312199118    2.644410630
   -0.095199777    0.698131701   44.184132694    5.113318333    4.706875929
    0.095199777    0.698131701   43.380991161  -13.050749304    7.993022065
    0.285599332    0.698131701   39.609859084  -25.287362493   12.596880399
    0.475998887    0.698131701   34.402405934  -27.619470678   18.136161285
    0.666398442    0.698131701   29.856710517  -18.356753163   23.756514302
    0.856797996    0.698131701   28.078215219    0.806940108   28.346935914
    1.047197551    0.698131701   30.512031183   24.887175461   30.914654430
    1.237597106    0.698131701   37.454573674   47.065323911   30.960121901
    1.427996661    0.698131701   47.932857548   61.195828810   28.642045299
    1.618396215    0.698131701   60.025292241   63.714156220   24.657863762
    1.808795770    0.698131701   71.442006221   54.292895594   19.916946023
    1.999195325    0.698131701   80.092777896   35.210712247   15.221105571
    2.189594880    0.698131701   84.482067077   10.228500148   11.064046032
    2.379994435    0.698131701   83.896149912  -16.316330077    7.628616629
    2.570393989    0.698131701   78.451750439  -40.102788137    4.904655969
    2.760793544    0.698131701   69.056090578  -57.242210571    2.814573419
    2.951193099    0.698131701   57.276052001  -64.878535203    1.293724675

   -3.141592654    1.047197551   43.585502873  -62.882388274   -4.123129825
   -2.951193099    1.047197551   32.708345792  -50.389427351   -3.388611164
   -2.760793544    1.047197551   24.657344659  -34.085367876   -2.243330835
   -2.570393989    1.047197551   19.620412889  -19.612988963   -1.050968424
   -2.379994435    1.047197551   16.788308319  -11.437866813   -0.103375319
   -2.189594880    1.047197551   14.784008385  -10.756396450    0.453707835
   -1.999195325    1.047197551   12.388793049  -14.768450372    0.618943721
   -1.808795770    1.047197551    9.211701104  -17.953618490    0.471793405
   -1.618396215    1.047197551    5.950047256  -14.954914069    0.106859101
   -1.427996661    1.047197551    4.055564009   -3.611511114   -0.403966257
   -1.237597106    1.047197551    4.966665580   13.756966350   -0.991445348
   -1.047197551    1.047197551    9.326912723   31.520042763   -1.534946816
   -0.856797996    1.047197551   16.626070144   43.732744540   -1.821427976
   -0.666398442    1.047197551   25.415626789   46.824013548   -1.537944209
   -0.475998887    1.047197551   33.883554385   40.573128002   -0.333226367
   -0.285599332    1.047197551   40.449376246   27.409810140    2.079374220
   -0.095199777    1.047197551   44.142116304   11.107342925    5.823235743
    0.095199777    1.047197551   44.760467770   -4.188205161   10.748924581
    0.285599332    1.047197551   42.885398158  -14.457460035   16.386346794
    0.475998887    1.047197551   39.797353382  -16.520304366   21.960878957
    0.666398442    1.047197551   37.224781376   -9.078024350   26.528672054
    0.856797996    1.047197551   36.889238212    6.436887520   29.232358173
    1.047197551    1.047197551   39.964485609   25.933767476   29.575384517
    1.237597106    1.047197551   46.679864697   43.765851699   27.592904047
    1.427996661    1.047197551   56.204700397   54.731378826   23.807489030
    1.618396215    1.047197551   66.889511813   55.643155841   18.999053118
    1.808795770    1.047197551   76.727829292   45.967960829   13.917987849
    1.999195325    1.047197551   83.840044812   27.462555109    9.109706030
    2.189594880    1.047197551   86.839749970    3.403615478    4.873970434
    2.379994435    1.047197551   85.050313834  -22.126064688    1.349459693
    2.570393989    1.047197551   78.601139580  -44.828424821   -1.377244906
    2.760793544    1.047197551   68.419040926  -60.744942754   -3.223713016
    2.951193099    1.047197551   56.099313940  -67.014032267   -4.128720423

   -3.141592654    1.396263402   38.615716653  -62.018351421  -10.614916930
   -2.951193099    1.396263402   28.102122671  -47.529117771   -9.417152366
   -2.760793544    1.396263402   20.723862207  -30.033305007   -7.617922630
   -2.570393989    1.396263402   16.496345888  -15.313275567   -5.595425161
   -2.379994435    1.396263402   14.441366260   -7.677188738   -3.660496865
   -2.189594880    1.396263402   13.061193306   -8.010136712   -1.985140148
   -1.999195325    1.396263402   11.075564651  -13.231728280   -0.630135401
   -1.808795770    1.396263402    8.072015793  -17.672349370    0.360261021
   -1.618396215    1.396263402    4.745930726  -15.908181440    0.903753590
   -1.427996661    1.396263402    2.563968975   -5.642403659    0.920499928
   -1.237597106    1.396263402    3.018718454   11.086947436    0.460197184
   -1.047197551    1.396263402    6.873066334   29.026574234   -0.194333953
   -0.856797996    1.396263402   13.800859331   42.513315069   -0.549327954
   -0.666398442    1.396263402   22.568996586   47.980588596   -0.046228445
   -0.475998887    1.396263402   31.548629871   44.869380373    1.730411836
   -0.285599332    1.396263402   39.248104222   34.983707747    4.903384227
   -0.095199777    1.396263402   44.650501363   21.316652499    9.258205237
    0.095199777    1.396263402   47.359687199    7.280958541   14.258106846
    0.285599332    1.396263402   47.640368648   -3.620557526   19.128682373
    0.475998887    1.396263402   46.396821355   -8.292324437   22.995853040
    0.666398442    1.396263402   45.016497991   -4.960403007   25.089315806
    0.856797996    1.396263402   45.020606060    5.894737676   24.990644392
    1.047197551    1.396263402   47.585911285   21.296010065   22.774291851
    1.237597106    1.396263402   53.134417416   36.409011719   18.969872434
    1.427996661    1.396263402   61.125804998   46.217237091   14.330844836
    1.618396215    1.396263402   70.178071357   47.139372805    9.544020210
    1.808795770    1.396263402   78.444868265   37.994996358    5.033114968
    1.999195325    1.396263402   84.094168639   20.044947212    0.957302672
    2.189594880    1.396263402   85.725785493   -3.557595071   -2.668688911
    2.379994435    1.396263402   82.659876353  -28.521054202   -5.819367576
    2.570393989    1.396263402   75.079213834  -50.214735850   -8.372590552
    2.760793544    1.396263402   64.017881759  -64.472321171  -10.128294275
    2.951193099    1.396263402   51.191111306  -68.524083555  -10.896812909

   -3.141592654    1.745329252   31.988684830  -60.338545215  -17.015792192
   -2.951193099    1.745329252   21.992689817  -43.879975260  -15.879490300
   -2.760793544    1.745329252   15.434314311  -25.233516621  -13.885180366
   -2.570393989    1.745329252   12.154574870  -10.309070649  -11.339170932
   -2.379994435    1.745329252   11.009230892   -3.226587593   -8.528162107
   -2.189594880    1.745329252   10.387620664   -4.538637350   -5.643273585
   -1.999195325    1.745329252    8.954164881  -10.930764441   -2.801101708
   -1.808795770    1.745329252    6.268005237  -16.666260951   -0.137961691
   -1.618396215    1.745329252    3.003677551  -16.276217281    2.134214358
   -1.427996661    1.745329252    0.632631603   -7.205075638    3.785895706
   -1.237597106    1.745329252    0.727053359    9.015385711    4.732951087
   -1.047197551    1.745329252    4.232519911   27.649534965    5.172185500
   -0.856797996    1.745329252   11.073595124   43.184713930    5.560689925
   -0.666398442    1.745329252   20.246185067   51.651172605    6.433313009
   -0.475998887    1.745329252   30.228965052   51.676097106    8.151900159
   -0.285599332    1.745329252   39.468407548   44.158530233   10.740574136
   -0.095199777    1.745329252   46.729652782   31.377044329   13.862311310
    0.095199777    1.745329252   51.293843354   16.384488495   16.896547221
    0.285599332    1.745329252   53.071287842    2.722371934   19.098104859
    0.475998887    1.745329252   52.662209743   -6.031277153   19.799044328
    0.666398442    1.745329252   51.282105115   -7.188138961   18.619629959
    0.856797996    1.745329252   50.479551193   -0.142025475   15.648552842
    1.047197551    1.745329252   51.651521903   12.998547696   11.433728699
    1.237597106    1.745329252   55.549388092   27.637670065    6.777234502
    1.427996661    1.745329252   61.936886241   38.283138170    2.406799006
    1.618396215    1.745329252   69.601704393   40.492855266   -1.289379314
    1.808795770    1.745329252   76.705054133   32.328849658   -4.328438821
    1.999195325    1.745329252   81.321660327   14.770684867   -6.974918495
    2.189594880    1.745329252   81.953377576   -8.806442327   -9.500411797
    2.379994435    1.745329252   77.895171189  -33.622667639  -11.993027218
    2.570393989    1.745329252   69.400391371  -54.582984517  -14.302965755
    2.760793544    1.745329252   57.638949479  -67.314831870  -16.115603612
    2.951193099    1.745329252   44.468395399  -69.199495190  -17.092295776

   -3.141592654    2.094395102   24.765296468  -59.773760500  -19.221490228
   -2.951193099    2.094395102   15.051268952  -41.532642479  -17.916706892
   -2.760793544    2.094395102    9.083929709  -21.462300652  -15.690412498
   -2.570393989    2.094395102    6.618272239   -5.618565592  -12.796204992
   -2.379994435    2.094395102    6.417316020    1.937285624   -9.490637953
   -2.189594880    2.094395102    6.799758535    0.800919911   -5.945885871
   -1.999195325    2.094395102    6.381733661   -5.652615542   -2.260208159
   -1.808795770    2.094395102    4.671700891  -11.759672649    1.440027116
   -1.618396215    2.094395102    2.275782346  -12.133101356    4.917958891
   -1.427996661    2.094395102    0.598768712   -4.083120789    7.862777579
   -1.237597106    2.094395102    1.198668318   11.260466158   10.051298331
   -1.047197551    2.094395102    5.095213253   29.636883234   11.504244969
   -0.856797996    2.094395102   12.356563753   45.738795691   12.498282417
   -0.666398442    2.094395102   22.119725211   55.347217335   13.403169118
   -0.475998887    2.094395102   32.918825385   56.482796306   14.446869187
   -0.285599332    2.094395102   43.127665302   49.364209772   15.571151655
   -0.095199777    2.094395102   51.324607096   35.771197738   16.432854354
    0.095199777    2.094395102   56.540591641   18.615416754   16.522616141
    0.285599332    2.094395102   58.446812837    1.706267200   15.349062700
    0.475998887    2.094395102   57.495725396  -10.711752853   12.637118425
    0.666398442    2.094395102   54.909745154  -14.994638719    8.481819856
    0.856797996    2.094395102   52.429286992   -9.654089355    3.419091649
    1.047197551    2.094395102   51.774299918    3.632680403   -1.718271674
    1.237597106    2.094395102   54.033353309   19.985873586   -6.102462557
    1.427996661    2.094395102   59.189626127   33.024960291   -9.243728101
    1.618396215    2.094395102   66.060560999   37.283055877  -11.158386083
    1.808795770    2.094395102   72.669179529   30.155689093  -12.282597101
    1.999195325    2.094395102   76.883972016   12.578285728  -13.195372796
    2.189594880    2.094395102   77.042899386  -11.619431468  -14.327498896
    2.379994435    2.094395102   72.386657096  -37.025507701  -15.795612632
    2.570393989    2.094395102   63.228234796  -58.021785412  -17.405887143
    2.760793544    2.094395102   50.869678684  -70.007900834  -18.771388058
    2.951193099    2.094395102   37.313719396  -70.452043397  -19.476379291

   -3.141592654    2.443460953   18.437392922  -58.864835095  -13.925365477
   -2.951193099    2.443460953    9.045399305  -39.085708794  -12.524401017
   -2.760793544    2.443460953    3.679162463  -17.656151677  -10.462098197
   -2.570393989    2.443460953    2.043959953   -0.760616592   -7.855582437
   -2.379994435    2.443460953    2.846810198    7.583732336   -4.810572137
   -2.189594880    2.443460953    4.367860402    7.090955689   -1.364561652
   -1.999195325    2.443460953    5.198980823    1.139652761    2.486525283
   -1.808795770    2.443460953    4.808051504   -4.775001528    6.674801022
   -1.618396215    2.443460953    3.719655746   -5.492497912   10.953396054
   -1.427996661    2.443460953    3.227729979    1.634869675   14.904883093
   -1.237597106    2.443460953    4.799790615   15.727152276   18.090032840
   -1.047197551    2.443460953    9.432314228   32.942663403   20.233375690
   -0.856797996    2.443460953   17.241221175   48.248769309   21.310002540
   -0.666398442    2.443460953   27.432931467   57.357273257   21.465526247
   -0.475998887    2.443460953   38.565318701   57.918119503   20.843824483
   -0.285599332    2.443460953   48.955212820   49.714734353   19.457194909
   -0.095199777    2.443460953   57.055843034   34.274124380   17.167946628
    0.095199777    2.443460953   61.754369077   14.582856745   13.785381289
    0.285599332    2.443460953   62.624627089   -5.140537557    9.226301326
    0.475998887    2.443460953   60.126601006  -19.993257451    3.671884390
    0.666398442    2.443460953   55.624741650  -25.589312988   -2.364358147
    0.856797996    2.443460953   51.127413752  -19.940099667   -8.086471617
    1.047197551    2.443460953   48.673814309   -4.726681054  -12.657892386
    1.237597106    2.443460953   49.612437889   14.573254674  -15.510118942
    1.427996661    2.443460953   54.030012948   30.606009315  -16.573401235
    1.618396215    2.443460953   60.662573469   37.009466838  -16.281331191
    1.808795770    2.443460953   67.320457105   30.736904826  -15.348726486
    1.999195325    2.443460953   71.632098290   12.867486544  -14.456076455
    2.189594880    2.443460953   71.764043879  -12.229633129  -14.007243923
    2.379994435    2.443460953   66.901899524  -38.518910096  -14.059714247
    2.570393989    2.443460953   57.411678269  -59.897506821  -14.403301497
    2.760793544    2.443460953   44.716035195  -71.547634944  -14.700111716
    2.951193099    2.443460953   30.953717217  -70.983151845  -14.619140971

   -3.141592654    2.792526803   14.986334623  -57.694805355    1.181603876
   -2.951193099    2.792526803    5.894434134  -37.098841118    3.325301795
   -2.760793544    2.792526803    0.994516362  -14.752457142    5.242561184
   -2.570393989    2.792526803    0.000000000    3.054483354    6.952433173
   -2.379994435    2.792526803    1.614276914   12.285691478    8.651874817
   -2.189594880    2.792526803    4.117073729   12.701780277   10.669581099
   -1.999195325    2.792526803    6.104899538    7.666539710   13.320202905
   -1.808795770    2.792526803    7.033586599    2.504149250   16.706982656
   -1.618396215    2.792526803    7.368732973    2.074777926   20.578146710
   -1.427996661    2.792526803    8.289313964    8.772814600   24.352525246
   -1.237597106    2.792526803   11.117952421   21.671139774   27.323201569
   -1.047197551    2.792526803   16.720307950   37.112946805   28.927125948
   -0.856797996    2.792526803   25.126461402   50.312643442   28.922381630
   -0.666398442    2.792526803   35.495643113   57.122305843   27.372754659
   -0.475998887    2.792526803   46.349003343   55.180716276   24.500871823
   -0.285599332    2.792526803   55.959588181   44.226241227   20.536071236
   -0.095199777    2.792526803   62.740245004   25.897561187   15.648335060
    0.095199777    2.792526803   65.583495000    3.555556220    9.993191369
    0.285599332    2.792526803   64.162724228  -17.983093663    3.816094655
    0.475998887    2.792526803   59.158381252  -33.195957655   -2.456131682
    0.666398442    2.792526803   52.252410171  -37.319418975   -8.217560031
    0.856797996    2.792526803   45.798097157  -28.516150314  -12.788197090
    1.047197551    2.792526803   42.095697790   -9.174799453  -15.639079885
    1.237597106    2.792526803   42.581445342   14.171457840  -16.608025640
    1.427996661    2.792526803   47.229017097   33.196483351  -15.973862197
    1.618396215    2.792526803   54.516657853   41.046878733  -14.327100771
    1.808795770    2.792526803   61.962220689   34.781456027  -12.304758505
    1.999195325    2.792526803   66.967374463   16.022023425  -10.347459107
    2.189594880    2.792526803   67.588722146  -10.233726089   -8.591570627
    2.379994435    2.792526803   63.007956456  -37.496245038   -6.934578589
    2.570393989    2.792526803   53.650849870  -59.447179562   -5.189274221
    2.760793544    2.792526803   41.021701517  -71.233357866   -3.228493270
    2.951193099    2.792526803   27.339466276  -70.407245110   -1.061599004
