#! FIELDS phi psi file.free der_phi der_psi
#! SET min_phi -pi
#! SET max_phi pi
#! SET nbins_phi  33
#! SET periodic_phi true
#! SET min_psi -pi
#! SET max_psi pi
#! SET nbins_psi  18
#! SET periodic_psi true
   -3.141592654   -3.141592654   19.016592735  -56.113306021   14.806138923
   -2.951193099   -3.141592654   10.021642819  -37.416050959   17.556923643
   -2.760793544   -3.141592654    5.002985814  -15.396142973   19.495055474
   -2.570393989   -3.141592654    3.967506865    3.486779665   20.694128565
   -2.379994435   -3.141592654    5.830009645   14.558535644   21.502842430
   -2.189594880   -3.141592654    8.952423851   16.925320483   22.416217414
   -1.999195325   -3.141592654   11.903341416   13.482369893   23.843429945
   -1.808795770   -3.141592654   14.035182636    9.187246157   25.879617678
   -1.618396215   -3.141592654   15.640161635    8.537098300   28.194619513
   -1.427996661   -3.141592654   17.657608485   13.611938314   30.125592259
   -1.237597106   -3.141592654   21.131263661   23.420842517   30.935329361
   -1.047197551   -3.141592654   26.675944950   34.660193231   30.122307995
   -0.856797996   -3.141592654   34.174378258   43.261776528   27.609342004
   -0.666398442   -3.141592654   42.792635063   45.949921993   23.708938925
   -0.475998887   -3.141592654   51.219412638   41.146874178   18.930355068
   -0.285599332   -3.141592654   58.022636379   29.119674806   13.746170696
   -0.095199777   -3.141592654   61.977843778   11.676094325    8.445689164
    0.095199777   -3.141592654   62.335465298   -8.049940243    3.156114449
    0.285599332   -3.141592654   59.053009248  -25.755496712   -2.026156221
    0.475998887   -3.141592654   52.978587996  -36.618285526   -6.878388725
    0.666398442   -3.141592654   45.821132433  -36.619188023  -10.989922139
    0.856797996   -3.141592654   39.816212075  -24.679071886  -13.851179424
    1.047197551   -3.141592654   37.013712802   -3.821310928  -15.072423723
    1.237597106   -3.141592654   38.513872476   19.217270535  -14.602410692
    1.427996661   -3.141592654   43.977553415   36.623283036  -12.775330877
    1.618396215   -3.141592654   51.736058062   42.693089485  -10.158977329
    1.808795770   -3.141592654   59.403947825   35.768247551   -7.288515031
    1.999195325   -3.141592654   64.673517112   18.125256309   -4.461982253
    2.189594880   -3.141592654   65.914788826   -5.683801796   -1.687610717
    2.379994435   -3.141592654   62.444418263  -30.505296951    1.203294175
    2.570393989   -3.141592654   54.546076882  -51.424861970    4.379007409
    2.760793544   -3.141592654   43.379241650  -64.222285717    7.860018741
    2.951193099   -3.141592654   30.802757967  -65.961686882   11.452579644

   -3.141592654   -2.792526803   25.974128310  -50.352731642   22.525337662
   -2.951193099   -2.792526803   17.881509469  -33.782608589   25.340439138
   -2.760793544   -2.792526803   13.343035875  -13.932274215   26.884692700
   -2.570393989   -2.792526803   12.428260130    3.454156348   27.369077193
   -2.379994435   -2.792526803   14.232437479   14.186873941   27.335361614
   -2.189594880   -2.792526803   17.346828139   17.377637792   27.431658128
   -1.999195325   -2.792526803   20.520769216   15.422762612   28.112844421
   -1.808795770   -2.792526803   23.158963794   12.467897962   29.419025489
   -1.618396215   -2.792526803   25.445271106   12.202280987   30.924506063
   -1.427996661   -2.792526803   28.084225157   16.223809679   31.901781413
   -1.237597106   -2.792526803   31.840770270   23.589649554   31.612785931
   -1.047197551   -2.792526803   37.110669348   31.542841670   29.613883397
   -0.856797996   -2.792526803   43.692639536   36.823978239   25.916576112
   -0.666398442   -2.792526803   50.818515557   36.883684312   20.929144544
   -0.475998887   -2.792526803   57.352004766   30.531080158   15.251168017
   -0.285599332   -2.792526803   62.072199302   18.024090585    9.432147504
   -0.095199777   -2.792526803   63.936636634    0.929068755    3.816407865
    0.095199777   -2.792526803   62.326997094  -17.881656361   -1.430112599
    0.285599332   -2.792526803   57.295950766  -34.204760667   -6.192013962
    0.475998887   -2.792526803   49.783834819  -43.169932178  -10.259631455
    0.666398442   -2.792526803   41.603464215  -40.720154057  -13.287907286
    0.856797996   -2.792526803   35.082280441  -25.952930913  -14.907697834
    1.047197551   -2.792526803   32.302471185   -2.353672987  -14.918523198
    1.237597106   -2.792526803   34.296179039   22.805423586  -13.447663212
    1.427996661   -2.792526803   40.570164819   41.392899244  -10.919701098
    1.618396215   -2.792526803   49.278260592   47.791908627   -7.868782177
    1.808795770   -2.792526803   57.910793013   40.779471324   -4.691304123
    1.999195325   -2.792526803   64.130750126   23.152595723   -1.510423867
    2.189594880   -2.792526803   66.363514164   -0.218477869    1.806051536
    2.379994435   -2.792526803   64.009702377  -24.202359594    5.483231794
    2.570393989   -2.792526803   57.399813081  -44.227638350    9.641103370
    2.760793544   -2.792526803   47.657293542  -56.584099261   14.157719703
    2.951193099   -2.792526803   36.510434994  -58.763980519   18.635714188

   -3.141592654   -2.443460953   33.792470205  -44.256321541   21.352960657
   -2.951193099   -2.443460953   26.660556335  -29.867558244   23.685415615
   -2.760793544   -2.443460953   22.649223684  -12.260628321   24.804164067
   -2.570393989   -2.443460953   21.883603013    3.498957461   24.914541234
   -2.379994435   -2.443460953   23.623047675   13.645371169   24.495402207
   -2.189594880   -2.443460953   26.659159768   17.226377514   24.082544733
   -1.999195325   -2.443460953   29.882124354   16.103787278   24.008826339
   -1.808795770   -2.443460953   32.709357782   13.656055610   24.247638092
   -1.618396215   -2.443460953   35.195912838   12.923185642   24.415855114
   -1.427996661   -2.443460953   37.830120155   15.260221270   23.949063890
   -1.237597106   -2.443460953   41.163671264   20.012058153   22.342297190
   -1.047197551   -2.443460953   45.476058892   25.103319655   19.375088006
   -0.856797996   -2.443460953   50.595169815   28.050629876   15.202746020
   -0.666398442   -2.443460953   55.909089042   26.833290177   10.275777641
   -0.475998887   -2.443460953   60.498945625   20.361842544    5.151623484
   -0.285599332   -2.443460953   63.343102408    8.603202708    0.292412791
   -0.095199777   -2.443460953   63.523180506   -7.294815007   -4.067723512
    0.095199777   -2.443460953   60.472136129  -24.783209221   -7.877774976
    0.285599332   -2.443460953   54.256287278  -39.723325680  -11.143088271
    0.475998887   -2.443460953   45.837982812  -47.111743942  -13.778939742
    0.666398442   -2.443460953   37.082038331  -42.759903031  -15.555405223
    0.856797996   -2.443460953   30.374709748  -25.830604195  -16.193316688
    1.047197551   -2.443460953   27.820502142   -0.141587006  -15.526377156
    1.237597106   -2.443460953   30.398457598   26.633975799  -13.647670488
    1.427996661   -2.443460953   37.499505426   46.133451026  -10.895695447
    1.618396215   -2.443460953   47.146239043   52.836318794   -7.708643255
    1.808795770   -2.443460953   56.745452264   45.879104931   -4.418657138
    1.999195325   -2.443460953   63.951626424   28.463841075   -1.142142852
    2.189594880   -2.443460953   67.245734113    5.682841753    2.214202299
    2.379994435   -2.443460953   66.099536668  -17.395080460    5.823673879
    2.570393989   -2.443460953   60.874595070  -36.532450913    9.771580049
    2.760793544   -2.443460953   52.647063127  -48.495537003   13.937817842
    2.951193099   -2.443460953   43.009718822  -51.173897211   17.961527960

   -3.141592654   -2.094395102   39.948185636  -39.910191712   13.599697386
   -2.951193099   -2.094395102   33.483355451  -27.255690221   14.941451206
   -2.760793544   -2.094395102   29.802031860  -11.359513290   15.525992061
   -2.570393989   -2.094395102   29.081328075    3.180597711   15.478962910
   -2.379994435   -2.094395102   30.701411676   12.828169280   15.052142135
   -2.189594880   -2.094395102   33.582234672   16.473607299   14.487060643
   -1.999195325   -2.094395102   36.679750949   15.512015799   13.874526914
   -1.808795770   -2.094395102   39.378191512   12.785696633   13.105602976
   -1.618396215   -2.094395102   41.611823337   11.003127134   11.928805600
   -1.427996661   -2.094395102   43.719513624   11.552121028   10.096143333
   -1.237597106   -2.094395102   46.145394437   14.186590290    7.497075794
   -1.047197551   -2.094395102   49.162693463   17.436460785    4.239108054
   -0.856797996   -2.094395102   52.708905454   19.374344170    0.623495425
   -0.666398442   -2.094395102   56.360260936   18.232055184   -2.968001923
   -0.475998887   -2.094395102   59.395605422   12.773249747   -6.210641116
   -0.285599332   -2.094395102   60.931844504    2.488046686   -8.936890798
   -0.095199777   -2.094395102   60.086776129  -11.987497481  -11.184395060
    0.095199777   -2.094395102   56.248832994  -28.417933374  -13.107386710
    0.285599332   -2.094395102   49.414333748  -42.610861265  -14.846567395
    0.475998887   -2.094395102   40.514974905  -49.228110304  -16.389149640
    0.666398442   -2.094395102   31.457404960  -43.723212094  -17.510689316
    0.856797996   -2.094395102   24.716275019  -25.140399660  -17.864969647
    1.047197551   -2.094395102   22.473285966    2.449947123  -17.153689333
    1.237597106   -2.094395102   25.712380260   30.918242606  -15.306249018
    1.427996661   -2.094395102   33.745858740   51.521531670  -12.531759967
    1.618396215   -2.094395102   44.468988386   58.649273735   -9.229373321
    1.808795770   -2.094395102   55.177059235   51.655440176   -5.801856688
    1.999195325   -2.094395102   63.469337990   34.101536440   -2.517102439
    2.189594880   -2.094395102   67.836556047   11.354485536    0.552418006
    2.379994435   -2.094395102   67.793388445  -11.460551329    3.467762411
    2.570393989   -2.094395102   63.729582200  -30.293531143    6.305479455
    2.760793544   -2.094395102   56.698364179  -42.254462288    9.054959983
    2.951193099   -2.094395102   48.203613358  -45.536626499   11.565560570

   -3.141592654   -1.745329252   43.016398922  -37.664476600    6.271681066
   -2.951193099   -1.745329252   36.890243774  -25.986042586    6.662999750
   -2.760793544   -1.745329252   33.348484526  -11.161861015    6.644001067
   -2.570393989   -1.745329252   32.571845327    2.428873431    6.266201130
   -2.379994435   -1.745329252   33.976888951   11.356457417    5.603316329
   -2.189594880   -1.745329252   36.520902931   14.410822560    4.684028304
   -1.999195325   -1.745329252   39.162496046   12.751986467    3.446477227
   -1.808795770   -1.745329252   41.246476207    9.040756160    1.765122158
   -1.618396215   -1.745329252   42.652333664    6.035602863   -0.462491048
   -1.427996661   -1.745329252   43.699477402    5.424735546   -3.208144493
   -1.237597106   -1.745329252   44.883400035    7.386836777   -6.269174244
   -1.047197551   -1.745329252   46.603648545   10.769885553   -9.301787047
   -0.856797996   -1.745329252   48.962948247   13.711200698  -11.927587352
   -0.666398442   -1.745329252   51.684836188   14.206188976  -13.860824101
   -0.475998887   -1.745329252   54.128458618   10.585785574  -14.999779732
   -0.285599332   -1.745329252   55.403133202    1.844769736  -15.445661149
   -0.095199777   -1.745329252   54.533170657  -11.728725579  -15.480680785
    0.095199777   -1.745329252   50.770138186  -28.003258329  -15.450387998
    0.285599332   -1.745329252   43.984039594  -42.569591860  -15.630854000
    0.475998887   -1.745329252   35.046673002  -49.626368769  -16.090416988
    0.666398442   -1.745329252   25.903035845  -44.120319871  -16.627047094
    0.856797996   -1.745329252   19.145073428  -24.791356327  -16.846229589
    1.047197551   -1.745329252   17.094442494    4.202424113  -16.330024216
    1.237597106   -1.745329252   20.823938197   34.303265300  -14.846522885
    1.427996661   -1.745329252   29.639189337   56.250605432  -12.457475426
    1.618396215   -1.745329252   41.341149838   64.073757380   -9.485784720
    1.808795770   -1.745329252   53.093541506   57.086068252   -6.353600748
    1.999195325   -1.745329252   62.381937592   39.076900047   -3.426425334
    2.189594880   -1.745329252   67.640192609   15.736580096   -0.900097099
    2.379994435   -1.745329252   68.383429104   -7.559747798    1.194900083
    2.570393989   -1.745329252   65.031399546  -26.696093498    2.921096037
    2.760793544   -1.745329252   58.662362702  -38.906357846    4.346417124
    2.951193099   -1.745329252   50.771181277  -42.588183844    5.479142615

   -3.141592654   -1.396263402   42.163850694  -38.397829960    3.311068888
   -2.951193099   -1.396263402   35.907708536  -26.614621944    2.889130846
   -2.760793544   -1.396263402   32.256004514  -11.710904063    2.162860610
   -2.570393989   -1.396263402   31.368900862    1.771278758    1.173643762
   -2.379994435   -1.396263402   32.613509447   10.263393874   -0.087229748
   -2.189594880   -1.396263402   34.875324368   12.468275563   -1.710902739
   -1.999195325   -1.396263402   37.034415082    9.576802457   -3.840726990
   -1.808795770   -1.396263402   38.380078384    4.461979155   -6.570350999
   -1.618396215   -1.396263402   38.794934919    0.286225772   -9.819861109
   -1.427996661   -1.396263402   38.688667661   -0.788678672  -13.273023775
   -1.237597106   -1.396263402   38.727289298    1.758564212  -16.440496689
   -1.047197551   -1.396263402   39.516965106    6.784171091  -18.821165739
   -0.856797996   -1.396263402   41.333763894   12.068885959  -20.076898374
   -0.666398442   -1.396263402   43.979911752   15.009233749  -20.135506476
   -0.475998887   -1.396263402   46.773424882   13.333296551  -19.190481999
   -0.285599332   -1.396263402   48.683769679    5.592471011  -17.615190167
   -0.095199777   -1.396263402   48.535866665   -8.069511570  -15.870311758
    0.095199777   -1.396263402   45.383477760  -25.381042688  -14.379647708
    0.285599332   -1.396263402   38.952359034  -41.504827065  -13.419579186
    0.475998887   -1.396263402   30.071135030  -50.027510106  -13.026058384
    0.666398442   -1.396263402   20.763875680  -45.281911481  -12.968547501
    0.856797996   -1.396263402   13.797999281  -25.628826511  -12.848199056
    1.047197551   -1.396263402   11.703238574    4.706376419  -12.261840511
    1.237597106   -1.396263402   15.703995803   36.667965980  -10.978797677
    1.427996661   -1.396263402   25.139684416   60.302086919   -9.025876199
    1.618396215   -1.396263402   37.717690886   69.061180851   -6.650035048
    1.808795770   -1.396263402   50.432002966   62.030027692   -4.184925068
    1.999195325   -1.396263402   60.589822267   43.149799658   -1.925410357
    2.189594880   -1.396263402   66.501730905   18.487447751   -0.044127166
    2.379994435   -1.396263402   67.637813820   -6.164805449    1.406034887
    2.570393989   -1.396263402   64.441845066  -26.391651840    2.442716816
    2.760793544   -1.396263402   58.058110501  -39.296269654    3.097570809
    2.951193099   -1.396263402   50.057720407  -43.288143053    3.385866326

   -3.141592654   -1.047197551   39.975272154  -41.599326782    3.886381702
   -2.951193099   -1.047197551   33.135783761  -29.475176626    2.714961518
   -2.760793544   -1.047197551   28.996449007  -13.958327545    1.095780326
   -2.570393989   -1.047197551   27.735326660    0.038994324   -0.849643046
   -2.379994435   -1.047197551   28.664002737    8.572101378   -3.049129274
   -2.189594880   -1.047197551   30.555307928   10.159165894   -5.535671297
   -1.999195325   -1.047197551   32.172217068    6.138008292   -8.413617319
   -1.808795770   -1.047197551   32.747862956   -0.138967447  -11.726729684
   -1.618396215   -1.047197551   32.218681323   -4.878679363  -15.303433983
   -1.427996661   -1.047197551   31.159176933   -5.432627679  -18.698997141
   -1.237597106   -1.047197551   30.458074698   -1.189017824  -21.306227614
   -1.047197551   -1.047197551   30.916101803    6.333186449  -22.593058485
   -0.856797996   -1.047197551   32.901457710   14.252126653  -22.325749014
   -0.666398442   -1.047197551   36.176374633   19.284682815  -20.658353960
   -0.475998887   -1.047197551   39.906663851   18.704207662  -18.056080506
   -0.285599332   -1.047197551   42.852590513   10.904472223  -15.111651824
   -0.095199777   -1.047197551   43.627676053   -3.834246194  -12.364975318
    0.095199777   -1.047197551   41.123868995  -22.873959257  -10.163401264
    0.285599332   -1.047197551   34.991978267  -40.841182229   -8.600995552
    0.475998887   -1.047197551   26.094695266  -50.737739549   -7.536074609
    0.666398442   -1.047197551   16.592557421  -46.451908761   -6.681606615
    0.856797996   -1.047197551    9.445457925  -26.213546095   -5.759086651
    1.047197551   -1.047197551    7.362567787    5.494206449   -4.613896965
    1.237597106   -1.047197551   11.669204955   39.072518571   -3.255758983
    1.427996661   -1.047197551   21.694912244   63.987812765   -1.805870267
    1.618396215   -1.047197551   35.040786658   73.296591519   -0.408074527
    1.808795770   -1.047197551   48.548074383   65.984075355    0.849514993
    1.999195325   -1.047197551   59.376534173   46.144280337    1.945653664
    2.189594880   -1.047197551   65.732809401   20.116280705    2.896632350
    2.379994435   -1.047197551   67.037004275   -6.028072827    3.704983541
    2.570393989   -1.047197551   63.731228099  -27.648825996    4.321461199
    2.760793544   -1.047197551   56.996261712  -41.666387606    4.637704523
    2.951193099   -1.047197551   48.472343248  -46.337455703    4.524623188

   -3.141592654   -0.698131701   40.051516398  -44.757393088    2.976991333
   -2.951193099   -0.698131701   32.532659148  -33.390155813    0.861937475
   -2.760793544   -0.698131701   27.605556744  -18.252321063   -1.705582142
   -2.570393989   -0.698131701   25.515227380   -4.346125517   -4.514000263
   -2.379994435   -0.698131701   25.605153949    4.129282510   -7.427318232
   -2.189594880   -0.698131701   26.629548868    5.452289581  -10.442424133
   -1.999195325   -0.698131701   27.307611213    0.968865817  -13.618757017
   -1.808795770   -0.698131701   26.862710683   -5.618642980  -16.909485663
   -1.618396215   -0.698131701   25.311562456   -9.972478078  -20.010445035
   -1.427996661   -0.698131701   23.404093583   -9.049129902  -22.368624527
   -1.237597106   -0.698131701   22.239857691   -2.299385995  -23.381972930
   -1.047197551   -0.698131701   22.767661312    8.189610150  -22.695750055
   -0.856797996   -0.698131701   25.367338685   18.727778287  -20.399555808
   -0.666398442   -0.698131701   29.666614138   25.360941568  -17.006855619
   -0.475998887   -0.698131701   34.604170931   25.090781301  -13.242202929
   -0.285599332   -0.698131701   38.702805230   16.463456108   -9.763132277
   -0.095199777   -0.698131701   40.398802600    0.209092930   -6.944321215
    0.095199777   -0.698131701   38.507300763  -20.459815281   -4.805049742
    0.285599332   -0.698131701   32.709534156  -39.646271915   -3.076137560
    0.475998887   -0.698131701   23.980540607  -50.033331209   -1.381091616
    0.666398442   -0.698131701   14.625293279  -45.519570867    0.544507957
    0.856797996   -0.698131701    7.716312318  -24.627363399    2.682574393
    1.047197551   -0.698131701    6.002802998    7.739395721    4.738110024
    1.237597106   -0.698131701   10.776126113   41.649109887    6.318145934
    1.427996661   -0.698131701   21.290973004   66.477056516    7.162475020
    1.618396215   -0.698131701   35.077713313   75.402398273    7.282505239
    1.808795770   -0.698131701   48.941161573   67.617263361    6.930947712
    1.999195325   -0.698131701   60.039309339   47.355546702    6.445364660
    2.189594880   -0.698131701   66.590930229   20.959778309    6.073051301
    2.379994435   -0.698131701   68.017321327   -5.607388387    5.872968061
    2.570393989   -0.698131701   64.736435556  -27.849648790    5.711808437
    2.760793544   -0.698131701   57.883313138  -42.746512437    5.331766284
    2.951193099   -0.698131701   49.055013909  -48.473334420    4.472776810

   -3.141592654   -0.349065850   40.753635122  -48.686705369    1.811078153
   -2.951193099   -0.349065850   32.383559259  -38.321941902   -0.781466284
   -2.760793544   -0.349065850   26.456696398  -23.733008060   -3.747268201
   -2.570393989   -0.349065850   23.304643071   -9.962771268   -6.828823047
   -2.379994435   -0.349065850   22.328159211   -1.447034677   -9.859953022
   -2.189594880   -0.349065850   22.292611174   -0.114169444  -12.816747497
   -1.999195325   -0.349065850   21.912493433   -4.549638414  -15.720832985
   -1.808795770   -0.349065850   20.450825425  -10.664847926  -18.453129195
   -1.618396215   -0.349065850   18.052689814  -13.638985468  -20.624032959
   -1.427996661   -0.349065850   15.666167326  -10.238887809  -21.650014770
   -1.237597106   -0.349065850   14.575014364   -0.279887635  -21.021167495
   -1.047197551   -0.349065850   15.791642641   13.303697044  -18.618308131
   -0.856797996   -0.349065850   19.582958440   25.896236447  -14.849356908
   -0.666398442   -0.349065850   25.318235541   32.999773426  -10.505558384
   -0.475998887   -0.349065850   31.632183314   31.688948029   -6.427466683
   -0.285599332   -0.349065850   36.811502049   21.134912318   -3.172223736
   -0.095199777   -0.349065850   39.205704421    2.939212137   -0.816307485
    0.095199777   -0.349065850   37.706155986  -18.898917573    1.002405530
    0.285599332   -0.349065850   32.186667321  -38.091706075    2.866151009
    0.475998887   -0.349065850   23.836073336  -47.496576527    5.253540005
    0.666398442   -0.349065850   15.088350375  -41.709713392    8.255161166
    0.856797996   -0.349065850    8.989133858  -20.109620033   11.462831803
    1.047197551   -0.349065850    8.118285976   11.856171742   14.137414207
    1.237597106   -0.349065850   13.551375748   44.318796968   15.586707925
    1.427996661   -0.349065850   24.395900652   67.261243290   15.514167189
    1.618396215   -0.349065850   38.172074525   74.611684474   14.147556429
    1.808795770   -0.349065850   51.795759601   66.038004055   12.082753740
    1.999195325   -0.349065850   62.582545820   45.775926901    9.979318608
    2.189594880   -0.349065850   68.870987221   19.806754453    8.277225544
    2.379994435   -0.349065850   70.117027926   -6.392711920    7.076286201
    2.570393989   -0.349065850   66.687647411  -28.720414306    6.175585611
    2.760793544   -0.349065850   59.613458542  -44.294223003    5.206478405
    2.951193099   -0.349065850   50.388266764  -51.154446819    3.817410953

   -3.141592654    0.000000000   41.337158794  -52.938789715    0.281498892
   -2.951193099    0.000000000   32.068764671  -43.408067224   -2.158780064
   -2.760793544    0.000000000   25.134503014  -29.124210338   -4.776011088
   -2.570393989    0.000000000   20.966646396  -15.176551857   -7.367615248
   -2.379994435    0.000000000   19.033881716   -6.262299955   -9.826512626
   -2.189594880    0.000000000   18.120136473   -4.524184517  -12.153795022
   -1.999195325    0.000000000   16.943825754   -8.463031995  -14.337535073
   -1.808795770    0.000000000   14.817688660  -13.612825947  -16.188214190
   -1.618396215    0.000000000   12.016078817  -14.769371250  -17.274550863
   -1.427996661    0.000000000    9.657055273   -8.704923335  -17.075201815
   -1.237597106    0.000000000    9.140429169    4.194167224  -15.270762369
   -1.047197551    0.000000000   11.445567894   20.075218096  -12.006553966
   -0.856797996    0.000000000   16.636140914   33.548855256   -7.916815388
   -0.666398442    0.000000000   23.782296779   39.922781437   -3.866840310
   -0.475998887    0.000000000   31.249524714   36.750346307   -0.568814021
   -0.285599332    0.000000000   37.191874174   24.132831418    1.711902223
   -0.095199777    0.000000000   40.012887337    4.608520674    3.261917846
    0.095199777    0.000000000   38.807433458  -17.244629907    4.749755445
    0.285599332    0.000000000   33.706811738  -35.177455129    6.899034719
    0.475998887    0.000000000   26.086398393  -42.730749937   10.104814043
    0.666398442    0.000000000   18.392890074  -35.586122038   14.164677645
    0.856797996    0.000000000   13.481295589  -14.069887681   18.272586916
    1.047197551    0.000000000   13.614744428   16.084637821   21.336774589
    1.237597106    0.000000000   19.579391712   45.558695819   22.491713499
    1.427996661    0.000000000   30.358576178   65.421990170   21.495680326
    1.618396215    0.000000000   43.560057194   70.635643633   18.804686100
    1.808795770    0.000000000   56.335323043   61.348544926   15.297477183
    1.999195325    0.000000000   66.262004305   41.594048408   11.861648909
    2.189594880    0.000000000   71.855241960   16.723247742    9.053750505
    2.379994435    0.000000000   72.614089978   -8.493287077    6.990904674
    2.570393989    0.000000000   68.831243770  -30.461224286    5.442725196
    2.760793544    0.000000000   61.398280271  -46.443538518    4.013906179
    2.951193099    0.000000000   51.676891812  -54.282931499    2.352803200

   -3.141592654    0.349065850   42.418445786  -56.036366251    0.038118935
   -2.951193099    0.349065850   32.486949223  -47.207938266   -1.440212332
   -2.760793544    0.349065850   24.786571855  -33.294443580   -2.961550741
   -2.570393989    0.349065850   19.818095648  -19.360577792   -4.471214198
   -2.379994435    0.349065850   17.105644846  -10.240635933   -5.964000041
   -2.189594880    0.349065850   15.463667439   -8.167160500   -7.463763717
   -1.999195325    0.349065850   13.644389800  -11.507231184   -8.922377340
   -1.808795770    0.349065850   11.038414890  -15.485803707  -10.116888808
   -1.618396215    0.349065850    8.053178400  -14.698356158  -10.649024709
   -1.427996661    0.349065850    5.940506558   -6.139094015  -10.118034024
   -1.237597106    0.349065850    6.145317508    9.107306168   -8.368675938
   -1.047197551    0.349065850    9.536770804   26.341201675   -5.659769924
   -0.856797996    0.349065850   15.931943240   39.681158025   -2.600301114
   -0.666398442    0.349065850   24.124496819   44.622945872    0.141738566
   -0.475998887    0.349065850   32.302402414   39.505943140    2.176211117
   -0.285599332    0.349065850   38.618236450   25.460993547    3.575990880
   -0.095199777    0.349065850   41.655058350    5.798440751    4.862521875
    0.095199777    0.349065850   40.784599685  -14.683512749    6.745515861
    0.285599332    0.349065850   36.391252005  -30.214235328    9.775144100
    0.475998887    0.349065850   29.953191997  -35.388342600   14.010039493
    0.666398442    0.349065850   23.792123760  -27.146587412   18.867658332
    0.856797996    0.349065850   20.426269647   -6.678875402   23.260009523
    1.047197551    0.349065850   21.695248576   20.315007460   26.006546807
    1.237597106    0.349065850   28.062718920   45.489420744   26.350951313
    1.427996661    0.349065850   38.431357226   61.357799141   24.278612945
    1.618396215    0.349065850   50.591729318   64.079981451   20.479139475
    1.808795770    0.349065850   62.035617136   54.238540015   15.988027295
    1.999195325    0.349065850   70.684376094   35.479164222   11.757074332
    2.189594880    0.349065850   75.272493287   12.323181499    8.344887649
    2.379994435    0.349065850   75.352723797  -11.295200347    5.861251987
    2.570393989    0.349065850   71.138009986  -32.332933987    4.097182986
    2.760793544    0.349065850   63.371493202  -48.204205643    2.713063448
    2.951193099    0.349065850   53.271649795  -56.575722514    1.414482236

   -3.141592654    0.698131701   43.941886186  -56.438767484   -0.939516804
   -2.951193099    0.698131701   33.884914880  -48.136320235   -1.205580004
   -2.760793544    0.698131701   25.945012318  -34.875653123   -1.328477149
   -2.570393989    0.698131701   20.614125066  -21.565567131   -1.458863231
   -2.379994435    0.698131701   17.432867584  -12.922144188   -1.738821307
   -2.189594880    0.698131701   15.254284559  -11.063826877   -2.244813564
   -1.999195325    0.698131701   12.895017617  -14.198774575   -2.929134894
   -1.808795770    0.698131701    9.840423314  -17.404271137   -3.603404706
   -1.618396215    0.698131701    6.609653142  -15.279886300   -3.989710826
   -1.427996661    0.698131701    4.539514814   -5.102537938   -3.849761406
   -1.237597106    0.698131701    5.081375675   11.521129127   -3.113747158
   -1.047197551    0.698131701    9.008172832   29.390942675   -1.933605502
   -0.856797996    0.698131701   15.971714732   42.462071124   -0.599841075
   -0.666398442    0.698131701   24.616343757   46.551601147    0.652634379
   -0.475998887    0.698131701   33.081491775   40.670014156    1.819745994
   -0.285599332    0.698131701   39.605534315   26.666752260    3.177962500
   -0.095199777    0.698131701   42.969410073    8.230369415    5.203661042
    0.095199777    0.698131701   42.764759802   -9.993289216    8.334681352
    0.285599332    0.698131701   39.511445802  -22.964769536   12.709392576
    0.475998887    0.698131701   34.644605836  -26.359617518   17.956982682
    0.666398442    0.698131701   30.235704064  -18.134132970   23.181819770
    0.856797996    0.698131701   28.407432383    0.086642175   27.201572551
    1.047197551    0.698131701   30.601990971   23.049609223   28.981241670
    1.237597106    0.698131701   37.047118663   43.591614663   28.068282457
    1.427996661    0.698131701   46.664706391   55.604245260   24.772546609
    1.618396215    0.698131701   57.497063571   56.215570561   19.999707362
    1.808795770    0.698131701   67.399242178   46.215247542   14.838023275
    1.999195325    0.698131701   74.627752527   28.767088074   10.165250638
    2.189594880    0.698131701   78.123745243    7.608362148    6.429906705
    2.379994435    0.698131701   77.498330235  -14.044550223    3.685794416
    2.570393989    0.698131701   72.911189211  -33.597805638    1.765357407
    2.760793544    0.698131701   64.994355486  -48.623629777    0.451703092
    2.951193099    0.698131701   54.845586721  -56.751588064   -0.416233781

   -3.141592654    1.047197551   42.462944790  -56.949506017   -5.189089384
   -2.951193099    1.047197551   32.397717843  -47.732064205   -4.677018844
   -2.760793544    1.047197551   24.595177256  -33.900915198   -3.711577925
   -2.570393989    1.047197551   19.468214817  -20.471149466   -2.620825509
   -2.379994435    1.047197551   16.473417043  -12.108100815   -1.721702883
   -2.189594880    1.047197551   14.405001284  -10.729506151   -1.204310447
   -1.999195325    1.047197551   12.066629133  -14.283584591   -1.080029391
   -1.808795770    1.047197551    8.975548079  -17.651548518   -1.220666043
   -1.618396215    1.047197551    5.706476695  -15.394359365   -1.448367904
   -1.427996661    1.047197551    3.642593937   -4.912647061   -1.623751690
   -1.237597106    1.047197551    4.249089071   11.984574771   -1.673729564
   -1.047197551    1.047197551    8.279081753   29.971173444   -1.562820015
   -0.856797996    1.047197551   15.355925084   43.068038599   -1.236404461
   -0.666398442    1.047197551   24.129177679   47.356398254   -0.563291476
   -0.475998887    1.047197551   32.804888810   42.184490491    0.672276529
   -0.285599332    1.047197551   39.743841150   29.642415674    2.725346328
   -0.095199777    1.047197551   43.870020441   13.348795024    5.810835457
    0.095199777    1.047197551   44.867536588   -2.504080362    9.958500606
    0.285599332    1.047197551   43.227925040  -13.675290416   14.887876178
    0.475998887    1.047197551   40.192620018  -16.716666207   19.941438480
    0.666398442    1.047197551   37.495421652  -10.147555529   24.178675508
    0.856797996    1.047197551   36.874943907    4.520255789   26.651472053
    1.047197551    1.047197551   39.484390589   22.902194173   26.752795032
    1.237597106    1.047197551   45.475042378   39.112158719   24.471799989
    1.427996661    1.047197551   53.927934332   48.139557303   20.390314171
    1.618396215    1.047197551   63.198780212   47.572898559   15.424634355
    1.808795770    1.047197551   71.470552942   37.939293000   10.453567590
    1.999195325    1.047197551   77.232145941   21.711579089    6.058686733
    2.189594880    1.047197551   79.519544428    1.953209120    2.452813677
    2.379994435    1.047197551   77.936273012  -18.494316194   -0.397025999
    2.570393989    1.047197551   72.597765559  -37.065837788   -2.586015249
    2.760793544    1.047197551   64.107210519  -51.172798448   -4.147458316
    2.951193099    1.047197551   53.564905586  -58.306364034   -5.031847930

   -3.141592654    1.396263402   37.945765699  -57.296710595  -11.225821576
   -2.951193099    1.396263402   28.012577843  -46.035832229  -10.624182677
   -2.760793544    1.396263402   20.686975333  -30.716796552   -9.169881498
   -2.570393989    1.396263402   16.238355876  -16.687179990   -7.240405461
   -2.379994435    1.396263402   13.949658030   -8.600908601   -5.252203022
   -2.189594880    1.396263402   12.473676310   -8.075824880   -3.504884114
   -1.999195325    1.396263402   10.541214665  -12.680917158   -2.118890916
   -1.808795770    1.396263402    7.659642077  -17.030819732   -1.090813185
   -1.618396215    1.396263402    4.429219095  -15.580973765   -0.388459875
   -1.427996661    1.396263402    2.270548365   -5.686025310    0.004734288
   -1.237597106    1.396263402    2.698015964   10.934074232    0.138032275
   -1.047197551    1.396263402    6.539286866   29.120068919    0.164223326
   -0.856797996    1.396263402   13.523155376   43.048404046    0.355015840
   -0.666398442    1.396263402   22.426101274   48.839855686    1.039836072
   -0.475998887    1.396263402   31.572434529   45.709762453    2.497795779
   -0.285599332    1.396263402   39.398530269   35.442294264    4.872228727
   -0.095199777    1.396263402   44.831195881   21.185278976    8.131007874
    0.095199777    1.396263402   47.455850371    6.566890616   12.020221218
    0.285599332    1.396263402   47.556694029   -4.729436613   16.045651578
    0.475998887    1.396263402   46.080809246   -9.568262200   19.507616240
    0.666398442    1.396263402   44.449858994   -6.300723295   21.651268139
    0.856797996    1.396263402   44.176199098    4.270710588   21.930411382
    1.047197551    1.396263402   46.359563216   18.805944613   20.230050439
    1.237597106    1.396263402   51.292547077   32.343524097   16.929515578
    1.427996661    1.396263402   58.326627364   40.259788253   12.736035307
    1.618396215    1.396263402   66.100381866   39.890174373    8.389114228
    1.808795770    1.396263402   72.985432716   31.101274084    4.388896547
    1.999195325    1.396263402   77.529188291   15.711694861    0.907429178
    2.189594880    1.396263402   78.728131889   -3.541007450   -2.133610640
    2.379994435    1.396263402   76.124280935  -23.732073794   -4.875328142
    2.570393989    1.396263402   69.818588693  -41.927568299   -7.352150333
    2.760793544    1.396263402   60.475919302  -55.143201753   -9.418318294
    2.951193099    1.396263402   49.315166158  -60.705015938  -10.796462928

   -3.141592654    1.745329252   31.704392438  -57.677364297  -16.411679934
   -2.951193099    1.745329252   21.938922612  -43.939079776  -16.088821353
   -2.760793544    1.745329252   15.205408611  -26.748523594  -14.560409632
   -2.570393989    1.745329252   11.609730153  -11.882700536  -12.136508482
   -2.379994435    1.745329252   10.231625376   -3.989591275   -9.235499051
   -2.189594880    1.745329252    9.558488709   -4.329911694   -6.212273958
   -1.999195325    1.745329252    8.234108541  -10.057608793   -3.279242441
   -1.808795770    1.745329252    5.744140591  -15.533509606   -0.557127710
   -1.618396215    1.745329252    2.699190403  -15.113262717    1.828356037
   -1.427996661    1.745329252    0.548290259   -6.023296297    3.718391486
   -1.237597106    1.745329252    0.871250821   10.271145301    5.008846619
   -1.047197551    1.745329252    4.616113000   28.902813848    5.764752450
   -0.856797996    1.745329252   11.670443264   44.130271806    6.248470047
   -0.666398442    1.745329252   20.955102622   51.823401298    6.824876637
   -0.475998887    1.745329252   30.864003505   50.701907804    7.801101604
   -0.285599332    1.745329252   39.801428648   42.013221640    9.304567179
   -0.095199777    1.745329252   46.569345217   28.466007661   11.242010000
    0.095199777    1.745329252   50.558205590   13.404698700   13.301560768
    0.285599332    1.745329252   51.818508555    0.401939290   15.005903245
    0.475998887    1.745329252   51.067600968   -7.241933223   15.819060776
    0.666398442    1.745329252   49.562170236   -7.331918898   15.317282086
    0.856797996    1.745329252   48.785476739    0.143457932   13.396582418
    1.047197551    1.745329252   49.967031066   12.636059289   10.352925165
    1.237597106    1.745329252   53.644351822   25.552845774    6.780495847
    1.427996661    1.745329252   59.425535620   34.035047052    3.310804343
    1.618396215    1.745329252   66.115474692   34.746956833    0.350282653
    1.808795770    1.745329252   72.111825236   26.828155694   -2.053279824
    1.999195325    1.745329252   75.876118710   11.681016308   -4.137150835
    2.189594880    1.745329252   76.280911209   -7.923893803   -6.234212192
    2.379994435    1.745329252   72.788434323  -28.665278719   -8.563988575
    2.570393989    1.745329252   65.515657530  -47.039996706  -11.102892869
    2.760793544    1.745329252   55.246422169  -59.586655544  -13.562193282
    2.951193099    1.745329252   43.382413619  -63.476972386  -15.483024081

   -3.141592654    2.094395102   24.985181905  -59.116666707  -17.618121988
   -2.951193099    2.094395102   15.174588259  -42.969076952  -17.163868758
   -2.760793544    2.094395102    8.844814599  -23.565349863  -15.419148456
   -2.570393989    2.094395102    6.017587322   -7.123931328  -12.644145168
   -2.379994435    2.094395102    5.635129048    1.591212665   -9.225206350
   -2.189594880    2.094395102    6.054699170    1.488153722   -5.501345676
   -1.999195325    2.094395102    5.830971208   -4.364940785   -1.687695140
   -1.808795770    2.094395102    4.391850474  -10.237895024    2.060569930
   -1.618396215    2.094395102    2.293992786  -10.518711714    5.535976332
   -1.427996661    2.094395102    0.929148783   -2.397594995    8.451671993
   -1.237597106    2.094395102    1.844932856   12.888299379   10.553272612
   -1.047197551    2.094395102    6.015032399   30.822543833   11.773567284
   -0.856797996    2.094395102   13.411231098   45.887585711   12.292256695
   -0.666398442    2.094395102   23.055407840   53.891251794   12.437996502
   -0.475998887    2.094395102   33.403400484   53.227668058   12.504784066
   -0.285599332    2.094395102   42.847673431   44.733452614   12.609727658
   -0.095199777    2.094395102   50.105627849   30.767722205   12.651076936
    0.095199777    2.094395102   54.430831312   14.495145235   12.352810564
    0.285599332    2.094395102   55.722613002   -0.466331022   11.368879906
    0.475998887    2.094395102   54.583737420  -10.481739402    9.427374672
    0.666398442    2.094395102   52.246699653  -12.724602400    6.483024830
    0.856797996    2.094395102   50.304099526   -6.496512516    2.837606701
    1.047197551    2.094395102   50.206596381    6.078261063   -0.915827601
    1.237597106    2.094395102   52.743188215   20.285919536   -4.115844702
    1.427996661    2.094395102   57.695442466   30.619790926   -6.327294153
    1.618396215    2.094395102   63.895021275   32.904082316   -7.525501991
    1.808795770    2.094395102   69.621202404   25.661765908   -8.077944192
    1.999195325    2.094395102   73.144291256   10.158740338   -8.538007200
    2.189594880    2.094395102   73.163234031  -10.527264834   -9.392031569
    2.379994435    2.094395102   69.053147028  -32.520305379  -10.871103330
    2.570393989    2.094395102   60.957061279  -51.711079759  -12.882668009
    2.760793544    2.094395102   49.788527416  -64.182548967  -15.042181737
    2.951193099    2.094395102   37.140641642  -66.934860201  -16.799614994

   -3.141592654    2.443460953   19.280671915  -59.843918797  -12.362679776
   -2.951193099    2.443460953    9.532219822  -41.577689742  -11.594046225
   -2.760793544    2.443460953    3.667163513  -20.139909388   -9.836584531
   -2.570393989    2.443460953    1.652163826   -2.113759680   -7.225834871
   -2.379994435    2.443460953    2.331133522    7.644064457   -3.982236917
   -2.189594880    2.443460953    3.968585181    8.169509923   -0.292615036
   -1.999195325    2.443460953    5.053363350    2.647384510    3.723313081
   -1.808795770    2.443460953    4.954746133   -3.245334298    7.925985602
   -1.618396215    2.443460953    4.145659183   -4.080747474   12.038921968
   -1.427996661    2.443460953    3.904701958    2.870998280   15.629880605
   -1.237597106    2.443460953    5.676173765   16.564300585   18.244638295
   -1.047197551    2.443460953   10.391142975   32.901611807   19.607253961
   -0.856797996    2.443460953   18.058914671   46.735370611   19.737529962
   -0.666398442    2.443460953   27.786148290   53.975717955   18.892070998
   -0.475998887    2.443460953   38.101598348   52.812483503   17.388223797
   -0.285599332    2.443460953   47.415292976   43.732534666   15.432627831
   -0.095199777    2.443460953   54.398519811   28.802001531   13.043632487
    0.095199777    2.443460953   58.219789833   11.090175009   10.096907635
    0.285599332    2.443460953   58.698769645   -5.624375828    6.457995344
    0.475998887    2.443460953   56.415187902  -17.289566536    2.149585651
    0.666398442    2.443460953   52.674764069  -20.487448669   -2.530547702
    0.856797996    2.443460953   49.253438819  -14.026239903   -6.992300734
    1.047197551    2.443460953   47.848126445    0.081695902  -10.530927995
    1.237597106    2.443460953   49.464220130   16.704024240  -12.611339921
    1.427996661    2.443460953   53.976650305   29.524054098  -13.115796241
    1.618396215    2.443460953   60.149579921   33.548339761  -12.395957687
    1.808795770    2.443460953   66.068744480   26.840177934  -11.110135301
    1.999195325    2.443460953   69.772496924   10.718982226   -9.944671197
    2.189594880    2.443460953   69.777713934  -11.295140620   -9.374662343
    2.379994435    2.443460953   65.380827942  -34.728101168   -9.557133182
    2.570393989    2.443460953   56.759693271  -54.897996508  -10.347459578
    2.760793544    2.443460953   44.957141297  -67.490599909  -11.381880784
    2.951193099    2.443460953   31.747137768  -69.368396308  -12.198144682

   -3.141592654    2.792526803   16.308189125  -59.488715440    0.999825143
   -2.951193099    2.792526803    6.746549339  -39.951887604    2.877550172
   -2.760793544    2.792526803    1.323301378  -17.142823415    4.809901541
   -2.570393989    2.792526803    0.000000000    2.114665508    6.754416486
   -2.379994435    2.792526803    1.583040744   12.870737475    8.788883631
   -2.189594880    2.792526803    4.295303224   14.202910197   11.106652828
   -1.999195325    2.792526803    6.592838636    9.317047231   13.903653027
   -1.808795770    2.792526803    7.803167248    3.761765373   17.195581627
   -1.618396215    2.792526803    8.317665140    2.695992762   20.681570760
   -1.427996661    2.792526803    9.283650419    8.634001139   23.773887695
   -1.237597106    2.792526803   11.994590313   20.565027215   25.809005168
   -1.047197551    2.792526803   17.266299770   34.717250337   26.330893202
   -0.856797996    2.792526803   25.068708236   46.361404592   25.267837668
   -0.666398442    2.792526803   34.537908979   51.686587226   22.892682984
   -0.475998887    2.792526803   44.259094919   48.893744296   19.628062574
   -0.285599332    2.792526803   52.681605620   38.290565901   15.830491745
   -0.095199777    2.792526803   58.480273688   21.790171411   11.671924203
    0.095199777    2.792526803   60.815826695    2.517327301    7.173050717
    0.285599332    2.792526803   59.537332388  -15.412797896    2.341339056
    0.475998887    2.792526803   55.338649347  -27.432297038   -2.663669660
    0.666398442    2.792526803   49.735703439  -29.656049699   -7.443958123
    0.856797996    2.792526803   44.774507742  -20.800334545  -11.405356772
    1.047197551    2.792526803   42.390130739   -3.311023189  -13.967479169
    1.237597106    2.792526803   43.698925834   16.819500399  -14.827695538
    1.427996661    2.792526803   48.509712467   32.353826803  -14.113429870
    1.618396215    2.792526803   55.372500183   37.726637259  -12.325490200
    1.808795770    2.792526803   62.101620367   30.968774957  -10.107731152
    1.999195325    2.792526803   66.503967861   13.818945173   -7.987953278
    2.189594880    2.792526803   66.964798912   -9.624169717   -6.221326789
    2.379994435    2.792526803   62.754333432  -34.388488393   -4.794622614
    2.570393989    2.792526803   54.103195036  -55.462647420   -3.531422484
    2.760793544    2.792526803   42.153708574  -68.366084337   -2.220727054
    2.951193099    2.792526803   28.799261717  -69.914325172   -0.721092053
