#! FIELDS phi psi file.free der_phi der_psi
#! SET min_phi -pi
#! SET max_phi pi
#! SET nbins_phi  33
#! SET periodic_phi true
#! SET min_psi -pi
#! SET max_psi pi
#! SET nbins_psi  18
#! SET periodic_psi true
   -3.141592654   -3.141592654   17.903583199  -54.122185781   17.910773229
   -2.951193099   -3.141592654    9.366086417  -34.889157274   20.425683546
   -2.760793544   -3.141592654    4.765786449  -13.759005212   21.874022100
   -2.570393989   -3.141592654    3.891029932    3.453343227   22.482020053
   -2.379994435   -3.141592654    5.599326691   13.043227637   22.763755565
   -2.189594880   -3.141592654    8.361570201   14.812449763   23.354233307
   -1.999195325   -3.141592654   10.937192486   11.788727960   24.762515287
   -1.808795770   -3.141592654   12.848976804    8.638257758   27.142493487
   -1.618396215   -3.141592654   14.488395919    9.450856527   30.166484735
   -1.427996661   -3.141592654   16.826716969   16.035783985   33.102337510
   -1.237597106   -3.141592654   20.905915202   27.308127958   35.063570128
   -1.047197551   -3.141592654   27.325139335   39.902328179   35.327197077
   -0.856797996   -3.141592654   35.932400286   49.573452079   33.561975073
   -0.666398442   -3.141592654   45.809053999   52.702661429   29.860170542
   -0.475998887   -3.141592654   55.485251282   47.299748639   24.614546233
   -0.285599332   -3.141592654   63.301976655   33.367526251   18.339055027
   -0.095199777   -3.141592654   67.789259453   12.822654016   11.533090934
    0.095199777   -3.141592654   68.017454862  -10.621241720    4.652090052
    0.285599332   -3.141592654   63.907077161  -31.786416452   -1.856627502
    0.475998887   -3.141592654   56.441499632  -44.978099503   -7.508871006
    0.666398442   -3.141592654   47.604361785  -45.614968255  -11.809112091
    0.856797996   -3.141592654   39.973323047  -32.505233653  -14.358627385
    1.047197551   -3.141592654   35.917451428   -8.988845261  -15.019816530
    1.237597106   -3.141592654   36.758284825   17.496724119  -14.018914848
    1.427996661   -3.141592654   42.217578335   38.147736790  -11.879287423
    1.618396215   -3.141592654   50.488851319   46.254023956   -9.202680073
    1.808795770   -3.141592654   58.883369588   39.489506142   -6.414756118
    1.999195325   -3.141592654   64.729926284   20.205407617   -3.633651091
    2.189594880   -3.141592654   66.130125909   -6.146244231   -0.710098549
    2.379994435   -3.141592654   62.355618777  -33.062375545    2.584128747
    2.570393989   -3.141592654   53.889298052  -54.546687676    6.348780284
    2.760793544   -3.141592654   42.217228937  -66.177539548   10.434340808
    2.951193099   -3.141592654   29.467733784  -65.794394315   14.451103076

   -3.141592654   -2.792526803   25.829647481  -49.392527212   26.234031259
   -2.951193099   -2.792526803   17.964600122  -32.591625747   28.494480264
   -2.760793544   -2.792526803   13.583819129  -13.648886756   29.389849515
   -2.570393989   -2.792526803   12.591600202    2.311692604   29.302053367
   -2.379994435   -2.792526803   14.069346986   11.999286684   28.906336749
   -2.189594880   -2.792526803   16.748392191   15.166209220   28.931391485
   -1.999195325   -2.792526803   19.591578381   14.312396978   29.868939349
   -1.808795770   -2.792526803   22.190398206   13.235294096   31.762639880
   -1.618396215   -2.792526803   24.827104839   15.092045543   34.136235663
   -1.427996661   -2.792526803   28.205843596   21.012367678   36.132977945
   -1.237597106   -2.792526803   33.017867675   29.747708949   36.802443151
   -1.047197551   -2.792526803   39.537991604   38.359686656   35.436532070
   -0.856797996   -2.792526803   47.417426137   43.466725609   31.803817872
   -0.666398442   -2.792526803   55.720035582   42.427783680   26.180908638
   -0.475998887   -2.792526803   63.130670125   34.034325062   19.211018084
   -0.285599332   -2.792526803   68.260715795   18.697517339   11.676538798
   -0.095199777   -2.792526803   69.951629377   -1.613551597    4.292360577
    0.095199777   -2.792526803   67.568789547  -23.392316706   -2.372964074
    0.285599332   -2.792526803   61.276071988  -41.776223021   -7.892453027
    0.475998887   -2.792526803   52.234647216  -51.445875568  -11.934615194
    0.666398442   -2.792526803   42.528673748  -48.260372939  -14.261243313
    0.856797996   -2.792526803   34.742138015  -31.564709969  -14.794716949
    1.047197551   -2.792526803   31.145180706   -5.263669967  -13.700083579
    1.237597106   -2.792526803   32.867343266   22.837779572  -11.402247193
    1.427996661   -2.792526803   39.402843978   43.959166174   -8.452172230
    1.618396215   -2.792526803   48.762208207   51.815836745   -5.313761967
    1.808795770   -2.792526803   58.179253946   44.708233785   -2.184419933
    1.999195325   -2.792526803   65.017248616   25.497994303    1.025599491
    2.189594880   -2.792526803   67.478315965   -0.213535946    4.572367539
    2.379994435   -2.792526803   64.923876013  -26.173182047    8.665857251
    2.570393989   -2.792526803   57.850305222  -46.892341033   13.289332940
    2.760793544   -2.792526803   47.655123418  -58.487769989   18.131370766
    2.951193099   -2.792526803   36.292878130  -59.107199729   22.644095824

   -3.141592654   -2.443460953   34.569416654  -44.347418239   23.511778636
   -2.951193099   -2.443460953   27.449587747  -29.833308434   25.338590395
   -2.760793544   -2.443460953   23.389606265  -12.941951310   26.015559600
   -2.570393989   -2.443460953   22.399212485    1.801383530   25.859197492
   -2.379994435   -2.443460953   23.754358542   11.416050480   25.397496529
   -2.189594880   -2.443460953   26.398387282   15.509964778   25.167941375
   -1.999195325   -2.443460953   29.434662682   16.006854018   25.485844650
   -1.808795770   -2.443460953   32.458931531   15.873193691   26.300504409
   -1.618396215   -2.443460953   35.598575132   17.496331485   27.167431047
   -1.427996661   -2.443460953   39.287343311   21.601557793   27.390475419
   -1.237597106   -2.443460953   43.920729537   27.101858532   26.261696645
   -1.047197551   -2.443460953   49.562797393   31.756419925   23.332221460
   -0.856797996   -2.443460953   55.820132753   33.166440530   18.592193634
   -0.666398442   -2.443460953   61.894540279   29.580540506   12.477291449
   -0.475998887   -2.443460953   66.744455789   20.291305406    5.722208787
   -0.285599332   -2.443460953   69.304611553    5.705648417   -0.867701820
   -0.095199777   -2.443460953   68.698859333  -12.567404113   -6.643235328
    0.095199777   -2.443460953   64.487711024  -31.551898424  -11.196941360
    0.285599332   -2.443460953   56.932627670  -46.853664056  -14.357349810
    0.475998887   -2.443460953   47.215266066  -53.487712944  -16.106793925
    0.666398442   -2.443460953   37.387848653  -47.552075909  -16.505549855
    0.856797996   -2.443460953   29.958119665  -28.611751111  -15.682588336
    1.047197551   -2.443460953   27.079399830   -0.790977815  -13.849487028
    1.237597106   -2.443460953   29.731996605   28.021867998  -11.312380728
    1.427996661   -2.443460953   37.267399348   49.201728535   -8.401214191
    1.618396215   -2.443460953   47.604787189   56.845588056   -5.362717278
    1.808795770   -2.443460953   57.970269729   49.696375895   -2.272760401
    1.999195325   -2.443460953   65.789781524   30.900517434    0.947501765
    2.189594880   -2.443460953   69.356385002    6.046097561    4.449126360
    2.379994435   -2.443460953   68.091763279  -18.906259383    8.325784978
    2.570393989   -2.443460953   62.478156315  -38.921320237   12.505809476
    2.760793544   -2.443460953   53.812472854  -50.555471929   16.720037205
    2.951193099   -2.443460953   43.880942354  -52.185776563   20.538612618

   -3.141592654   -2.094395102   40.926361932  -40.712354664   13.466711838
   -2.951193099   -2.094395102   34.351405807  -27.755654823   14.647773469
   -2.760793544   -2.094395102   30.549537362  -12.244568366   15.222259536
   -2.570393989   -2.094395102   29.600499782    1.646471230   15.329575310
   -2.379994435   -2.094395102   30.898116523   11.072551704   15.174695982
   -2.189594880   -2.094395102   33.499979156   15.457427198   14.929951456
   -1.999195325   -2.094395102   36.560114424   16.274443842   14.633132482
   -1.808795770   -2.094395102   39.627688047   15.933293081   14.149826879
   -1.618396215   -2.094395102   42.685403803   16.402265648   13.196152698
   -1.427996661   -2.094395102   45.972115289   18.318386813   11.448496154
   -1.237597106   -2.094395102   49.711463255   20.937670537    8.676893264
   -1.047197551   -2.094395102   53.897882373   22.712912246    4.869173051
   -0.856797996   -2.094395102   58.217436167   22.058326198    0.282930917
   -0.666398442   -2.094395102   62.089993533   17.830515260   -4.607641218
   -0.475998887   -2.094395102   64.767761528    9.491523102   -9.238697959
   -0.285599332   -2.094395102   65.465571815   -2.890832437  -13.110069485
   -0.095199777   -2.094395102   63.487498924  -18.335709234  -15.938195859
    0.095199777   -2.094395102   58.447336089  -34.538445728  -17.682570326
    0.285599332   -2.094395102   50.552101107  -47.531908119  -18.498837703
    0.475998887   -2.094395102   40.878134703  -52.432810674  -18.610236463
    0.666398442   -2.094395102   31.379101546  -45.211174517  -18.175683500
    0.856797996   -2.094395102   24.493948085  -25.257423465  -17.245625155
    1.047197551   -2.094395102   22.332605458    3.364050628  -15.791274211
    1.237597106   -2.094395102   25.833374567   32.739163072  -13.798014353
    1.427996661   -2.094395102   34.300755256   54.231821051  -11.323191110
    1.618396215   -2.094395102   45.610562743   62.007526113   -8.496678056
    1.808795770   -2.094395102   56.968171815   54.948937612   -5.467141025
    1.999195325   -2.094395102   65.803359385   36.326296083   -2.365759669
    2.189594880   -2.094395102   70.429337822   11.752446682    0.724051461
    2.379994435   -2.094395102   70.281545214  -12.906683426    3.749700011
    2.570393989   -2.094395102   65.826376126  -32.808554416    6.652136758
    2.760793544   -2.094395102   58.305140810  -44.737962106    9.337998930
    2.951193099   -2.094395102   49.410597857  -47.210690274   11.661564403

   -3.141592654   -1.745329252   43.585385687  -38.331568979    4.630294355
   -2.951193099   -1.745329252   37.397782344  -26.101825763    5.261723865
   -2.760793544   -1.745329252   33.830851954  -11.441702990    5.664372907
   -2.570393989   -1.745329252   32.953214607    1.602258936    5.805733962
   -2.379994435   -1.745329252   34.167873351   10.255400140    5.627372624
   -2.189594880   -1.745329252   36.542458133   13.873086173    5.034596236
   -1.999195325   -1.745329252   39.215387902   13.751587387    3.896916036
   -1.808795770   -1.745329252   41.686857669   12.135410684    2.086184682
   -1.618396215   -1.745329252   43.872465546   11.000024917   -0.470259192
   -1.427996661   -1.745329252   45.968242445   11.228796307   -3.722948822
   -1.237597106   -1.745329252   48.221009329   12.515632238   -7.468975541
   -1.047197551   -1.745329252   50.737869286   13.775854295  -11.363310948
   -0.856797996   -1.745329252   53.394726584   13.731004678  -14.979300576
   -0.666398442   -1.745329252   55.831509271   11.247947239  -17.905536863
   -0.475998887   -1.745329252   57.490530078    5.480931805  -19.839737202
   -0.285599332   -1.745329252   57.694773943   -4.072791021  -20.655759956
   -0.095199777   -1.745329252   55.736248226  -17.056078911  -20.462995131
    0.095199777   -1.745329252   51.106680047  -31.675311611  -19.569671726
    0.285599332   -1.745329252   43.822009236  -44.151988172  -18.397733097
    0.475998887   -1.745329252   34.768335297  -49.396910313  -17.326064649
    0.666398442   -1.745329252   25.781413111  -42.877600047  -16.532350484
    0.856797996   -1.745329252   19.286481384  -23.417637956  -15.937476078
    1.047197551   -1.745329252   17.470996521    5.260555517  -15.257736722
    1.237597106   -1.745329252   21.383995336   35.239658113  -14.175218614
    1.427996661   -1.745329252   30.411270635   57.615300376  -12.498849453
    1.618396215   -1.745329252   42.445389089   66.179428718  -10.251981590
    1.808795770   -1.745329252   54.646733936   59.551755857   -7.639206915
    1.999195325   -1.745329252   64.366543764   40.938402893   -4.960007268
    2.189594880   -1.745329252   69.846657497   16.068910794   -2.482675525
    2.379994435   -1.745329252   70.483878612   -8.990697029   -0.369020977
    2.570393989   -1.745329252   66.739582991  -29.247951527    1.341727670
    2.760793544   -1.745329252   59.867470515  -41.478724966    2.700652026
    2.951193099   -1.745329252   51.561923856  -44.302028826    3.779853624

   -3.141592654   -1.396263402   41.804618290  -38.188445060    2.394397279
   -2.951193099   -1.396263402   35.679955301  -25.594666452    2.308255857
   -2.760793544   -1.396263402   32.232006215  -10.757579558    2.089895567
   -2.570393989   -1.396263402   31.469186102    2.032867542    1.661998194
   -2.379994435   -1.396263402   32.697625004    9.865617079    0.850768646
   -2.189594880   -1.396263402   34.873929005   12.087579310   -0.581897136
   -1.999195325   -1.396263402   37.037296935   10.134803110   -2.853634436
   -1.808795770   -1.396263402   38.631557269    6.550610142   -6.043389214
   -1.618396215   -1.396263402   39.587221065    3.760449156   -9.994195450
   -1.427996661   -1.396263402   40.208580402    3.152601838  -14.293225826
   -1.237597106   -1.396263402   40.938368230    4.813994196  -18.360774582
   -1.047197551   -1.396263402   42.128974084    7.755745739  -21.612817548
   -0.856797996   -1.396263402   43.885958403   10.428347477  -23.619069357
   -0.666398442   -1.396263402   45.995981237   11.133061414  -24.197664565
   -0.475998887   -1.396263402   47.925828098    8.356889332  -23.422662437
   -0.285599332   -1.396263402   48.902119529    0.982986707  -21.571714012
   -0.095199777   -1.396263402   48.019747372  -11.027888406  -19.080319296
    0.095199777   -1.396263402   44.522716547  -26.028321220  -16.455046806
    0.285599332   -1.396263402   38.181798889  -40.047507205  -14.171790353
    0.475998887   -1.396263402   29.706880011  -47.463399867  -12.547286427
    0.666398442   -1.396263402   20.885955189  -42.982112579  -11.628106853
    0.856797996   -1.396263402   14.242460270  -24.684493989  -11.194733755
    1.047197551   -1.396263402   12.175608314    4.093286535  -10.855213709
    1.237597106   -1.396263402   15.970132226   35.298706624  -10.220590035
    1.427996661   -1.396263402   25.176721928   59.449216842   -9.055204935
    1.618396215   -1.396263402   37.719522045   69.587004141   -7.346487358
    1.808795770   -1.396263402   50.661681787   63.750433110   -5.273359382
    1.999195325   -1.396263402   61.179018457   44.951424222   -3.123454843
    2.189594880   -1.396263402   67.341424983   19.121645875   -1.180314604
    2.379994435   -1.396263402   68.440000312   -7.214878823    0.359601893
    2.570393989   -1.396263402   64.921856020  -28.588477363    1.422341905
    2.760793544   -1.396263402   58.104604676  -41.468396437    2.046062543
    2.951193099   -1.396263402   49.781489520  -44.411618046    2.332735817

   -3.141592654   -1.047197551   38.807063952  -40.507383000    4.586402556
   -2.951193099   -1.047197551   32.300539557  -27.243606389    3.477763012
   -2.760793544   -1.047197551   28.611202341  -11.677866044    2.118951973
   -2.570393989   -1.047197551   27.713614266    1.430064410    0.540473393
   -2.379994435   -1.047197551   28.797570038    8.797585507   -1.346907747
   -2.189594880   -1.047197551   30.657140315    9.697749962   -3.738459737
   -1.999195325   -1.047197551   32.192083423    5.879466540   -6.835366958
   -1.808795770   -1.047197551   32.800217191    0.530287254  -10.683093814
   -1.618396215   -1.047197551   32.503678650   -3.175021100  -15.026256867
   -1.427996661   -1.047197551   31.825960467   -3.302577672  -19.288011274
   -1.237597106   -1.047197551   31.492555747    0.328098710  -22.716212868
   -1.047197551   -1.047197551   32.106807464    6.312036899  -24.645466251
   -0.856797996   -1.047197551   33.911565600   12.357569173  -24.735841720
   -0.666398442   -1.047197551   36.680327775   15.980731145  -23.077217972
   -0.475998887   -1.047197551   39.732239588   15.085288516  -20.123299561
   -0.285599332   -1.047197551   42.064269097    8.260903953  -16.516775848
   -0.095199777   -1.047197551   42.513646233   -4.523962778  -12.904985426
    0.095199777   -1.047197551   40.094028202  -21.356321749   -9.782514033
    0.285599332   -1.047197551   34.419563072  -37.762300494   -7.404785214
    0.475998887   -1.047197551   26.155764947  -47.455414141   -5.776964549
    0.666398442   -1.047197551   17.175662932  -44.501823531   -4.708427592
    0.856797996   -1.047197551   10.188936390  -26.580033521   -3.940617663
    1.047197551   -1.047197551    7.819864155    2.966733351   -3.243592791
    1.237597106   -1.047197551   11.537809843   35.682701744   -2.469286546
    1.427996661   -1.047197551   20.977992016   61.474730620   -1.540945132
    1.618396215   -1.047197551   34.031148835   72.800169372   -0.430663284
    1.808795770   -1.047197551   47.635924969   67.336990763    0.849315862
    1.999195325   -1.047197551   58.801476409   48.030639746    2.226073152
    2.189594880   -1.047197551   65.444824513   21.005020101    3.560759097
    2.379994435   -1.047197551   66.758886809   -6.855260483    4.675330145
    2.570393989   -1.047197551   63.166703949  -29.679979272    5.401865673
    2.760793544   -1.047197551   56.033919736  -43.595509317    5.630820060
    2.951193099   -1.047197551   47.255625559  -46.953829527    5.339991803

   -3.141592654   -0.698131701   38.856465885  -44.008770802    4.517262290
   -2.951193099   -0.698131701   31.639622759  -31.130963266    2.114881068
   -2.760793544   -0.698131701   27.200342515  -15.629330937   -0.482846782
   -2.570393989   -0.698131701   25.550830609   -2.536654129   -3.131378699
   -2.379994435   -0.698131701   25.858667451    4.542821039   -5.853239411
   -2.189594880   -0.698131701   26.845780733    4.717191560   -8.819675178
   -1.999195325   -0.698131701   27.339492462   -0.084556815  -12.202611982
   -1.808795770   -0.698131701   26.735269360   -6.130709941  -15.966805655
   -1.618396215   -0.698131701   25.176138800   -9.560783028  -19.716351616
   -1.427996661   -0.698131701   23.419867950   -7.995265553  -22.739366758
   -1.237597106   -0.698131701   22.462297673   -1.357114863  -24.259105354
   -1.047197551   -0.698131701   23.099629310    8.270519017  -23.779552069
   -0.856797996   -0.698131701   25.605969085   17.635726752  -21.323809075
   -0.666398442   -0.698131701   29.609117419   23.424617970  -17.436078795
   -0.475998887   -0.698131701   34.161562252   23.131400265  -12.960966823
   -0.285599332   -0.698131701   37.962805486   15.427461842   -8.732831049
   -0.095199777   -0.698131701   39.607898435    0.752281851   -5.304375231
    0.095199777   -0.698131701   37.981192879  -18.300703856   -2.818274121
    0.285599332   -0.698131701   32.700109514  -36.584974397   -1.043248820
    0.475998887   -0.698131701   24.543754959  -47.349362352    0.439659338
    0.666398442   -0.698131701   15.555146591  -44.569613896    1.991270192
    0.856797996   -0.698131701    8.596262616  -26.162146481    3.705309001
    1.047197551   -0.698131701    6.377794253    4.122223323    5.395097670
    1.237597106   -0.698131701   10.381381361   37.480871719    6.761570788
    1.427996661   -0.698131701   20.207291411   63.677175261    7.618052368
    1.618396215   -0.698131701   33.700264125   75.179160260    8.013632592
    1.808795770   -0.698131701   47.760590373   69.710691211    8.173944524
    1.999195325   -0.698131701   59.361880891   50.193387751    8.327463957
    2.189594880   -0.698131701   66.374685730   22.671783665    8.545121785
    2.379994435   -0.698131701   67.931840816   -6.021660135    8.702118632
    2.570393989   -0.698131701   64.394499647  -29.974683599    8.552302524
    2.760793544   -0.698131701   57.086187337  -45.143969536    7.855011062
    2.951193099   -0.698131701   47.900877304  -49.644249421    6.493917688

   -3.141592654   -0.349065850   40.050341625  -49.143931191    3.299807059
   -2.951193099   -0.349065850   31.792145404  -36.827219345    0.011055789
   -2.760793544   -0.349065850   26.254721344  -21.393029611   -3.330082352
   -2.570393989   -0.349065850   23.521875213   -8.142246679   -6.496276593
   -2.379994435   -0.349065850   22.769898089   -1.028077295   -9.458345560
   -2.189594880   -0.349065850   22.676076091   -1.106687562  -12.361667179
   -1.999195325   -0.349065850   22.028001515   -6.222724915  -15.349321024
   -1.808795770   -0.349065850   20.261152804  -12.052962449  -18.330672791
   -1.618396215   -0.349065850   17.683972528  -14.090785289  -20.840330993
   -1.427996661   -0.349065850   15.311707402   -9.703767073  -22.148533496
   -1.237597106   -0.349065850   14.383982119    0.763576865  -21.589939656
   -1.047197551   -0.349065850   15.798737824   14.214890495  -18.942452381
   -0.856797996   -0.349065850   19.717021761   26.247227032  -14.612428897
   -0.666398442   -0.349065850   25.464483234   32.788186874   -9.505520357
   -0.475998887   -0.349065850   31.712088255   31.272030037   -4.661330003
   -0.285599332   -0.349065850   36.833752160   21.010445009   -0.858853373
   -0.095199777   -0.349065850   39.266775823    3.490556626    1.660572777
    0.095199777   -0.349065850   37.945945848  -17.624373967    3.215056505
    0.285599332   -0.349065850   32.710916019  -36.518885738    4.480518981
    0.475998887   -0.349065850   24.627690886  -46.449561870    6.130223792
    0.666398442   -0.349065850   15.957541287  -42.095125678    8.480602266
    0.856797996   -0.349065850    9.609043400  -22.369297746   11.303804314
    1.047197551   -0.349065850    8.163735243    8.236567615   13.954712356
    1.237597106   -0.349065850   12.892492266   40.820856716   15.742355431
    1.427996661   -0.349065850   23.229151916   65.664593846   16.303988820
    1.618396215   -0.349065850   36.976922652   75.938399694   15.765628838
    1.808795770   -0.349065850   51.107675145   69.797964219   14.601656997
    1.999195325   -0.349065850   62.703435440   50.110587595   13.330161179
    2.189594880   -0.349065850   69.696563541   22.532877153   12.231721548
    2.379994435   -0.349065850   71.199757390   -6.521647207   11.257554335
    2.570393989   -0.349065850   67.491888247  -31.352868264   10.124488038
    2.760793544   -0.349065850   59.802775657  -47.814039960    8.503992368
    2.951193099   -0.349065850   49.976752099  -53.694026874    6.213948231

   -3.141592654    0.000000000   40.994252617  -55.289134723    1.127252575
   -2.951193099    0.000000000   31.526479180  -43.252723898   -2.157841553
   -2.760793544    0.000000000   24.789565365  -27.467253501   -5.253880447
   -2.570393989    0.000000000   20.963606249  -13.523452500   -7.987797321
   -2.379994435    0.000000000   19.251071405   -5.769950122  -10.379239340
   -2.189594880    0.000000000   18.294246426   -5.463195566  -12.585356578
   -1.999195325    0.000000000   16.846530511  -10.231170825  -14.709956640
   -1.808795770    0.000000000   14.386091302  -15.183781330  -16.598412178
   -1.618396215    0.000000000   11.377965613  -15.277867438  -17.761199776
   -1.427996661    0.000000000    9.055145034   -7.839392051  -17.557361182
   -1.237597106    0.000000000    8.816762185    6.129514452  -15.550746039
   -1.047197551    0.000000000   11.542808946   22.409529732  -11.834824753
   -0.856797996    0.000000000   17.162127316   35.580122263   -7.097920658
   -0.666398442    0.000000000   24.629873315   41.195925427   -2.360754229
   -0.475998887    0.000000000   32.255736752   37.137050883    1.460180706
   -0.285599332    0.000000000   38.200180311   23.797556663    3.918263447
   -0.095199777    0.000000000   40.917716168    3.898945907    5.211386658
    0.095199777    0.000000000   39.572571071  -17.978654451    6.051926467
    0.285599332    0.000000000   34.345292695  -35.812078798    7.333056068
    0.475998887    0.000000000   26.602068610  -43.478831454    9.696631450
    0.666398442    0.000000000   18.723099692  -36.883194815   13.192248631
    0.856797996    0.000000000   13.491388695  -16.155158119   17.195071793
    1.047197551    0.000000000   13.181911320   13.636195009   20.676606264
    1.237597106    0.000000000   18.737497235   43.931323761   22.702802548
    1.427996661    0.000000000   29.401832604   66.021949287   22.861609881
    1.618396215    0.000000000   42.996216044   74.141381719   21.393443823
    1.808795770    0.000000000   56.669175008   66.993686140   18.972099491
    1.999195325    0.000000000   67.716877857   47.287525702   16.321334522
    2.189594880    0.000000000   74.206067638   20.069597491   13.880867071
    2.379994435    0.000000000   75.256831039   -8.894096536   11.700558029
    2.570393989    0.000000000   71.057049289  -34.259986706    9.552022909
    2.760793544    0.000000000   62.717723952  -51.804257631    7.140021635
    2.951193099    0.000000000   52.012775363  -58.923994898    4.309609186

   -3.141592654    0.349065850   42.386377820  -60.551676508    0.705920012
   -2.951193099    0.349065850   31.897296094  -48.617625143   -1.487188426
   -2.760793544    0.349065850   24.163100701  -32.501983111   -3.395346845
   -2.570393989    0.349065850   19.431589957  -17.973127382   -5.003778272
   -2.379994435    0.349065850   16.928874974   -9.629446484   -6.409025294
   -2.189594880    0.349065850   15.285094462   -8.817523375   -7.751186584
   -1.999195325    0.349065850   13.254273076  -12.944021108   -9.070236994
   -1.808795770    0.349065850   10.380154835  -16.680251648  -10.178786242
   -1.618396215    0.349065850    7.271542989  -14.683714483  -10.653499446
   -1.427996661    0.349065850    5.317444800   -4.495276439  -10.031050154
   -1.237597106    0.349065850    5.975060475   12.088471225   -8.102274517
   -1.047197551    0.349065850   10.001151342   29.834977674   -5.118831889
   -0.856797996    0.349065850   17.033707043   42.684564376   -1.744727078
   -0.666398442    0.349065850   25.687850590   46.339548468    1.252685119
   -0.475998887    0.349065850   34.037751598   39.561510078    3.382434349
   -0.285599332    0.349065850   40.213884060   23.979732819    4.653501895
   -0.095199777    0.349065850   42.865916111    3.332164872    5.583758470
    0.095199777    0.349065850   41.494469523  -17.377277435    6.947526233
    0.285599332    0.349065850   36.621976666  -32.506930113    9.420605210
    0.475998887    0.349065850   29.812195190  -37.024730283   13.230212498
    0.666398442    0.349065850   23.395929718  -28.257677790   17.970661525
    0.856797996    0.349065850   19.854872772   -7.441680646   22.686319473
    1.047197551    0.349065850   21.026745137   20.123232795   26.231453587
    1.237597106    0.349065850   27.472290894   46.644621286   27.752694360
    1.427996661    0.349065850   38.266589195   64.773521574   27.022578052
    1.618396215    0.349065850   51.322932781   69.992467332   24.466666669
    1.808795770    0.349065850   64.058428636   61.578318870   20.890054422
    1.999195325    0.349065850   74.069403245   41.996711517   17.106356186
    2.189594880    0.349065850   79.622142552   15.563800724   13.638394958
    2.379994435    0.349065850   79.886525358  -12.714174636   10.638135656
    2.570393989    0.349065850   74.982916031  -37.940423213    7.994050956
    2.760793544    0.349065850   65.910592375  -55.896319956    5.511609341
    2.951193099    0.349065850   54.364451281  -63.675342248    3.075846668

   -3.141592654    0.698131701   44.246812799  -62.667583281    0.234931854
   -2.951193099    0.698131701   33.349958544  -50.778805494   -0.379818477
   -2.760793544    0.698131701   25.193110572  -34.772349817   -0.675294904
   -2.570393989    0.698131701   20.016132000  -20.375234800   -0.839040270
   -2.379994435    0.698131701   17.044249508  -12.136389069   -1.055012407
   -2.189594880    0.698131701   14.920618460  -11.310444264   -1.440147903
   -1.999195325    0.698131701   12.438148070  -15.127315535   -1.990654455
   -1.808795770    0.698131701    9.214967905  -18.070202947   -2.566596641
   -1.618396215    0.698131701    5.958603052  -14.770217749   -2.930677493
   -1.427996661    0.698131701    4.133866739   -3.049780963   -2.866794067
   -1.237597106    0.698131701    5.192573603   14.752197887   -2.308116927
   -1.047197551    0.698131701    9.779245612   32.885258251   -1.389284948
   -0.856797996    0.698131701   17.350743610   45.147644828   -0.365262918
   -0.666398442    0.698131701   26.365666120   47.632916848    0.579713003
   -0.475998887    0.698131701   34.858161146   39.861121466    1.498345398
   -0.285599332    0.698131701   41.067892107   24.242103429    2.710183436
   -0.095199777    0.698131701   43.873696367    4.914972840    4.702904336
    0.095199777    0.698131701   43.028967043  -13.272900334    7.895007609
    0.285599332    0.698131701   39.222697500  -25.420911341   12.400837898
    0.475998887    0.698131701   34.005055734  -27.589679937   17.857726392
    0.666398442    0.698131701   29.481782682  -18.161120058   23.425763121
    0.856797996    0.698131701   27.751619117    1.100836632   28.001623294
    1.047197551    0.698131701   30.243418750   25.185748573   30.594684477
    1.237597106    0.698131701   37.238371780   47.312576750   30.701936632
    1.427996661    0.698131701   47.759803012   61.406402967   28.473053437
    1.618396215    0.698131701   59.893317599   63.940947266   24.591193647
    1.808795770    0.698131701   71.356296218   54.542227928   19.948812833
    1.999195325    0.698131701   80.049727144   35.379109192   15.331505668
    2.189594880    0.698131701   84.448767607   10.127798791   11.220789480
    2.379994435    0.698131701   83.804828517  -16.843087893    7.793503616
    2.570393989    0.698131701   78.219008098  -41.044224327    5.040203960
    2.760793544    0.698131701   68.621114825  -58.376725072    2.892849759
    2.951193099    0.698131701   56.633787675  -65.866062231    1.302727400

   -3.141592654    1.047197551   42.801213169  -63.483986095   -3.785581526
   -2.951193099    1.047197551   31.862614552  -50.439355003   -3.040152267
   -2.760793544    1.047197551   23.846387224  -33.708458181   -1.900734039
   -2.570393989    1.047197551   18.901070249  -19.079801363   -0.727235693
   -2.379994435    1.047197551   16.163772930  -11.013932753    0.196717086
   -2.189594880    1.047197551   14.217413863  -10.583001823    0.733992382
   -1.999195325    1.047197551   11.832205610  -14.823426711    0.888170957
   -1.808795770    1.047197551    8.633997314  -18.091277220    0.737403626
   -1.618396215    1.047197551    5.351862345  -15.007065741    0.370696741
   -1.427996661    1.047197551    3.464778246   -3.476069076   -0.145518537
   -1.237597106    1.047197551    4.420260867   14.073656959   -0.743593567
   -1.047197551    1.047197551    8.850896931   31.917883353   -1.300434050
   -0.856797996    1.047197551   16.222965939   44.073081106   -1.599001063
   -0.666398442    1.047197551   25.062914575   46.993430520   -1.324752564
   -0.475998887    1.047197551   33.542673473   40.524536176   -0.128435636
   -0.285599332    1.047197551   40.080337553   27.171420098    2.271927701
   -0.095199777    1.047197551   43.716687103   10.772371735    5.995422087
    0.095199777    1.047197551   44.272480950   -4.491476171   10.890779940
    0.285599332    1.047197551   42.352692837  -14.611111385   16.489321841
    0.475998887    1.047197551   39.255669588  -16.460045942   22.020915068
    0.666398442    1.047197551   36.714884049   -8.816906707   26.548457899
    0.856797996    1.047197551   36.442661774    6.822021102   29.222788334
    1.047197551    1.047197551   39.595569408   26.347858424   29.555349899
    1.237597106    1.047197551   46.387675704   44.152428309   27.585535874
    1.427996661    1.047197551   55.983832342   55.096297845   23.833303431
    1.618396215    1.047197551   66.739114414   56.020863829   19.069389949
    1.808795770    1.047197551   76.650375024   46.343089042   14.032914527
    1.999195325    1.047197551   83.825525907   27.716032193    9.262012355
    2.189594880    1.047197551   86.846809135    3.341790992    5.056537341
    2.379994435    1.047197551   85.002585148  -22.657184215    1.560629979
    2.570393989    1.047197551   78.407762824  -45.807882784   -1.134488308
    2.760793544    1.047197551   68.014056205  -61.937436449   -2.945702605
    2.951193099    1.047197551   55.475422692  -68.062809482   -3.816665045

   -3.141592654    1.396263402   37.923893104  -62.466372982  -10.002611198
   -2.951193099    1.396263402   27.373167501  -47.481447092   -8.773964373
   -2.760793544    1.396263402   20.042042258  -29.623375811   -6.997499704
   -2.570393989    1.396263402   15.907510279  -14.793848054   -5.033171295
   -2.379994435    1.396263402   13.942659798   -7.283494520   -3.164825881
   -2.189594880    1.396263402   12.615191954   -7.858778482   -1.541596688
   -1.999195325    1.396263402   10.636703142  -13.295841612   -0.214677079
   -1.808795770    1.396263402    7.610481600  -17.821080236    0.765496273
   -1.618396215    1.396263402    4.259832004  -15.995954781    1.300362495
   -1.427996661    1.396263402    2.074897972   -5.581373390    1.295023837
   -1.237597106    1.396263402    2.556333961   11.294310493    0.794190607
   -1.047197551    1.396263402    6.458508816   29.301468919    0.088435282
   -0.856797996    1.396263402   13.436809871   42.746522622   -0.313039599
   -0.666398442    1.396263402   22.238539655   48.084658240    0.163286155
   -0.475998887    1.396263402   31.222670529   44.809991932    1.940587853
   -0.285599332    1.396263402   38.897035056   34.786037138    5.139176102
   -0.095199777    1.396263402   44.254288770   21.054739188    9.533758383
    0.095199777    1.396263402   46.915644619    7.054140899   14.571787889
    0.285599332    1.396263402   47.164079672   -3.723646738   19.463054360
    0.475998887    1.396263402   45.917083130   -8.225946067   23.322995376
    0.666398442    1.396263402   44.565309388   -4.737335378   25.380057625
    0.856797996    1.396263402   44.622672807    6.216689362   25.225158977
    1.047197551    1.396263402   47.253373924   21.648672265   22.948552383
    1.237597106    1.396263402   52.868701905   36.754305694   19.094447145
    1.427996661    1.396263402   60.925512562   46.559580264   14.422805406
    1.618396215    1.396263402   70.044430513   47.496187719    9.618496975
    1.808795770    1.396263402   78.379029203   38.335419604    5.101285768
    1.999195325    1.396263402   84.083459560   20.253767032    1.032596373
    2.189594880    1.396263402   85.729129729   -3.647964514   -2.562140766
    2.379994435    1.396263402   82.607257132  -29.031185261   -5.645457855
    2.570393989    1.396263402   74.891425178  -51.103837986   -8.093769210
    2.760793544    1.396263402   63.641780869  -65.514378466   -9.722135367
    2.951193099    1.396263402   50.627761978  -69.398033411  -10.369510679

   -3.141592654    1.745329252   31.483250290  -60.598972184  -16.395980426
   -2.951193099    1.745329252   21.472854844  -43.782525940  -15.188685590
   -2.760793544    1.745329252   14.958994346  -24.894637520  -13.200521575
   -2.570393989    1.745329252   11.751215862   -9.928572875  -10.715289718
   -2.379994435    1.745329252   10.668013364   -2.978475265   -7.982908266
   -2.189594880    1.745329252   10.074441076   -4.496543629   -5.162353451
   -1.999195325    1.745329252    8.631763343  -11.059233826   -2.355799143
   -1.808795770    1.745329252    5.913353827  -16.857395972    0.294370145
   -1.618396215    1.745329252    2.615703814  -16.419413389    2.557134428
   -1.427996661    1.745329252    0.227850391   -7.235926733    4.185831681
   -1.237597106    1.745329252    0.328112871    9.099225498    5.092538723
   -1.047197551    1.745329252    3.857213490   27.801039050    5.486408936
   -0.856797996    1.745329252   10.728810074   43.339188157    5.845697645
   -0.666398442    1.745329252   19.927227356   51.757480946    6.723975545
   -0.475998887    1.745329252   29.923729391   51.710748473    8.489470737
   -0.285599332    1.745329252   39.163403292   44.127211398   11.156459585
   -0.095199777    1.745329252   46.414573932   31.307826598   14.365583821
    0.095199777    1.745329252   50.965554170   16.319177369   17.468743202
    0.285599332    1.745329252   52.734422317    2.700216518   19.697477020
    0.475998887    1.745329252   52.327499208   -5.988101823   20.372894941
    0.666398442    1.745329252   50.962140359   -7.082165782   19.120150565
    0.856797996    1.745329252   50.184332779    0.005106403   16.046814229
    1.047197551    1.745329252   51.386445295   13.162321891   11.724733204
    1.237597106    1.745329252   55.316515437   27.811237921    6.973972724
    1.427996661    1.745329252   61.739337001   38.481153755    2.527177985
    1.618396215    1.745329252   69.445844489   40.731483861   -1.233211444
    1.808795770    1.745329252   76.597336962   32.583490179   -4.329655880
    1.999195325    1.745329252   81.257710526   14.951711231   -7.019786963
    2.189594880    1.745329252   81.906637585   -8.829841448   -9.553389622
    2.379994435    1.745329252   77.816268201  -33.948520085  -11.993859963
    2.570393989    1.745329252   69.231703468  -55.185621025  -14.182024336
    2.760793544    1.745329252   57.341850271  -68.026398425  -15.821395992
    2.951193099    1.745329252   44.044775165  -69.779507386  -16.615634094

   -3.141592654    2.094395102   24.447923179  -59.810676322  -18.751772605
   -2.951193099    2.094395102   14.746562026  -41.376034148  -17.356916355
   -2.760793544    2.094395102    8.820673879  -21.206744843  -15.125079575
   -2.570393989    2.094395102    6.402610947   -5.397347857  -12.287143010
   -2.379994435    2.094395102    6.232266056    2.024742813   -9.060407190
   -2.189594880    2.094395102    6.616291817    0.730448286   -5.581620660
   -1.999195325    2.094395102    6.173157546   -5.837510605   -1.931439465
   -1.808795770    2.094395102    4.423540067  -11.978468561    1.760893888
   -1.618396215    2.094395102    1.988849788  -12.311946252    5.242009763
   -1.427996661    2.094395102    0.285666703   -4.177587576    8.185250543
   -1.237597106    2.094395102    0.877331067   11.265160258   10.362790429
   -1.047197551    2.094395102    4.783863893   29.732215585   11.804612531
   -0.856797996    2.094395102   12.070762305   45.904138630   12.803876902
   -0.666398442    2.094395102   21.870358596   55.556351740   13.744241346
   -0.475998887    2.094395102   32.711009269   56.702532068   14.856129000
   -0.285599332    2.094395102   42.960001127   49.557776004   16.068981305
   -0.095199777    2.094395102   51.188662060   35.905184200   17.016443255
    0.095199777    2.094395102   56.423212278   18.672311741   17.162651664
    0.285599332    2.094395102   58.333236474    1.689038065   15.996252214
    0.475998887    2.094395102   57.373697989  -10.781917389   13.236523798
    0.666398442    2.094395102   54.772018172  -15.087080484    8.989135827
    0.856797996    2.094395102   52.274395876   -9.739804660    3.812654889
    1.047197551    2.094395102   51.605673855    3.574033411   -1.436774597
    1.237597106    2.094395102   53.857472270   19.967895782   -5.918435980
    1.427996661    2.094395102   59.015195419   33.055965628   -9.144852506
    1.618396215    2.094395102   65.897123828   37.364675681  -11.143945104
    1.808795770    2.094395102   72.524985317   30.267199067  -12.358573903
    1.999195325    2.094395102   76.760296676   12.667417881  -13.356326585
    2.189594880    2.094395102   76.928344149  -11.626217274  -14.537107433
    2.379994435    2.094395102   72.257037969  -37.184510907  -15.982827854
    2.570393989    2.094395102   63.054623316  -58.316761907  -17.483243538
    2.760793544    2.094395102   50.634488013  -70.340528108  -18.669076166
    2.951193099    2.094395102   37.022776782  -70.685238530  -19.172624659

   -3.141592654    2.443460953   18.241230862  -58.685681502  -13.584148299
   -2.951193099    2.443460953    8.889890532  -38.854005223  -12.098404136
   -2.760793544    2.443460953    3.566570302  -17.454169047  -10.024457213
   -2.570393989    2.443460953    1.960686499   -0.666426987   -7.462039497
   -2.379994435    2.443460953    2.768244673    7.536338165   -4.483172084
   -2.189594880    2.443460953    4.268431391    6.924573268   -1.092903765
   -1.999195325    2.443460953    5.061247802    0.911673919    2.731662280
   -1.808795770    2.443460953    4.626541233   -4.999466219    6.924950721
   -1.618396215    2.443460953    3.499962764   -5.663979389   11.229965134
   -1.427996661    2.443460953    2.983246525    1.546776249   15.216584424
   -1.237597106    2.443460953    4.548574173   15.744549785   18.438144400
   -1.047197551    2.443460953    9.195846754   33.079871637   20.619295065
   -0.856797996    2.443460953   17.042930420   48.508053500   21.739456068
   -0.666398442    2.443460953   27.294479499   57.717668061   21.947376671
   -0.475998887    2.443460953   38.501147189   58.324865528   21.383667801
   -0.285599332    2.443460953   48.966874386   50.087540378   20.049512360
   -0.095199777    2.443460953   57.128553962   34.528586089   17.792057265
    0.095199777    2.443460953   61.859627319   14.661573982   14.407392401
    0.285599332    2.443460953   62.727176372   -5.246927472    9.807804189
    0.475998887    2.443460953   60.194578841  -20.242658974    4.182271102
    0.666398442    2.443460953   55.637828972  -25.905083809   -1.938105519
    0.856797996    2.443460953   51.080662461  -20.242979011   -7.736904536
    1.047197551    2.443460953   48.575416893   -4.963506475  -12.365043854
    1.237597106    2.443460953   49.477049048   14.418556372  -15.256677568
    1.427996661    2.443460953   53.872201070   30.517649247  -16.359090757
    1.618396215    2.443460953   60.492279882   36.960371804  -16.127225843
    1.808795770    2.443460953   67.142713183   30.701331931  -15.285856037
    1.999195325    2.443460953   71.447710939   12.827869770  -14.501797275
    2.189594880    2.443460953   71.570886444  -12.284416667  -14.142295408
    2.379994435    2.443460953   66.696786869  -38.590603263  -14.222762816
    2.570393989    2.443460953   57.193098648  -59.962864344  -14.508497480
    2.760793544    2.443460953   44.489246551  -71.562756907  -14.671858815
    2.951193099    2.443460953   30.732649843  -70.904981175  -14.424025393

   -3.141592654    2.792526803   14.869073276  -57.356376310    1.577918137
   -2.951193099    2.792526803    5.838284743  -36.814536187    3.795091097
   -2.760793544    2.792526803    0.981201202  -14.599653233    5.730887888
   -2.570393989    2.792526803    0.000000000    3.038402736    7.415225777
   -2.379994435    2.792526803    1.596394206   12.119906813    9.070706623
   -2.189594880    2.792526803    4.058607979   12.452139731   11.052759547
   -1.999195325    2.792526803    5.997590334    7.413089713   13.693639499
   -1.808795770    2.792526803    6.883388632    2.312877640   17.101659487
   -1.618396215    2.792526803    7.191500787    1.984138958   21.018713937
   -1.427996661    2.792526803    8.106149074    8.800150037   24.851756486
   -1.237597106    2.792526803   10.952604119   21.830361881   27.882161905
   -1.047197551    2.792526803   16.598911971   37.414623504   29.538066958
   -0.856797996    2.792526803   25.076284763   50.753247025   29.571541496
   -0.666398442    2.792526803   35.540173133   57.664087190   28.042086379
   -0.475998887    2.792526803   46.500014815   55.738379979   25.168052098
   -0.285599332    2.792526803   56.209300525   44.682282495   21.174949857
   -0.095199777    2.792526803   63.058013266   26.139118027   16.232551307
    0.095199777    2.792526803   65.921586731    3.520687606   10.502451694
    0.285599332    2.792526803   64.468750751  -18.277179756    4.243759629
    0.475998887    2.792526803   59.390912039  -33.657497051   -2.098094123
    0.666398442    2.792526803   52.391609088  -37.818882768   -7.900382261
    0.856797996    2.792526803   45.848003515  -28.941742923  -12.474732740
    1.047197551    2.792526803   42.076577422   -9.474769182  -15.297992136
    1.237597106    2.792526803   42.516587591   13.980751437  -16.227683975
    1.427996661    2.792526803   47.133791377   33.053334394  -15.570169911
    1.618396215    2.792526803   54.393849619   40.890966436  -13.940324222
    1.808795770    2.792526803   61.806401985   34.588352187  -11.984257303
    1.999195325    2.792526803   66.773071819   15.816008086  -10.128002093
    2.189594880    2.792526803   67.358252237  -10.398379678   -8.472068630
    2.379994435    2.792526803   62.754655608  -37.565199187   -6.872018864
    2.570393989    2.792526803   53.396809714  -59.383734759   -5.112657103
    2.760793544    2.792526803   40.793167852  -71.033839659   -3.068733234
    2.951193099    2.792526803   27.159796217  -70.104717327   -0.780529492
