#! FIELDS phi psi file.free der_phi der_psi
#! SET min_phi -pi
#! SET max_phi pi
#! SET nbins_phi  33
#! SET periodic_phi true
#! SET min_psi -pi
#! SET max_psi pi
#! SET nbins_psi  18
#! SET periodic_psi true
   -3.141592654   -3.141592654   18.798530686  -55.802198727   15.393461080
   -2.951193099   -3.141592654    9.888773520  -36.912640383   18.083441729
   -2.760793544   -3.141592654    4.950424139  -15.124549089   19.925596103
   -2.570393989   -3.141592654    3.924593878    3.294268586   21.017555785
   -2.379994435   -3.141592654    5.710167416   13.968512812   21.729042850
   -2.189594880   -3.141592654    8.704566973   16.222098008   22.575845714
   -1.999195325   -3.141592654   11.536847159   12.987106609   23.988471644
   -1.808795770   -3.141592654   13.612726709    9.112870816   26.081253374
   -1.618396215   -3.141592654   15.251094982    8.963869371   28.532595101
   -1.427996661   -3.141592654   17.396710826   14.516232335   30.670057262
   -1.237597106   -3.141592654   21.083527234   24.730742619   31.729507504
   -1.047197551   -3.141592654   26.908041742   36.261360393   31.169905167
   -0.856797996   -3.141592654   34.725871628   44.978037639   28.872507390
   -0.666398442   -3.141592654   43.663778924   47.547039625   25.112947534
   -0.475998887   -3.141592654   52.362487273   42.359800810   20.373098925
   -0.285599332   -3.141592654   59.340553028   29.701870133   15.109055456
   -0.095199777   -3.141592654   63.332386530   11.450871596    9.609746782
    0.095199777   -3.141592654   63.564996658   -9.142224135    4.023077450
    0.285599332   -3.141592654   59.998777572  -27.622933000   -1.511212068
    0.475998887   -3.141592654   53.514380089  -39.006160033   -6.713974075
    0.666398442   -3.141592654   45.882801544  -39.139782188  -11.124631781
    0.856797996   -3.141592654   39.423132273  -26.859714613  -14.206887314
    1.047197551   -3.141592654   36.275729141   -5.200696154  -15.572375988
    1.237597106   -3.141592654   37.616946319   18.955535535  -15.184798895
    1.427996661   -3.141592654   43.142157240   37.501743842  -13.388371700
    1.618396215   -3.141592654   51.152099545   44.363906765  -10.746308249
    1.808795770   -3.141592654   59.164356922   37.591807708   -7.781657407
    1.999195325   -3.141592654   64.740279684   19.416769780   -4.789071335
    2.189594880   -3.141592654   66.140501166   -5.340111605   -1.793544487
    2.379994435   -3.141592654   62.645952075  -31.054179325    1.338552786
    2.570393989   -3.141592654   54.593616458  -52.396654502    4.731954846
    2.760793544   -3.141592654   43.250201913  -65.017425216    8.370375646
    2.951193099   -3.141592654   30.573174850  -66.193922883   12.040552356

   -3.141592654   -2.792526803   26.003467795  -50.230365724   23.416541661
   -2.951193099   -2.792526803   17.952236275  -33.537793380   26.098282095
   -2.760793544   -2.792526803   13.443739960  -13.921100035   27.504861266
   -2.570393989   -2.792526803   12.492869245    3.047370400   27.880427365
   -2.379994435   -2.792526803   14.186305206   13.460096169   27.782312599
   -2.189594880   -2.792526803   17.156251012   16.642611403   27.864201437
   -1.999195325   -2.792526803   20.217866172   15.030105451   28.585961030
   -1.808795770   -2.792526803   22.834017794   12.648873472   29.992834479
   -1.618396215   -2.792526803   25.215945011   13.021323983   31.655633614
   -1.427996661   -2.792526803   28.066235538   17.597122300   32.823567838
   -1.237597106   -2.792526803   32.124826904   25.347442982   32.718287984
   -1.047197551   -2.792526803   37.749344842   33.466057600   30.850039821
   -0.856797996   -2.792526803   44.693450823   38.657019872   27.197274399
   -0.666398442   -2.792526803   52.138545978   38.357883027   22.159135694
   -0.475998887   -2.792526803   58.898237306   31.391991037   16.348300970
   -0.285599332   -2.792526803   63.707953148   18.073063325   10.338143812
   -0.095199777   -2.792526803   65.496032547    0.064773511    4.498076918
    0.095199777   -2.792526803   63.637092572  -19.623659366   -0.982370247
    0.285599332   -2.792526803   58.205458168  -36.634247703   -5.963213315
    0.475998887   -2.792526803   50.191067501  -45.957133262  -10.210779102
    0.666398442   -2.792526803   41.478520038  -43.452134316  -13.365666730
    0.856797996   -2.792526803   34.478026790  -28.189011275  -15.061264879
    1.047197551   -2.792526803   31.352624510   -3.694505540  -15.114976234
    1.237597106   -2.792526803   33.199435567   22.627484613  -13.670969425
    1.427996661   -2.792526803   39.554427503   42.395914770  -11.152897764
    1.618396215   -2.792526803   48.544001172   49.661758606   -8.071475142
    1.808795770   -2.792526803   57.568835562   42.911889669   -4.792238430
    1.999195325   -2.792526803   64.164785209   24.862227719   -1.424464190
    2.189594880   -2.792526803   66.642794246    0.601821663    2.145038570
    2.379994435   -2.792526803   64.354144770  -24.305650642    6.091745719
    2.570393989   -2.792526803   57.664708854  -44.876271664   10.473058733
    2.760793544   -2.792526803   47.790400183  -57.238537361   15.117202670
    2.951193099   -2.792526803   36.551664708  -59.043099000   19.608710445

   -3.141592654   -2.443460953   34.123230400  -44.410054193   22.246099377
   -2.951193099   -2.443460953   26.976804947  -29.918188730   24.396759291
   -2.760793544   -2.443460953   22.943678884  -12.488191390   25.356528231
   -2.570393989   -2.443460953   22.105191747    2.947831089   25.361734869
   -2.379994435   -2.443460953   23.716077720   12.875379099   24.897141968
   -2.189594880   -2.443460953   26.608995364   16.547515805   24.491237593
   -1.999195325   -2.443460953   29.739914438   15.868153327   24.471310176
   -1.808795770   -2.443460953   32.584189600   14.088699466   24.807727663
   -1.618396215   -2.443460953   35.220496295   14.049408505   25.107369827
   -1.427996661   -2.443460953   38.123730987   16.917918125   24.776049463
   -1.237597106   -2.443460953   41.803199009   21.931720750   23.264679390
   -1.047197551   -2.443460953   46.482831808   26.989636248   20.309618147
   -0.856797996   -2.443460953   51.936478597   29.634140618   16.046292446
   -0.666398442   -2.443460953   57.505853427   27.900839084   10.938667657
   -0.475998887   -2.443460953   62.236965851   20.754282022    5.584005888
   -0.285599332   -2.443460953   65.083010611    8.213631068    0.492403396
   -0.095199777   -2.443460953   65.110967231   -8.509873974   -4.062285261
    0.095199777   -2.443460953   61.754114562  -26.766659301   -8.005224797
    0.285599332   -2.443460953   55.102055348  -42.286710270  -11.333879102
    0.475998887   -2.443460953   46.165361499  -49.937991411  -13.970551687
    0.666398442   -2.443460953   36.877219058  -45.457723428  -15.707074390
    0.856797996   -2.443460953   29.701476730  -27.991554586  -16.294578481
    1.047197551   -2.443460953   26.817234912   -1.396692271  -15.593741454
    1.237597106   -2.443460953   29.264601131   26.543631155  -13.704623641
    1.427996661   -2.443460953   36.465248780   47.251174609  -10.944882797
    1.618396215   -2.443460953   46.421459296   54.893839413   -7.711855047
    1.808795770   -2.443460953   56.458590793   48.305337911   -4.300092958
    1.999195325   -2.443460953   64.106578983   30.564584233   -0.816632724
    2.189594880   -2.443460953   67.725230860    6.931432651    2.802447345
    2.379994435   -2.443460953   66.721801074  -17.128012099    6.670325804
    2.570393989   -2.443460953   61.474799601  -36.960070313   10.804617512
    2.760793544   -2.443460953   53.138938254  -49.128240724   15.038499247
    2.951193099   -2.443460953   43.395593157  -51.615961704   19.004009990

   -3.141592654   -2.094395102   40.501268304  -40.397118508   14.149929251
   -2.951193099   -2.094395102   33.961476284  -27.592368311   15.327575984
   -2.760793544   -2.094395102   30.213839458  -11.763254635   15.794334687
   -2.570393989   -2.094395102   29.398027044    2.569271893   15.692372077
   -2.379994435   -2.094395102   30.886924814   12.084353686   15.263204766
   -2.189594880   -2.094395102   33.635272954   15.877774650   14.726992849
   -1.999195325   -2.094395102   36.660748962   15.402249763   14.160554123
   -1.808795770   -2.094395102   39.403398592   13.375920552   13.449069929
   -1.618396215   -2.094395102   41.817078917   12.280922785   12.333978105
   -1.427996661   -2.094395102   44.216543783   13.285027664   10.545664934
   -1.237597106   -2.094395102   46.988570573   16.022732729    7.942214759
   -1.047197551   -2.094395102   50.337859600   19.033691248    4.604759021
   -0.856797996   -2.094395102   54.145321616   20.486821108    0.833161067
   -0.666398442   -2.094395102   57.952156754   18.739801055   -2.960922312
   -0.475998887   -2.094395102   61.023671350   12.643210578   -6.402645962
   -0.285599332   -2.094395102   62.475086024    1.726067842   -9.275525634
   -0.095199777   -2.094395102   61.426856223  -13.360113337  -11.587747923
    0.095199777   -2.094395102   57.274506232  -30.337566625  -13.490561595
    0.285599332   -2.094395102   50.033667120  -44.935307294  -15.145086642
    0.475998887   -2.094395102   40.671858765  -51.722104698  -16.574458035
    0.666398442   -2.094395102   31.146829356  -46.088634758  -17.595739523
    0.856797996   -2.094395102   23.994139861  -27.045337566  -17.895572839
    1.047197551   -2.094395102   21.459574088    1.344033149  -17.186472951
    1.237597106   -2.094395102   24.588145903   30.899476415  -15.378449167
    1.427996661   -2.094395102   32.733316433   52.709168938  -12.636415897
    1.618396215   -2.094395102   43.785807779   60.857076513   -9.308971807
    1.808795770   -2.094395102   54.971969231   54.354398743   -5.767330574
    1.999195325   -2.094395102   63.768333956   36.573649107   -2.285233071
    2.189594880   -2.094395102   68.533841604   12.987902126    1.021539928
    2.379994435   -2.094395102   68.699176780  -10.906423786    4.148924734
    2.570393989   -2.094395102   64.651199416  -30.620656176    7.112206248
    2.760793544   -2.094395102   57.510355491  -42.999337666    9.869129259
    2.951193099   -2.094395102   48.871496375  -46.253043068   12.278764454

   -3.141592654   -1.745329252   43.669253415  -38.444724475    6.510147917
   -2.951193099   -1.745329252   37.417755699  -26.545205266    6.786337471
   -2.760793544   -1.745329252   33.778313797  -11.670370202    6.712999582
   -2.570393989   -1.745329252   32.897243315    1.818502273    6.342987197
   -2.379994435   -1.745329252   34.177880192   10.673420511    5.723903301
   -2.189594880   -1.745329252   36.603165294   13.893248155    4.849769010
   -1.999195325   -1.745329252   39.187258047   12.714366283    3.637361193
   -1.808795770   -1.745329252   41.327467917    9.683445130    1.955349874
   -1.618396215   -1.745329252   42.919411654    7.318001378   -0.297320950
   -1.427996661   -1.745329252   44.250957106    7.068364555   -3.098093802
   -1.237597106   -1.745329252   45.751282154    8.996019177   -6.257160748
   -1.047197551   -1.745329252   47.746510743   12.000103554   -9.441135676
   -0.856797996   -1.745329252   50.288196523   14.376451457  -12.264552456
   -0.666398442   -1.745329252   53.081137299   14.293703193  -14.411406591
   -0.475998887   -1.745329252   55.492405404   10.172660739  -15.733773299
   -0.285599332   -1.745329252   56.647430406    1.007117925  -16.287140869
   -0.095199777   -1.745329252   55.580721863  -12.962339605  -16.325285188
    0.095199777   -1.745329252   51.546390692  -29.621686598  -16.193010249
    0.285599332   -1.745329252   44.419393105  -44.525591449  -16.195901850
    0.475998887   -1.745329252   35.087496122  -51.794055561  -16.455517305
    0.666398442   -1.745329252   25.527076589  -46.291815496  -16.830568626
    0.856797996   -1.745329252   18.378186400  -26.673322241  -16.971018145
    1.047197551   -1.745329252   16.026046268    2.982203543  -16.467140934
    1.237597106   -1.745329252   19.617629472   34.131073531  -15.053667020
    1.427996661   -1.745329252   28.521603845   57.369394833  -12.731385121
    1.618396215   -1.745329252   40.555741697   66.389050386   -9.761925743
    1.808795770   -1.745329252   52.825527971   60.084752329   -6.534589764
    1.999195325   -1.745329252   62.688555048   41.972747432   -3.426555345
    2.189594880   -1.745329252   68.427947857   17.793555428   -0.683777582
    2.379994435   -1.745329252   69.449962800   -6.710483674    1.595372131
    2.570393989   -1.745329252   66.150792976  -26.936539007    3.416713311
    2.760793544   -1.745329252   59.667867050  -39.776264344    4.827138143
    2.951193099   -1.745329252   51.593847304  -43.569503171    5.856395827

   -3.141592654   -1.396263402   42.824878543  -39.297905766    3.711549444
   -2.951193099   -1.396263402   36.424761170  -27.241975953    3.195315235
   -2.760793544   -1.396263402   32.669320189  -12.216296648    2.427492719
   -2.570393989   -1.396263402   31.683432209    1.210011129    1.448203382
   -2.379994435   -1.396263402   32.813581535    9.625704851    0.219396868
   -2.189594880   -1.396263402   34.961508137   11.951078573   -1.389119944
   -1.999195325   -1.396263402   37.057180672    9.475800530   -3.546418802
   -1.808795770   -1.396263402   38.440931023    4.979101502   -6.352201351
   -1.618396215   -1.396263402   39.012435672    1.385392883   -9.717908800
   -1.427996661   -1.396263402   39.150151727    0.613662271  -13.317321498
   -1.237597106   -1.396263402   39.453683713    3.070027648  -16.655043027
   -1.047197551   -1.396263402   40.457771360    7.682228687  -19.224852325
   -0.856797996   -1.396263402   42.394298636   12.418231921  -20.676234474
   -0.666398442   -1.396263402   45.058482794   14.867720428  -20.912318991
   -0.475998887   -1.396263402   47.789640413   12.843613456  -20.092807422
   -0.285599332   -1.396263402   49.583566010    4.868241242  -18.558599749
   -0.095199777   -1.396263402   49.278380722   -9.007351876  -16.751979842
    0.095199777   -1.396263402   45.924026327  -26.580745687  -15.102838122
    0.285599332   -1.396263402   39.235355255  -43.024039011  -13.922469622
    0.475998887   -1.396263402   30.034615153  -51.864869074  -13.304626630
    0.666398442   -1.396263402   20.355051921  -47.328980963  -13.081229256
    0.856797996   -1.396263402   12.999221045  -27.621817816  -12.894738317
    1.047197551   -1.396263402   10.563486303    3.200590898  -12.342107059
    1.237597106   -1.396263402   14.365514873   36.167180594  -11.149825762
    1.427996661   -1.396263402   23.835279746   61.196849537   -9.277245587
    1.618396215   -1.396263402   36.721351221   71.356753377   -6.908195074
    1.808795770   -1.396263402   49.970569086   65.225915971   -4.344996948
    1.999195325   -1.396263402   60.756106954   46.388666273   -1.895965961
    2.189594880   -1.396263402   67.219065638   20.914584188    0.215192626
    2.379994435   -1.396263402   68.697794453   -5.031771664    1.867527983
    2.570393989   -1.396263402   65.594876472  -26.498937509    3.021708414
    2.760793544   -1.396263402   59.107836955  -40.182174495    3.687379845
    2.951193099   -1.396263402   50.911545445  -44.377394303    3.899402896

   -3.141592654   -1.047197551   40.604755142  -42.532261633    4.570150971
   -2.951193099   -1.047197551   33.622551565  -30.053279465    3.291701657
   -2.760793544   -1.047197551   29.396684466  -14.338312056    1.613219003
   -2.570393989   -1.047197551   28.063886666   -0.374265420   -0.337795041
   -2.379994435   -1.047197551   28.902594407    8.030023032   -2.514437823
   -2.189594880   -1.047197551   30.688385637    9.627165266   -4.990721107
   -1.999195325   -1.047197551   32.226526121    5.890861497   -7.904557788
   -1.808795770   -1.047197551   32.801240267    0.120819151  -11.313167223
   -1.618396215   -1.047197551   32.372669005   -4.102246870  -15.037368155
   -1.427996661   -1.047197551   31.493570472   -4.367196167  -18.614031555
   -1.237597106   -1.047197551   30.995350484   -0.185418006  -21.416232167
   -1.047197551   -1.047197551   31.614561635    6.984796561  -22.894777326
   -0.856797996   -1.047197551   33.680738441   14.442773746  -22.801467207
   -0.666398442   -1.047197551   36.953752479   19.095755489  -21.274667144
   -0.475998887   -1.047197551   40.624755789   18.297048742  -18.762021121
   -0.285599332   -1.047197551   43.483025915   10.399735123  -15.838627847
   -0.095199777   -1.047197551   44.154537455   -4.432701518  -13.032566156
    0.095199777   -1.047197551   41.520917203  -23.666695753  -10.693119319
    0.285599332   -1.047197551   35.208631432  -41.973338011   -8.936978598
    0.475998887   -1.047197551   26.055574040  -52.308934717   -7.664930455
    0.666398442   -1.047197551   16.213976153  -48.428873492   -6.639876616
    0.856797996   -1.047197551    8.669963758  -28.345243243   -5.620306002
    1.047197551   -1.047197551    6.204161618    3.702492388   -4.458092898
    1.237597106   -1.047197551   10.252518302   38.252446366   -3.135670192
    1.427996661   -1.047197551   20.258158677   64.650357819   -1.725266835
    1.618396215   -1.047197551   33.882947708   75.525508865   -0.320049857
    1.808795770   -1.047197551   47.929580498   69.288116621    1.023128439
    1.999195325   -1.047197551   59.418866803   49.608869635    2.281551446
    2.189594880   -1.047197551   66.372874426   22.790806269    3.436634559
    2.379994435   -1.047197551   68.061555250   -4.715926106    4.434262119
    2.570393989   -1.047197551   64.872373710  -27.690683705    5.170026021
    2.760793544   -1.047197551   58.036421744  -42.585482431    5.506353660
    2.951193099   -1.047197551   49.305513292  -47.496508884    5.323908106

   -3.141592654   -0.698131701   40.839340058  -45.930713773    3.707878398
   -2.951193099   -0.698131701   33.136335643  -34.150532450    1.505719742
   -2.760793544   -0.698131701   28.097645611  -18.711241703   -1.112550477
   -2.570393989   -0.698131701   25.929524492   -4.752162239   -3.928176591
   -2.379994435   -0.698131701   25.934282016    3.617503758   -6.823217355
   -2.189594880   -0.698131701   26.855471085    4.903330982   -9.828713252
   -1.999195325   -0.698131701   27.443270843    0.614246031  -13.035806694
   -1.808795770   -0.698131701   26.967887648   -5.557750593  -16.413221362
   -1.618396215   -0.698131701   25.473294572   -9.451732462  -19.650732900
   -1.427996661   -0.698131701   23.696034780   -8.246675346  -22.173233935
   -1.237597106   -0.698131701   22.687368358   -1.523071249  -23.351915238
   -1.047197551   -0.698131701   23.338406507    8.671719098  -22.810600071
   -0.856797996   -0.698131701   25.992339322   18.807294329  -20.630156125
   -0.666398442   -0.698131701   30.273158565   25.106453628  -17.324906390
   -0.475998887   -0.698131701   35.142321932   24.652625212  -13.623421578
   -0.285599332   -0.698131701   39.150764001   15.965286099  -10.180879040
   -0.095199777   -0.698131701   40.749308843   -0.328039321   -7.360550359
    0.095199777   -0.698131701   38.746141906  -21.122016297   -5.167411436
    0.285599332   -0.698131701   32.798864321  -40.588778218   -3.327429276
    0.475998887   -0.698131701   23.852670515  -51.398282204   -1.477766322
    0.666398442   -0.698131701   14.194297767  -47.330782669    0.616535031
    0.856797996   -0.698131701    6.912573562  -26.674711990    2.904640215
    1.047197551   -0.698131701    4.824125613    5.951373726    5.070792032
    1.237597106   -0.698131701    9.335485510   40.796582369    6.719955441
    1.427996661   -0.698131701   19.826189911   67.141053581    7.606184749
    1.618396215   -0.698131701   33.900647188   77.730545250    7.763990510
    1.808795770   -0.698131701   48.334312436   71.146874139    7.467661934
    1.999195325   -0.698131701   60.146655363   51.146302249    7.065427439
    2.189594880   -0.698131701   67.361807964   23.982492963    6.797012032
    2.379994435   -0.698131701   69.233035404   -4.027272337    6.695673204
    2.570393989   -0.698131701   66.105372961  -27.784875858    6.595141552
    2.760793544   -0.698131701   59.153989502  -43.740497519    6.214932231
    2.951193099   -0.698131701   50.090645003  -49.837967912    5.296247268

   -3.141592654   -0.349065850   41.785592034  -50.031638279    2.339296153
   -2.951193099   -0.349065850   33.199631667  -39.234834569   -0.332091437
   -2.760793544   -0.349065850   27.137345960  -24.286450183   -3.347425121
   -2.570393989   -0.349065850   23.895321862  -10.405208173   -6.439449841
   -2.379994435   -0.349065850   22.829394224   -1.975743495   -9.449685253
   -2.189594880   -0.349065850   22.685006987   -0.713936801  -12.377279221
   -1.999195325   -0.349065850   22.198364615   -5.028015742  -15.271419104
   -1.808795770   -0.349065850   20.675148266  -10.803055207  -18.031964857
   -1.618396215   -0.349065850   18.291113829  -13.355924383  -20.271174484
   -1.427996661   -0.349065850   15.990377797   -9.655568054  -21.390255710
   -1.237597106   -0.349065850   15.018901031    0.345444651  -20.856990139
   -1.047197551   -0.349065850   16.338093509   13.718942025  -18.534373207
   -0.856797996   -0.349065850   20.177354335   25.970134761  -14.828348534
   -0.666398442   -0.349065850   25.895238432   32.753217699  -10.541398249
   -0.475998887   -0.349065850   32.140064029   31.230022429   -6.528857327
   -0.285599332   -0.349065850   37.221175377   20.574693948   -3.350265689
   -0.095199777   -0.349065850   39.503871654    2.323401936   -1.065266325
    0.095199777   -0.349065850   37.879625615  -19.611165332    0.718952865
    0.285599332   -0.349065850   32.207065595  -39.016662646    2.613630458
    0.475998887   -0.349065850   23.650277781  -48.763530592    5.109726668
    0.666398442   -0.349065850   14.624822969  -43.356681528    8.288737539
    0.856797996   -0.349065850    8.188145177  -21.956214376   11.715624537
    1.047197551   -0.349065850    6.981646251   10.275542023   14.616495966
    1.237597106   -0.349065850   12.191102232   43.658840096   16.263802213
    1.427996661   -0.349065850   23.046078567   68.096131266   16.332877900
    1.618396215   -0.349065850   37.140936814   77.096571995   15.038492722
    1.808795770   -0.349065850   51.364587336   69.726535549   12.983444056
    1.999195325   -0.349065850   62.896942410   49.737602669   10.850769949
    2.189594880   -0.349065850   69.881920757   23.000881976    9.106381015
    2.379994435   -0.349065850   71.602889438   -4.676103827    7.864382620
    2.570393989   -0.349065850   68.345980055  -28.596785835    6.921131592
    2.760793544   -0.349065850   61.175165627  -45.331216130    5.896456740
    2.951193099   -0.349065850   51.697766598  -52.650206917    4.432333053

   -3.141592654    0.000000000   42.503342213  -54.433384095    0.483289273
   -2.951193099    0.000000000   32.992599657  -44.444024706   -1.990890101
   -2.760793544    0.000000000   25.904244198  -29.747051848   -4.614260208
   -2.570393989    0.000000000   21.639174452  -15.625304231   -7.182964310
   -2.379994435    0.000000000   19.620485283   -6.751444199   -9.595670098
   -2.189594880    0.000000000   18.606994393   -5.074515213  -11.869291777
   -1.999195325    0.000000000   17.331516945   -8.918367985  -14.013842037
   -1.808795770    0.000000000   15.144096745  -13.771769555  -15.857482792
   -1.618396215    0.000000000   12.349073520  -14.540063775  -16.973073218
   -1.427996661    0.000000000   10.064713709   -8.179859379  -16.827451305
   -1.237597106    0.000000000    9.658293498    4.780803887  -15.083372795
   -1.047197551    0.000000000   12.060307739   20.465079064  -11.874285181
   -0.856797996    0.000000000   17.292258901   33.570918973   -7.839531409
   -0.666398442    0.000000000   24.404382056   39.544688651   -3.860647674
   -0.475998887    0.000000000   31.767362781   36.052983678   -0.663499776
   -0.285599332    0.000000000   37.557429551   23.252201855    1.493094748
   -0.095199777    0.000000000   40.204086968    3.669462075    2.925812180
    0.095199777    0.000000000   38.820321521  -18.179568884    4.346390281
    0.285599332    0.000000000   33.541027100  -36.137400408    6.515906573
    0.475998887    0.000000000   25.729182970  -43.805382106    9.846750743
    0.666398442    0.000000000   17.815220738  -36.831779769   14.130742528
    0.856797996    0.000000000   12.657282215  -15.375814483   18.535209684
    1.047197551    0.000000000   12.563252337   15.080341912   21.926730258
    1.237597106    0.000000000   18.408351696   45.398113855   23.386149521
    1.427996661    0.000000000   29.278312812   66.590633210   22.615537262
    1.618396215    0.000000000   42.842907885   73.253701359   20.027806466
    1.808795770    0.000000000   56.226189068   64.998340066   16.489560220
    1.999195325    0.000000000   66.880221765   45.416259301   12.913806173
    2.189594880    0.000000000   73.139891436   19.750345342    9.907883499
    2.379994435    0.000000000   74.342957702   -6.929749959    7.642408820
    2.570393989    0.000000000   70.705284239  -30.473994768    5.922738203
    2.760793544    0.000000000   63.149993124  -47.617408039    4.365472345
    2.951193099    0.000000000   53.149248061  -55.926874278    2.614389028

   -3.141592654    0.349065850   43.638847229  -57.642077663    0.019647321
   -2.951193099    0.349065850   33.449117129  -48.300678089   -1.453833013
   -2.760793544    0.349065850   25.588788627  -33.921400154   -2.950984279
   -2.570393989    0.349065850   20.527288924  -19.760639184   -4.422049733
   -2.379994435    0.349065850   17.742344876  -10.638312276   -5.863896153
   -2.189594880    0.349065850   16.020136252   -8.608252330   -7.306635488
   -1.999195325    0.349065850   14.121591848  -11.867768884   -8.716357333
   -1.808795770    0.349065850   11.468906943  -15.589290152   -9.885823022
   -1.618396215    0.349065850    8.496376264  -14.459528154  -10.425726484
   -1.427996661    0.349065850    6.456394437   -5.643447170   -9.932659035
   -1.237597106    0.349065850    6.762642066    9.631015594   -8.243097271
   -1.047197551    0.349065850   10.234885693   26.620599520   -5.609581500
   -0.856797996    0.349065850   16.643609178   39.516960666   -2.644069381
   -0.666398442    0.349065850   24.757705284   43.963026953   -0.020634665
   -0.475998887    0.349065850   32.769904749   38.452035228    1.872124276
   -0.285599332    0.349065850   38.863575833   24.217669970    3.126862546
   -0.095199777    0.349065850   41.664201152    4.589449012    4.300185335
    0.095199777    0.349065850   40.580432212  -15.703293353    6.140601988
    0.285599332    0.349065850   36.014586341  -31.019457985    9.226236246
    0.475998887    0.349065850   29.438051649  -36.063820165   13.625742348
    0.666398442    0.349065850   23.152944585  -27.788589623   18.749790855
    0.856797996    0.349065850   19.669409209   -7.252491291   23.487076770
    1.047197551    0.349065850   20.854373510   20.064866422   26.617075570
    1.237597106    0.349065850   27.237830692   45.977016124   27.324467365
    1.427996661    0.349065850   37.800597565   62.946971062   25.525044961
    1.618396215    0.349065850   50.375967577   66.816539221   21.847999923
    1.808795770    0.349065850   62.421427281   57.710352474   17.303435389
    1.999195325    0.349065850   71.741629114   38.910150848   12.866978004
    2.189594880    0.349065850   76.911198978   14.869205772    9.161675968
    2.379994435    0.349065850   77.344791903  -10.190344567    6.375530533
    2.570393989    0.349065850   73.195781255  -32.716029872    4.362068760
    2.760793544    0.349065850   65.246443994  -49.644188673    2.811072556
    2.951193099    0.349065850   54.825347411  -58.397091802    1.425187973

   -3.141592654    0.698131701   45.148961305  -58.070861373   -0.933032170
   -2.951193099    0.698131701   34.831486606  -49.229969776   -1.155391575
   -2.760793544    0.698131701   26.733018727  -35.485339057   -1.234590453
   -2.570393989    0.698131701   21.314984316  -21.917823899   -1.330141115
   -2.379994435    0.698131701   18.073991853  -13.230904244   -1.579915713
   -2.189594880    0.698131701   15.835387828  -11.383711725   -2.054635110
   -1.999195325    0.698131701   13.420914582  -14.433184023   -2.711898457
   -1.808795770    0.698131701   10.341349195  -17.411387506   -3.378427434
   -1.618396215    0.698131701    7.136442467  -15.003134441   -3.793015246
   -1.427996661    0.698131701    5.139268349   -4.644857036   -3.725409787
   -1.237597106    0.698131701    5.767499742   11.923503803   -3.104086271
   -1.047197551    0.698131701    9.743808371   29.462905601   -2.070745601
   -0.856797996    0.698131701   16.673578046   42.011045856   -0.902689891
   -0.666398442    0.698131701   25.179436966   45.550800534    0.182529787
   -0.475998887    0.698131701   33.412881594   39.273880918    1.203631446
   -0.285599332    0.698131701   39.655029618   25.150013180    2.465132856
   -0.095199777    0.698131701   42.742842439    6.886443142    4.469021964
    0.095199777    0.698131701   42.316397397  -10.961902295    7.667455640
    0.285599332    0.698131701   38.919696468  -23.515060482   12.197633570
    0.475998887    0.698131701   33.981664315  -26.585896524   17.676698996
    0.666398442    0.698131701   29.550324175  -18.165464949   23.194073992
    0.856797996    0.698131701   27.731726328    0.227736031   27.550263518
    1.047197551    0.698131701   29.981290679   23.526445040   29.684819385
    1.237597106    0.698131701   36.572238932   44.694323646   29.101847420
    1.427996661    0.698131701   46.479891080   57.566920544   26.051925645
    1.618396215    0.698131701   57.767894783   58.997487935   21.382533409
    1.808795770    0.698131701   68.248315819   49.404626316   16.152145267
    1.999195325    0.698131701   76.070241017   31.682677939   11.256382273
    2.189594880    0.698131701   80.039335885    9.557701438    7.206680704
    2.379994435    0.698131701   79.658012374  -13.470696309    4.140531799
    2.570393989    0.698131701   75.049350480  -34.358395343    1.963343843
    2.760793544    0.698131701   66.893960080  -50.275572915    0.496093502
    2.951193099    0.698131701   56.396122529  -58.662793855   -0.425077466

   -3.141592654    1.047197551   43.617450470  -58.462836917   -5.453768997
   -2.951193099    1.047197551   33.315697529  -48.703155462   -4.796414197
   -2.760793544    1.047197551   25.374566099  -34.425681660   -3.714945096
   -2.570393989    1.047197551   20.172824455  -20.774711212   -2.556117352
   -2.379994435    1.047197551   17.125926817  -12.379124023   -1.627347392
   -2.189594880    1.047197551   15.004993497  -11.006391003   -1.098713944
   -1.999195325    1.047197551   12.619384469  -14.481642413   -0.972966238
   -1.808795770    1.047197551    9.506800812  -17.666844394   -1.129887532
   -1.618396215    1.047197551    6.254248005  -15.214136704   -1.407812051
   -1.427996661    1.047197551    4.234161874   -4.668393168   -1.675691843
   -1.237597106    1.047197551    4.875316756   12.059578961   -1.853514521
   -1.047197551    1.047197551    8.884228813   29.637027941   -1.883253836
   -0.856797996    1.047197551   15.847235655   42.194960730   -1.680889844
   -0.666398442    1.047197551   24.406042819   45.996469325   -1.087624891
   -0.475998887    1.047197551   32.794079972   40.571059944    0.131731128
   -0.285599332    1.047197551   39.427874132   28.103908219    2.239961933
   -0.095199777    1.047197551   43.293625012   12.188349562    5.446124770
    0.095199777    1.047197551   44.121239936   -3.120318877    9.762151421
    0.285599332    1.047197551   42.416615786  -13.765606305   14.884241217
    0.475998887    1.047197551   39.403184686  -16.432206519   20.136610996
    0.666398442    1.047197551   36.782676318   -9.651937516   24.572904154
    0.856797996    1.047197551   36.272407097    5.187630547   27.247535102
    1.047197551    1.047197551   39.035193666   23.878676714   27.551251886
    1.237597106    1.047197551   45.260038523   40.631607088   25.451047539
    1.427996661    1.047197551   54.067880099   50.352545857   21.484280901
    1.618396215    1.047197551   63.819987907   50.363632385   16.515345227
    1.808795770    1.047197551   72.646472966   40.874346998   11.391673415
    1.999195325    1.047197551   78.931975751   24.166783055    6.707933646
    2.189594880    1.047197551   81.594620095    3.357799654    2.738177689
    2.379994435    1.047197551   80.155133573  -18.407431714   -0.461162729
    2.570393989    1.047197551   74.716812966  -38.149572458   -2.900978058
    2.760793544    1.047197551   65.945196708  -52.948857021   -4.568187411
    2.951193099    1.047197551   55.046606609  -60.180255445   -5.419188945

   -3.141592654    1.396263402   38.830480190  -58.467837372  -11.733502394
   -2.951193099    1.396263402   28.728255834  -46.660908699  -10.925189514
   -2.760793544    1.396263402   21.322368607  -30.984090884   -9.323339822
   -2.570393989    1.396263402   16.837154645  -16.845563766   -7.325325335
   -2.379994435    1.396263402   14.515265326   -8.810457372   -5.328916863
   -2.189594880    1.396263402   12.993403734   -8.339169268   -3.599416887
   -1.999195325    1.396263402   11.012835415  -12.902513476   -2.236036750
   -1.808795770    1.396263402    8.100616278  -17.123789139   -1.237568488
   -1.618396215    1.396263402    4.865026506  -15.553503684   -0.588002669
   -1.427996661    1.396263402    2.713817980   -5.669223902   -0.278665998
   -1.237597106    1.396263402    3.128275647   10.742756824   -0.246856450
   -1.047197551    1.396263402    6.898982007   28.543621701   -0.305007399
   -0.856797996    1.396263402   13.730750522   42.027074052   -0.139787116
   -0.666398442    1.396263402   22.404621632   47.482380472    0.607618232
   -0.475998887    1.396263402   31.280547089   44.276106814    2.221157800
   -0.285599332    1.396263402   38.851879246   34.246886043    4.822103269
   -0.095199777    1.396263402   44.100927871   20.476262686    8.336446896
    0.095199777    1.396263402   46.645623703    6.429534382   12.461776753
    0.285599332    1.396263402   46.768929853   -4.390773059   16.663908598
    0.475998887    1.396263402   45.387841373   -8.949837199   20.225264614
    0.666398442    1.396263402   43.887655968   -5.567342403   22.399985989
    0.856797996    1.396263402   43.762586407    5.108823087   22.668945224
    1.047197551    1.396263402   46.127562345   19.909275896   20.944075775
    1.237597106    1.396263402   51.313997575   33.931816462   17.612040322
    1.427996661    1.396263402   58.706257740   42.425651111   13.360936775
    1.618396215    1.396263402   66.935613636   42.447495057    8.894542525
    1.808795770    1.396263402   74.310110542   33.583344790    4.685113597
    1.999195325    1.396263402   79.273265649   17.535705196    0.909553184
    2.189594880    1.396263402   80.719260833   -2.827345490   -2.463908772
    2.379994435    1.396263402   78.134566978  -24.236224924   -5.500383260
    2.570393989    1.396263402   71.637432514  -43.364651258   -8.157912728
    2.760793544    1.396263402   61.974628263  -56.974192321  -10.248857506
    2.951193099    1.396263402   50.473012876  -62.376330312  -11.507390523

   -3.141592654    1.745329252   32.296285398  -58.418676732  -17.305570817
   -2.951193099    1.745329252   22.440371489  -44.190239284  -16.724787217
   -2.760793544    1.745329252   15.684404705  -26.790950356  -15.007885071
   -2.570393989    1.745329252   12.079237458  -11.977193310  -12.489399941
   -2.379994435    1.745329252   10.668533970   -4.245545254   -9.569612109
   -2.189594880    1.745329252    9.935208431   -4.688171208   -6.565196503
   -1.999195325    1.745329252    8.542889328  -10.390855747   -3.659334737
   -1.808795770    1.745329252    5.999384430  -15.759010807   -0.964237453
   -1.618396215    1.745329252    2.921179561  -15.249173827    1.390390447
   -1.427996661    1.745329252    0.744877393   -6.183235473    3.249834815
   -1.237597106    1.745329252    1.024638057    9.950534668    4.532290052
   -1.047197551    1.745329252    4.685594341   28.329193881    5.338681217
   -0.856797996    1.745329252   11.606592405   43.311513701    5.964195698
   -0.666398442    1.745329252   20.721470854   50.884230257    6.783160929
   -0.475998887    1.745329252   30.456767795   49.853557031    8.080134026
   -0.285599332    1.745329252   39.259140452   41.469742423    9.931004642
   -0.095199777    1.745329252   45.964177462   28.352487768   12.176578196
    0.095199777    1.745329252   49.972006068   13.694749462   14.443660146
    0.285599332    1.745329252   51.314283106    0.931436406   16.216169770
    0.475998887    1.745329252   50.670842496   -6.676418251   16.953879548
    0.666398442    1.745329252   49.266663177   -6.841949315   16.263257453
    0.856797996    1.745329252   48.581310596    0.639720150   14.091750755
    1.047197551    1.745329252   49.877445079   13.388519446   10.786754309
    1.237597106    1.745329252   53.744879625   26.829097489    6.974050896
    1.427996661    1.745329252   59.827980978   35.914711879    3.287924288
    1.618396215    1.745329252   66.917346225   36.989222393    0.113838690
    1.808795770    1.745329252   73.336090534   28.915528525   -2.526664580
    1.999195325    1.745329252   77.436417000   13.030169481   -4.879042773
    2.189594880    1.745329252   77.995294576   -7.694432337   -7.251961305
    2.379994435    1.745329252   74.438233450  -29.542251801   -9.810193056
    2.570393989    1.745329252   66.922942682  -48.625584443  -12.466045622
    2.760793544    1.745329252   56.331031240  -61.295482865  -14.891203438
    2.951193099    1.745329252   44.171759347  -64.807718485  -16.635706244

   -3.141592654    2.094395102   25.204225610  -59.359498188  -18.555126078
   -2.951193099    2.094395102   15.392021883  -42.805867464  -17.872774178
   -2.760793544    2.094395102    9.103439575  -23.361002405  -15.971324380
   -2.570393989    2.094395102    6.296919662   -7.143252431  -13.131501354
   -2.379994435    2.094395102    5.884192312    1.295744374   -9.721892091
   -2.189594880    2.094395102    6.230779667    1.044391191   -6.042425027
   -1.999195325    2.094395102    5.922177844   -4.786597467   -2.272560051
   -1.808795770    2.094395102    4.413749526  -10.540931859    1.452876201
   -1.618396215    2.094395102    2.269880730  -10.708144152    4.935160479
   -1.427996661    2.094395102    0.874549312   -2.549608579    7.899176591
   -1.237597106    2.094395102    1.759745184   12.702152294   10.111526661
   -1.047197551    2.094395102    5.889019147   30.575246894   11.528582025
   -0.856797996    2.094395102   13.234604642   45.610312116   12.341537536
   -0.666398442    2.094395102   22.829565427   53.664545330   12.861197427
   -0.475998887    2.094395102   33.147447337   53.151304000   13.331428784
   -0.285599332    2.094395102   42.597713107   44.873404601   13.796155596
   -0.095199777    2.094395102   49.902949922   31.106754558   14.078576405
    0.095199777    2.094395102   54.303256818   14.911703179   13.848357811
    0.285599332    2.094395102   55.667814686   -0.157043371   12.742787596
    0.475998887    2.094395102   54.565286492  -10.427881930   10.516010756
    0.666398442    2.094395102   52.212600863  -12.929635143    7.181957516
    0.856797996    2.094395102   50.221670336   -6.752594859    3.114753995
    1.047197551    2.094395102   50.098854965    6.126914780   -1.029873110
    1.237597106    2.094395102   52.701528798   20.968138790   -4.552608009
    1.427996661    2.094395102   57.854087017   32.023472433   -7.010398450
    1.618396215    2.094395102   64.371430609   34.757014620   -8.396156156
    1.808795770    2.094395102   70.450645115   27.404281802   -9.106416494
    1.999195325    2.094395102   74.246338871   11.187533335   -9.716393820
    2.189594880    2.094395102   74.362360991  -10.566622101  -10.711633151
    2.379994435    2.094395102   70.146665108  -33.544168273  -12.295083276
    2.570393989    2.094395102   61.797816535  -53.246603337  -14.331641185
    2.760793544    2.094395102   50.337691866  -65.615984670  -16.407302015
    2.951193099    2.094395102   37.464873207  -67.818007077  -17.978201653

   -3.141592654    2.443460953   19.205195240  -59.676302329  -13.101927826
   -2.951193099    2.443460953    9.526334977  -41.091693596  -12.176177364
   -2.760793544    2.443460953    3.750464101  -19.759533809  -10.317245590
   -2.570393989    2.443460953    1.775404406   -2.103177235   -7.675995566
   -2.379994435    2.443460953    2.419866414    7.284080010   -4.460213916
   -2.189594880    2.443460953    3.968544322    7.634197275   -0.824322947
   -1.999195325    2.443460953    4.952910510    2.160661721    3.147219640
   -1.808795770    2.443460953    4.777865403   -3.555081173    7.343023896
   -1.618396215    2.443460953    3.929142575   -4.192352085   11.505772493
   -1.427996661    2.443460953    3.683133015    2.913952173   15.218975927
   -1.237597106    2.443460953    5.475390600   16.726609120   18.041673707
   -1.047197551    2.443460953   10.232257143   33.174557886   19.701693117
   -0.856797996    2.443460953   17.963023707   47.122058604   20.204178065
   -0.666398442    2.443460953   27.774811685   54.472789619   19.763721334
   -0.475998887    2.443460953   38.193697738   53.392044785   18.632755399
   -0.285599332    2.443460953   47.620847939   44.323700365   16.943066912
   -0.095199777    2.443460953   54.708881407   29.280266447   14.650473369
    0.095199777    2.443460953   58.597921048   11.288840128   11.600330765
    0.285599332    2.443460953   59.076082610   -5.859384017    7.672007780
    0.475998887    2.443460953   56.701264837  -18.011827438    2.942856897
    0.666398442    2.443460953   52.785219335  -21.574381505   -2.212077391
    0.856797996    2.443460953   49.147495292  -15.148166007   -7.127062070
    1.047197551    2.443460953   47.561249864   -0.627159982  -11.044303383
    1.237597106    2.443460953   49.114118330   16.790884823  -13.404546831
    1.427996661    2.443460953   53.730410239   30.509822110  -14.091652907
    1.618396215    2.443460953   60.157298776   35.144302264  -13.476678117
    1.808795770    2.443460953   66.392861134   28.448532622  -12.245646940
    1.999195325    2.443460953   70.351938663   11.695509967  -11.110481195
    2.189594880    2.443460953   70.450201805  -11.323890798  -10.559429638
    2.379994435    2.443460953   65.956399531  -35.665026992  -10.743473919
    2.570393989    2.443460953   57.108745399  -56.239246426  -11.497785189
    2.760793544    2.443460953   45.063242538  -68.608150545  -12.440639644
    2.951193099    2.443460953   31.697822570  -69.847857154  -13.110722432

   -3.141592654    2.792526803   16.058837744  -59.106368152    0.753432018
   -2.951193099    2.792526803    6.601827720  -39.321227362    2.691718178
   -2.760793544    2.792526803    1.285684776  -16.722223534    4.649156007
   -2.570393989    2.792526803    0.000000000    2.063029448    6.582184340
   -2.379994435    2.792526803    1.529812261   12.384257224    8.579363304
   -2.189594880    2.792526803    4.127646013   13.534027888   10.856908284
   -1.999195325    2.792526803    6.303591985    8.750866213   13.639003405
   -1.808795770    2.792526803    7.431944074    3.480943020   16.968633407
   -1.618396215    2.792526803    7.926416280    2.768011882   20.564316862
   -1.427996661    2.792526803    8.939844720    9.048984045   23.846372601
   -1.237597106    2.792526803   11.761378734   21.296397593   26.146280482
   -1.047197551    2.792526803   17.199898272   35.723492757   26.987178475
   -0.856797996    2.792526803   25.214078992   47.558622705   26.261583835
   -0.666398442    2.792526803   34.919165685   52.938604830   24.192340744
   -0.475998887    2.792526803   44.870153395   50.021072139   21.145914039
   -0.285599332    2.792526803   53.480218069   39.095460697   17.427047433
   -0.095199777    2.792526803   59.386977116   22.085555552   13.176636299
    0.095199777    2.792526803   61.719120562    2.162937913    8.417690684
    0.285599332    2.792526803   60.307532958  -16.460563332    3.198156773
    0.475998887    2.792526803   55.850666940  -29.067892038   -2.254160498
    0.666398442    2.792526803   49.901149077  -31.601987387   -7.468038299
    0.856797996    2.792526803   44.574156498  -22.620987355  -11.794120511
    1.047197551    2.792526803   41.894920119   -4.516504880  -14.628028529
    1.237597106    2.792526803   43.064650717   16.601374865  -15.667863994
    1.427996661    2.792526803   47.936472207   33.187497683  -15.052703069
    1.618396215    2.792526803   55.035049878   39.277007177  -13.295147201
    1.808795770    2.792526803   62.078400629   32.594801504  -11.049597810
    1.999195325    2.792526803   66.742718810   14.844583863   -8.857202084
    2.189594880    2.792526803   67.307735768   -9.583680149   -6.990344423
    2.379994435    2.792526803   63.015863925  -35.227314356   -5.451629284
    2.570393989    2.792526803   54.161025704  -56.659151687   -4.075179486
    2.760793544    2.792526803   42.001310753  -69.285741375   -2.655097929
    2.951193099    2.792526803   28.532835996  -70.163791903   -1.053852924
