#! FIELDS phi psi file.free der_phi der_psi
#! SET min_phi -pi
#! SET max_phi pi
#! SET nbins_phi  33
#! SET periodic_phi true
#! SET min_psi -pi
#! SET max_psi pi
#! SET nbins_psi  18
#! SET periodic_psi true
   -3.141592654   -3.141592654   19.215687493  -56.243692862   16.095132524
   -2.951193099   -3.141592654   10.217673445  -37.421997226   18.742603283
   -2.760793544   -3.141592654    5.168390565  -15.795361545   20.499275436
   -2.570393989   -3.141592654    3.998687213    2.458724754   21.460924869
   -2.379994435   -3.141592654    5.619448970   13.102896637   22.018963106
   -2.189594880   -3.141592654    8.464049728   15.551028350   22.727857960
   -1.999195325   -3.141592654   11.205079438   12.724104906   24.060564378
   -1.808795770   -3.141592654   13.279581514    9.367119182   26.161186526
   -1.618396215   -3.141592654   15.013425704    9.691980238   28.712295712
   -1.427996661   -3.141592654   17.331441163   15.564010478   31.019464789
   -1.237597106   -3.141592654   21.233347121   25.909217665   32.275415815
   -1.047197551   -3.141592654   27.282708405   37.422560334   31.888631981
   -0.856797996   -3.141592654   35.314546167   46.056204653   29.694874842
   -0.666398442   -3.141592654   44.448920828   48.531064326   25.943009831
   -0.475998887   -3.141592654   53.324908132   43.226835323   21.113386398
   -0.285599332   -3.141592654   60.450889048   30.365463326   15.687972250
   -0.095199777   -3.141592654   64.538528204   11.759632363   10.000069982
    0.095199777   -3.141592654   64.784915728   -9.331002891    4.245260187
    0.285599332   -3.141592654   61.129912653  -28.372223719   -1.400224582
    0.475998887   -3.141592654   54.454988870  -40.238574558   -6.641156732
    0.666398442   -3.141592654   46.559157436  -40.640650655  -11.021165662
    0.856797996   -3.141592654   39.812528685  -28.321640153  -14.022502017
    1.047197551   -3.141592654   36.417376253   -6.292873818  -15.279533897
    1.237597106   -3.141592654   37.607537898   18.488788195  -14.774763197
    1.427996661   -3.141592654   43.112249285   37.745880680  -12.863458759
    1.618396215   -3.141592654   51.227866755   45.183845660  -10.116240643
    1.808795770   -3.141592654   59.427113132   38.672408607   -7.064572314
    1.999195325   -3.141592654   65.203724965   20.383626725   -4.014370115
    2.189594880   -3.141592654   66.753807577   -4.765752716   -0.997567810
    2.379994435   -3.141592654   63.323144385  -30.955217104    2.124226276
    2.570393989   -3.141592654   55.252056757  -52.664559829    5.491640070
    2.760793544   -3.141592654   43.838509084  -65.457015986    9.105970416
    2.951193099   -3.141592654   31.075018946  -66.649837308   12.760301087

   -3.141592654   -2.792526803   26.602016981  -50.856004283   24.224448192
   -2.951193099   -2.792526803   18.427377375  -34.236679518   26.857198360
   -2.760793544   -2.792526803   13.769282443  -14.811376283   28.174698043
   -2.570393989   -2.792526803   12.629432733    1.960186430   28.420768103
   -2.379994435   -2.792526803   14.109297568   12.341567082   28.173848328
   -2.189594880   -2.792526803   16.885804645   15.777884771   28.123345293
   -1.999195325   -2.792526803   19.830213668   14.699547855   28.767149816
   -1.808795770   -2.792526803   22.447871700   13.005054823   30.175273014
   -1.618396215   -2.792526803   24.960936920   14.017709135   31.917332653
   -1.427996661   -2.792526803   28.046221655   19.020104926   33.214937244
   -1.237597106   -2.792526803   32.393592437   26.905658364   33.241088699
   -1.047197551   -2.792526803   38.306413507   34.895482470   31.452222086
   -0.856797996   -2.792526803   45.497278419   39.799962982   27.784228699
   -0.666398442   -2.792526803   53.128542701   39.169471086   22.620890828
   -0.475998887   -2.792526803   60.012748041   31.890534664   16.593860923
   -0.285599332   -2.792526803   64.889565328   18.277611340   10.327799133
   -0.095199777   -2.792526803   66.688008255   -0.043069128    4.258862551
    0.095199777   -2.792526803   64.777055333  -20.071892963   -1.363861557
    0.285599332   -2.792526803   59.227819938  -37.422621255   -6.367566482
    0.475998887   -2.792526803   51.036831856  -47.009541939  -10.520355464
    0.666398442   -2.792526803   42.111212253  -44.607427167  -13.493377318
    0.856797996   -2.792526803   34.899044386  -29.219235427  -14.965436129
    1.047197551   -2.792526803   31.610079200   -4.345229918  -14.797039227
    1.237597106   -2.792526803   33.386331903   22.558796481  -13.161226445
    1.427996661   -2.792526803   39.790041509   42.966763099  -10.491540183
    1.618396215   -2.792526803   48.939418294   50.722717316   -7.296399228
    1.808795770   -2.792526803   58.187857624   44.133608058   -3.936244612
    1.999195325   -2.792526803   65.000794424   25.857102676   -0.520007867
    2.189594880   -2.792526803   67.623003466    1.090512766    3.064858566
    2.379994435   -2.792526803   65.372714409  -24.383356169    6.999077171
    2.570393989   -2.792526803   58.625629912  -45.368319062   11.353319082
    2.760793544   -2.792526803   48.637734698  -57.904540177   15.970896346
    2.951193099   -2.792526803   37.271474974  -59.702113937   20.441527301

   -3.141592654   -2.443460953   34.921253444  -45.117663975   22.719600663
   -2.951193099   -2.443460953   27.633614279  -30.726507513   24.869750926
   -2.760793544   -2.443460953   23.425568478  -13.536518535   25.803689612
   -2.570393989   -2.443460953   22.363569908    1.660036011   25.747605957
   -2.379994435   -2.443460953   23.721318345   11.549667464   25.191754774
   -2.189594880   -2.443460953   26.385001101   15.523399082   24.683434140
   -1.999195325   -2.443460953   29.376814176   15.474232220   24.574842510
   -1.808795770   -2.443460953   32.221347490   14.494602878   24.856835600
   -1.618396215   -2.443460953   35.007137384   15.181149651   25.140859687
   -1.427996661   -2.443460953   38.173901791   18.490687855   24.818334525
   -1.237597106   -2.443460953   42.164662871   23.560554362   23.308281398
   -1.047197551   -2.443460953   47.131544161   28.325968628   20.309935705
   -0.856797996   -2.443460953   52.794756516   30.478038949   15.931897356
   -0.666398442   -2.443460953   58.475187594   28.232952971   10.635888530
   -0.475998887   -2.443460953   63.229503358   20.689789641    5.048713770
   -0.285599332   -2.443460953   66.038661374    7.914247937   -0.262957461
   -0.095199777   -2.443460953   65.998100121   -8.922043217   -4.961457947
    0.095199777   -2.443460953   62.557866038  -27.232419368   -8.924806411
    0.285599332   -2.443460953   55.813454763  -42.799058136  -12.138702712
    0.475998887   -2.443460953   46.775494939  -50.491822011  -14.552002006
    0.666398442   -2.443460953   37.381313905  -46.007894015  -16.009357790
    0.856797996   -2.443460953   30.109666538  -28.428198538  -16.320744900
    1.047197551   -2.443460953   27.166653159   -1.550582285  -15.391647784
    1.237597106   -2.443460953   29.625635190   26.839969578  -13.342048726
    1.427996661   -2.443460953   36.932261387   48.062699376  -10.484053374
    1.618396215   -2.443460953   47.084339650   56.098355939   -7.196083537
    1.808795770   -2.443460953   57.365113493   49.596081042   -3.754685618
    1.999195325   -2.443460953   65.237058282   31.563712577   -0.259758168
    2.189594880   -2.443460953   68.995008568    7.364909141    3.352227593
    2.379994435   -2.443460953   68.014949284  -17.304921937    7.196363087
    2.570393989   -2.443460953   62.689436843  -37.566970510   11.300160086
    2.760793544   -2.443460953   54.218913474  -49.897895389   15.511748328
    2.951193099   -2.443460953   44.330244040  -52.359105593   19.471695980

   -3.141592654   -2.094395102   41.351383094  -41.049228466   14.169631970
   -2.951193099   -2.094395102   34.680711946  -28.353957530   15.447740551
   -2.760793544   -2.094395102   30.763311181  -12.808396671   15.996395541
   -2.570393989   -2.094395102   29.719135536    1.227200066   15.934186851
   -2.379994435   -2.094395102   30.939602979   10.655156773   15.490419080
   -2.189594880   -2.094395102   33.436134758   14.724077326   14.885766788
   -1.999195325   -2.094395102   36.297320353   14.877715527   14.207877603
   -1.808795770   -2.094395102   39.016405982   13.663016836   13.358871389
   -1.618396215   -2.094395102   41.557631137   13.298654574   12.094795098
   -1.427996661   -2.094395102   44.197231853   14.719474713   10.152987525
   -1.237597106   -2.094395102   47.248894899   17.450211118    7.387227023
   -1.047197551   -2.094395102   50.838567241   20.076446751    3.868730616
   -0.856797996   -2.094395102   54.790567519   20.945256973   -0.107640766
   -0.666398442   -2.094395102   58.629636352   18.640956182   -4.120116459
   -0.475998887   -2.094395102   61.644803038   12.192039698   -7.762096800
   -0.285599332   -2.094395102   62.998544824    1.192418452  -10.768657534
   -0.095199777   -2.094395102   61.858964392  -13.767293635  -13.101158910
    0.095199777   -2.094395102   57.649730591  -30.531956828  -14.886707142
    0.285599332   -2.094395102   50.390514896  -44.955760992  -16.300355668
    0.475998887   -2.094395102   41.034007654  -51.668702008  -17.415164498
    0.666398442   -2.094395102   31.519536330  -46.041270565  -18.116841751
    0.856797996   -2.094395102   24.375362453  -26.995674483  -18.154646543
    1.047197551   -2.094395102   21.859589017    1.514726639  -17.276877971
    1.237597106   -2.094395102   25.046319579   31.365193018  -15.395362255
    1.427996661   -2.094395102   33.318217531   53.577881072  -12.648803060
    1.618396215   -2.094395102   44.570748566   62.055263550   -9.349948902
    1.808795770   -2.094395102   55.995923228   55.604841038   -5.842064215
    1.999195325   -2.094395102   65.006116215   37.505717250   -2.388315115
    2.189594880   -2.094395102   69.895747953   13.329387568    0.894394600
    2.379994435   -2.094395102   70.065665864  -11.185389116    4.001900740
    2.570393989   -2.094395102   65.921214119  -31.308573756    6.958567981
    2.760793544   -2.094395102   58.634724037  -43.800008765    9.737578240
    2.951193099   -2.094395102   49.850056350  -46.971737642   12.207201420

   -3.141592654   -1.745329252   44.426410867  -38.781816045    6.105140946
   -2.951193099   -1.745329252   38.104698640  -26.995550795    6.552760951
   -2.760793544   -1.745329252   34.349123753  -12.473063697    6.648355075
   -2.570393989   -1.745329252   33.275343749    0.602382849    6.408325843
   -2.379994435   -1.745329252   34.298351307    9.229763797    5.848780549
   -2.189594880   -1.745329252   36.455560040   12.584207960    4.943948822
   -1.999195325   -1.745329252   38.833747022   11.912535816    3.607028549
   -1.808795770   -1.745329252   40.888154821    9.599152916    1.722422759
   -1.618396215   -1.745329252   42.530158545    7.897554195   -0.781006347
   -1.427996661   -1.745329252   44.013675654    8.016365232   -3.845717406
   -1.237597106   -1.745329252   45.697701979    9.903570028   -7.253208067
   -1.047197551   -1.745329252   47.832742145   12.511760002  -10.652432238
   -0.856797996   -1.745329252   50.419846058   14.334245887  -13.649068341
   -0.666398442   -1.745329252   53.157935161   13.794075411  -15.921931945
   -0.475998887   -1.745329252   55.452865065    9.507088282  -17.312781559
   -0.285599332   -1.745329252   56.493412252    0.521547285  -17.859748249
   -0.095199777   -1.745329252   55.372489398  -13.027131001  -17.800109239
    0.095199777   -1.745329252   51.371999619  -29.218307783  -17.475681974
    0.285599332   -1.745329252   44.356584551  -43.801528785  -17.214760824
    0.475998887   -1.745329252   35.173807051  -51.000337335  -17.187217346
    0.666398442   -1.745329252   25.752735780  -45.652770278  -17.311733670
    0.856797996   -1.745329252   18.703057920  -26.271897173  -17.287747720
    1.047197551   -1.745329252   16.412080273    3.249484382  -16.725531731
    1.237597106   -1.745329252   20.059940702   34.493716537  -15.345453185
    1.427996661   -1.745329252   29.059266178   58.027157690  -13.109115709
    1.618396215   -1.745329252   41.250169130   67.355060329  -10.235451844
    1.808795770   -1.745329252   53.717336733   61.134153056   -7.085818056
    1.999195325   -1.745329252   63.760472116   42.751024785   -4.031425435
    2.189594880   -1.745329252   69.599426839   18.030468277   -1.325468632
    2.379994435   -1.745329252   70.611632227   -7.033351358    0.929134382
    2.570393989   -1.745329252   67.215436937  -27.581662839    2.746633921
    2.760793544   -1.745329252   60.605165023  -40.425228303    4.192336484
    2.951193099   -1.745329252   52.424350724  -44.033755480    5.310636751

   -3.141592654   -1.396263402   43.327654299  -39.239258759    3.245883735
   -2.951193099   -1.396263402   36.937236754  -27.259258673    2.912574869
   -2.760793544   -1.396263402   33.146058041  -12.620421694    2.343210449
   -2.570393989   -1.396263402   32.034079026    0.282014669    1.538591685
   -2.379994435   -1.396263402   32.945729606    8.295554581    0.418497589
   -2.189594880   -1.396263402   34.827277678   10.541795884   -1.182966945
   -1.999195325   -1.396263402   36.677237379    8.358806584   -3.453081954
   -1.808795770   -1.396263402   37.897551329    4.404301452   -6.481949549
   -1.618396215   -1.396263402   38.414537654    1.370871096  -10.144733087
   -1.427996661   -1.396263402   38.588118594    0.949521798  -14.062381138
   -1.237597106   -1.396263402   38.963867364    3.429816187  -17.686810375
   -1.047197551   -1.396263402   40.014884279    7.774932046  -20.472435229
   -0.856797996   -1.396263402   41.932616123   12.124752327  -22.048668524
   -0.666398442   -1.396263402   44.511640275   14.302377353  -22.318485000
   -0.475998887   -1.396263402   47.131855659   12.299902858  -21.452578887
   -0.285599332   -1.396263402   48.851561490    4.680442666  -19.805894965
   -0.095199777   -1.396263402   48.563307140   -8.629261365  -17.833905909
    0.095199777   -1.396263402   45.336311453  -25.650702013  -15.979740582
    0.285599332   -1.396263402   38.860236520  -41.783324960  -14.574024713
    0.475998887   -1.396263402   29.897190270  -50.675175717  -13.739369975
    0.666398442   -1.396263402   20.413295161  -46.505724139  -13.341733613
    0.856797996   -1.396263402   13.168466937  -27.280231950  -13.052346107
    1.047197551   -1.396263402   10.762189783    3.206828387  -12.479788005
    1.237597106   -1.396263402   14.559589566   36.170141975  -11.339983730
    1.427996661   -1.396263402   24.056267464   61.512151793   -9.563815465
    1.618396215   -1.396263402   37.042523607   72.078877672   -7.302472990
    1.808795770   -1.396263402   50.454319694   66.151387153   -4.835151746
    1.999195325   -1.396263402   61.405877960   47.135178991   -2.463177385
    2.189594880   -1.396263402   67.967941632   21.172265812   -0.413577340
    2.379994435   -1.396263402   69.444324303   -5.297146084    1.191329417
    2.570393989   -1.396263402   66.260074628  -27.031606655    2.321993069
    2.760793544   -1.396263402   59.674983457  -40.629990598    3.006518393
    2.951193099   -1.396263402   51.420201608  -44.534538670    3.295917092

   -3.141592654   -1.047197551   40.913134862  -42.153546560    4.285323322
   -2.951193099   -1.047197551   34.006131677  -29.710579379    3.129235841
   -2.760793544   -1.047197551   29.812531215  -14.398496052    1.601116169
   -2.570393989   -1.047197551   28.412586403   -1.038582531   -0.194204380
   -2.379994435   -1.047197551   29.070174788    6.818284511   -2.248556666
   -2.189594880   -1.047197551   30.594181150    8.140798022   -4.680162116
   -1.999195325   -1.047197551   31.851978890    4.488967777   -7.659481166
   -1.808795770   -1.047197551   32.191847824   -0.908240824  -11.247259953
   -1.618396215   -1.047197551   31.612697135   -4.654389378  -15.232482768
   -1.427996661   -1.047197551   30.667827347   -4.543737950  -19.093630049
   -1.237597106   -1.047197551   30.155025601   -0.211602590  -22.138072187
   -1.047197551   -1.047197551   30.765220560    6.882993817  -23.764376058
   -0.856797996   -1.047197551   32.795237828   14.159025411  -23.699967369
   -0.666398442   -1.047197551   36.002078575   18.710974210  -22.093422047
   -0.475998887   -1.047197551   39.607874670   18.041526521  -19.429137817
   -0.285599332   -1.047197551   42.451513396   10.538744442  -16.330821901
   -0.095199777   -1.047197551   43.201257332   -3.744639655  -13.369324029
    0.095199777   -1.047197551   40.749267735  -22.480589442  -10.917881471
    0.285599332   -1.047197551   34.691293409  -40.553306435   -9.097356136
    0.475998887   -1.047197551   25.801512385  -51.031454573   -7.801181025
    0.666398442   -1.047197551   16.162964558  -47.616291085   -6.783050948
    0.856797996   -1.047197551    8.718997383  -28.106135520   -5.796605585
    1.047197551   -1.047197551    6.256206918    3.537858999   -4.691475297
    1.237597106   -1.047197551   10.263961670   38.054686922   -3.444887196
    1.427996661   -1.047197551   20.258843008   64.776162622   -2.117131139
    1.618396215   -1.047197551   33.951299270   76.098198632   -0.784695134
    1.808795770   -1.047197551   48.136638040   70.111144953    0.510242100
    1.999195325   -1.047197551   59.776176041   50.289688175    1.750307801
    2.189594880   -1.047197551   66.819402357   23.009258767    2.911971025
    2.379994435   -1.047197551   68.501212325   -4.986856240    3.931175085
    2.570393989   -1.047197551   65.234801857  -28.169457256    4.697126428
    2.760793544   -1.047197551   58.319021585  -42.891318458    5.073856293
    2.951193099   -1.047197551   49.566002604  -47.414063439    4.950839008

   -3.141592654   -0.698131701   41.040948925  -45.474203608    3.561541241
   -2.951193099   -0.698131701   33.433087836  -33.673830528    1.385911728
   -2.760793544   -0.698131701   28.457503927  -18.585297749   -1.162226281
   -2.570393989   -0.698131701   26.259428475   -5.223091087   -3.869549518
   -2.379994435   -0.698131701   26.114676685    2.529861175   -6.650328832
   -2.189594880   -0.698131701   26.784782555    3.393946291   -9.582775175
   -1.999195325   -0.698131701   27.070395512   -0.995635098  -12.798172761
   -1.808795770   -0.698131701   26.304732313   -6.950030735  -16.277229206
   -1.618396215   -0.698131701   24.582789904  -10.427193507  -19.683618584
   -1.427996661   -0.698131701   22.663453737   -8.780136602  -22.386947081
   -1.237597106   -0.698131701   21.587943261   -1.726517084  -23.693905864
   -1.047197551   -0.698131701   22.218584590    8.632225956  -23.179119225
   -0.856797996   -0.698131701   24.870552876   18.811228721  -20.906742343
   -0.666398442   -0.698131701   29.155459557   25.153489886  -17.415719389
   -0.475998887   -0.698131701   34.045702256   24.849380075  -13.491892417
   -0.285599332   -0.698131701   38.117536105   16.453045600   -9.861549196
   -0.095199777   -0.698131701   39.843776474    0.522671173   -6.946133982
    0.095199777   -0.698131701   38.033546387  -19.975957956   -4.773288557
    0.285599332   -0.698131701   32.316844217  -39.366159095   -3.050197120
    0.475998887   -0.698131701   23.587570028  -50.396095919   -1.366295904
    0.666398442   -0.698131701   14.078717081  -46.794912516    0.566809296
    0.856797996   -0.698131701    6.848384029  -26.665877828    2.734317179
    1.047197551   -0.698131701    4.724915784    5.617296923    4.829326582
    1.237597106   -0.698131701    9.168915558   40.485109145    6.444580927
    1.427996661   -0.698131701   19.631994983   67.202215741    7.315384733
    1.618396215   -0.698131701   33.766489422   78.287911554    7.465713796
    1.808795770   -0.698131701   48.340790331   72.005345786    7.171419861
    1.999195325   -0.698131701   60.314401733   51.905322077    6.787449864
    2.189594880   -0.698131701   67.636084886   24.300531637    6.554897944
    2.379994435   -0.698131701   69.519275400   -4.204062190    6.497491783
    2.570393989   -0.698131701   66.330190610  -28.193386624    6.432979731
    2.760793544   -0.698131701   59.309962821  -43.998570135    6.069129686
    2.951193099   -0.698131701   50.233036689  -49.709180218    5.149808130

   -3.141592654   -0.349065850   41.929501974  -49.668367222    2.326363070
   -2.951193099   -0.349065850   33.427122199  -38.777729695   -0.451052268
   -2.760793544   -0.349065850   27.433954872  -24.076802579   -3.514018544
   -2.570393989   -0.349065850   24.186155828  -10.715041711   -6.581274310
   -2.379994435   -0.349065850   23.003313464   -2.896706816   -9.516420227
   -2.189594880   -0.349065850   22.633353163   -2.134342252  -12.363914873
   -1.999195325   -0.349065850   21.849644506   -6.677258256  -15.216207152
   -1.808795770   -0.349065850   20.016826980  -12.351273145  -17.992001525
   -1.618396215   -0.349065850   17.370091285  -14.530988082  -20.286192247
   -1.427996661   -0.349065850   14.893244072  -10.328754149  -21.455832317
   -1.237597106   -0.349065850   13.841632591    0.154266075  -20.917373323
   -1.047197551   -0.349065850   15.161085608   13.885928932  -18.500343418
   -0.856797996   -0.349065850   19.054546228   26.345645875  -14.609935693
   -0.666398442   -0.349065850   24.855823216   33.240617532  -10.086514254
   -0.475998887   -0.349065850   31.201353344   31.798381964   -5.850374080
   -0.285599332   -0.349065850   36.399446886   21.235296042   -2.533495373
   -0.095199777   -0.349065850   38.817500212    3.077536672   -0.247645172
    0.095199777   -0.349065850   37.342951294  -18.810676898    1.390935750
    0.285599332   -0.349065850   31.819183795  -38.284754561    3.033253016
    0.475998887   -0.349065850   23.383482255  -48.253099517    5.244043929
    0.666398442   -0.349065850   14.424111235  -43.190082514    8.183151095
    0.856797996   -0.349065850    7.985468960  -22.136220412   11.467553372
    1.047197551   -0.349065850    6.724345332    9.916678452   14.332659142
    1.237597106   -0.349065850   11.872495271   43.423320159   16.023283020
    1.427996661   -0.349065850   22.718568637   68.268690201   16.170805189
    1.618396215   -0.349065850   36.894929760   77.765126371   14.956487025
    1.808795770   -0.349065850   51.279904156   70.692935839   12.972710703
    1.999195325   -0.349065850   62.994390811   50.609535943   10.909388560
    2.189594880   -0.349065850   70.107552158   23.430934957    9.237957010
    2.379994435   -0.349065850   71.859673601   -4.769130601    8.061185275
    2.570393989   -0.349065850   68.551811031  -28.984012695    7.148614612
    2.760793544   -0.349065850   61.308929392  -45.643370452    6.095308434
    2.951193099   -0.349065850   51.802272552  -52.625232624    4.541506786

   -3.141592654    0.000000000   42.647379394  -54.458192318    0.466554276
   -2.951193099    0.000000000   33.153129992  -44.287242427   -2.203534187
   -2.760793544    0.000000000   26.091315120  -29.677189790   -4.948550693
   -2.570393989    0.000000000   21.809991489  -15.910563905   -7.541895764
   -2.379994435    0.000000000   19.690444013   -7.541657049   -9.897548551
   -2.189594880    0.000000000   18.479683936   -6.341044597  -12.072632559
   -1.999195325    0.000000000   16.933407143  -10.452174757  -14.117939697
   -1.808795770    0.000000000   14.453744901  -15.248894869  -15.883552216
   -1.618396215    0.000000000   11.408982963  -15.638427581  -16.935337309
   -1.427996661    0.000000000    8.969599281   -8.694348364  -16.713421167
   -1.237597106    0.000000000    8.525968958    4.888173535  -14.850221952
   -1.047197551    0.000000000   10.999163222   21.073611956  -11.466284081
   -0.856797996    0.000000000   16.378274460   34.463378026   -7.214844715
   -0.666398442    0.000000000   23.669964777   40.501323176   -3.019628605
   -0.475998887    0.000000000   31.207059192   36.899884583    0.336084163
   -0.285599332    0.000000000   37.139887727   23.892026168    2.538181726
   -0.095199777    0.000000000   39.886484130    4.076446403    3.872922835
    0.095199777    0.000000000   38.560449643  -17.976712275    5.062991239
    0.285599332    0.000000000   33.304342421  -36.096443344    6.923345599
    0.475998887    0.000000000   25.487903204  -43.895192375    9.947388900
    0.666398442    0.000000000   17.546357250  -37.032378626   14.006487526
    0.856797996    0.000000000   12.343783405  -15.637542556   18.316800184
    1.047197551    0.000000000   12.203759207   14.880114013   21.746435934
    1.237597106    0.000000000   18.032233458   45.452955886   23.335843507
    1.427996661    0.000000000   28.951945770   67.073030095   22.726456370
    1.618396215    0.000000000   42.652966014   74.183245272   20.281856110
    1.808795770    0.000000000   56.241177798   66.164301735   16.848478744
    1.999195325    0.000000000   67.110603619   46.441787450   13.345532040
    2.189594880    0.000000000   73.523656430   20.289290614   10.391234030
    2.379994435    0.000000000   74.771962592   -6.991905463    8.150423694
    2.570393989    0.000000000   71.077700299  -30.958869256    6.403854881
    2.760793544    0.000000000   63.417179874  -48.179879267    4.743674667
    2.951193099    0.000000000   53.327443376  -56.268320299    2.814522979

   -3.141592654    0.349065850   43.816929153  -58.174164827    0.019394891
   -2.951193099    0.349065850   33.553897685  -48.561998925   -1.673076867
   -2.760793544    0.349065850   25.655982856  -34.097802779   -3.310400717
   -2.570393989    0.349065850   20.549646527  -20.101363005   -4.817425565
   -2.379994435    0.349065850   17.668672090  -11.331830124   -6.199590643
   -2.189594880    0.349065850   15.776979004   -9.689333286   -7.519959819
   -1.999195325    0.349065850   13.646936530  -13.180483194   -8.782748500
   -1.808795770    0.349065850   10.745656009  -16.829255448   -9.808375745
   -1.618396215    0.349065850    7.570878987  -15.292837877  -10.215877393
   -1.427996661    0.349065850    5.430692908   -5.842469065   -9.596077390
   -1.237597106    0.349065850    5.765125034   10.108701485   -7.774899685
   -1.047197551    0.349065850    9.382224376   27.625014717   -5.003245999
   -0.856797996    0.349065850   16.011091093   40.765934358   -1.904094587
   -0.666398442    0.349065850   24.362433206   45.154298664    0.825169528
   -0.475998887    0.349065850   32.575638298   39.335788315    2.768559993
   -0.285599332    0.349065850   38.796868851   24.658860086    3.995492139
   -0.095199777    0.349065850   41.638562302    4.586351041    5.055494143
    0.095199777    0.349065850   40.521123237  -16.030080342    6.714770642
    0.285599332    0.349065850   35.876989681  -31.489535861    9.594915234
    0.475998887    0.349065850   29.211901683  -36.503554294   13.823196578
    0.666398442    0.349065850   22.856108396  -28.083193205   18.863570738
    0.856797996    0.349065850   19.336062137   -7.341501513   23.631249431
    1.047197551    0.349065850   20.527703024   20.227393189   26.892456126
    1.237597106    0.349065850   26.971492462   46.454982803   27.784177600
    1.427996661    0.349065850   37.660308808   63.791849124   26.159972657
    1.618396215    0.349065850   50.429746278   67.985057856   22.602233621
    1.808795770    0.349065850   62.713928273   58.998725033   18.107200673
    1.999195325    0.349065850   72.264937875   39.983180572   13.667262013
    2.189594880    0.349065850   77.592006236   15.404256357    9.929329494
    2.379994435    0.349065850   78.063819036  -10.330285796    7.087716671
    2.570393989    0.349065850   73.832308881  -33.403727845    4.979699913
    2.760793544    0.349065850   65.724403446  -50.564808771    3.273468573
    2.951193099    0.349065850   55.133451207  -59.219244580    1.670758536

   -3.141592654    0.698131701   45.332239273  -59.067673151   -0.937185067
   -2.951193099    0.698131701   34.859837546  -49.867928138   -1.299027095
   -2.760793544    0.698131701   26.666918519  -35.872937564   -1.455282369
   -2.570393989    0.698131701   21.181951429  -22.278964256   -1.544590754
   -2.379994435    0.698131701   17.857580254  -13.777152577   -1.707711218
   -2.189594880    0.698131701   15.489472145  -12.200379089   -2.037758265
   -1.999195325    0.698131701   12.900500981  -15.420570576   -2.524199692
   -1.808795770    0.698131701    9.636248986  -18.312274116   -3.025612302
   -1.618396215    0.698131701    6.292067037  -15.519494498   -3.304174485
   -1.427996661    0.698131701    4.250664797   -4.575430082   -3.142473149
   -1.237597106    0.698131701    4.951747379   12.599568238   -2.470536335
   -1.047197551    0.698131701    9.102844334   30.581903866   -1.425018397
   -0.856797996    0.698131701   16.266331546   43.287336422   -0.273787437
   -0.666398442    0.698131701   25.006877337   46.689221258    0.775967380
   -0.475998887    0.698131701   33.424632723   40.036802926    1.751461721
   -0.285599332    0.698131701   39.766050384   25.417417980    2.961180888
   -0.095199777    0.698131701   42.858455001    6.678313409    4.909298598
    0.095199777    0.698131701   42.359081402  -11.488412564    8.052726897
    0.285599332    0.698131701   38.850523439  -24.128179672   12.540153738
    0.475998887    0.698131701   33.806638318  -27.056398554   18.005946018
    0.666398442    0.698131701   29.312554995  -18.343450336   23.554916659
    0.856797996    0.698131701   27.493439751    0.394296168   27.991984258
    1.047197551    0.698131701   29.807191421   24.025348236   30.242804977
    1.237597106    0.698131701   36.523029266   45.498815084   29.780686211
    1.427996661    0.698131701   46.611099774   58.645906549   26.818449662
    1.618396215    0.698131701   58.125484925   60.269646187   22.177567889
    1.808795770    0.698131701   68.853029950   50.684812453   16.914429473
    1.999195325    0.698131701   76.897316600   32.683711894   11.946506863
    2.189594880    0.698131701   81.007009398    9.988912703    7.812720303
    2.379994435    0.698131701   80.640523158  -13.758486965    4.662831048
    2.570393989    0.698131701   75.913561160  -35.282234983    2.393349483
    2.760793544    0.698131701   67.543449748  -51.551550037    0.807292218
    2.951193099    0.698131701   56.798170357  -59.935645600   -0.264979806

   -3.141592654    1.047197551   43.734216591  -59.610811536   -5.419324903
   -2.951193099    1.047197551   33.253484259  -49.435315605   -4.804804883
   -2.760793544    1.047197551   25.208539269  -34.811986075   -3.739898132
   -2.570393989    1.047197551   19.950863548  -21.019915956   -2.552397034
   -2.379994435    1.047197551   16.853235461  -12.700403790   -1.540521737
   -2.189594880    1.047197551   14.653728686  -11.519004884   -0.878287101
   -1.999195325    1.047197551   12.155218089  -15.135867095   -0.587602530
   -1.808795770    1.047197551    8.919279137  -18.267643690   -0.580633432
   -1.618396215    1.047197551    5.576402252  -15.526616429   -0.733034043
   -1.427996661    1.047197551    3.537815938   -4.537737988   -0.944387941
   -1.237597106    1.047197551    4.248163169   12.636593190   -1.145075414
   -1.047197551    1.047197551    8.399124305   30.517702239   -1.262191363
   -0.856797996    1.047197551   15.541571266   43.150917771   -1.175496759
   -0.666398442    1.047197551   24.272410868   46.810425330   -0.681095968
   -0.475998887    1.047197551   32.788772148   41.081010074    0.492075118
   -0.285599332    1.047197551   39.484789285   28.240931791    2.619946456
   -0.095199777    1.047197551   43.343550361   11.988390039    5.900192174
    0.095199777    1.047197551   44.111927488   -3.516112921   10.316870918
    0.285599332    1.047197551   42.329093834  -14.162372021   15.535952221
    0.475998887    1.047197551   39.255787378  -16.642983349   20.860483331
    0.666398442    1.047197551   36.623058055   -9.564516792   25.335668467
    0.856797996    1.047197551   36.160853115    5.594718598   28.018253244
    1.047197551    1.047197551   39.028983591   24.565704088   28.304926673
    1.237597106    1.047197551   45.407205593   41.542968920   26.165622965
    1.427996661    1.047197551   54.406134924   51.434308952   22.135220908
    1.618396215    1.047197551   64.374827300   51.531039266   17.076137706
    1.808795770    1.047197551   73.420223450   41.969896635   11.841975853
    1.999195325    1.047197551   79.889146171   24.952318625    7.046004649
    2.189594880    1.047197551   82.652236877    3.587675949    2.984138240
    2.379994435    1.047197551   81.192302138  -18.865038697   -0.275990155
    2.570393989    1.047197551   75.605430263  -39.225329289   -2.751535606
    2.760793544    1.047197551   66.589987232  -54.381903510   -4.447842557
    2.951193099    1.047197551   55.412986847  -61.619429914   -5.336977219

   -3.141592654    1.396263402   38.843959063  -59.518954502  -11.509077406
   -2.951193099    1.396263402   28.582582029  -47.282353417  -10.688815149
   -2.760793544    1.396263402   21.095320333  -31.244366983   -9.097845763
   -2.570393989    1.396263402   16.580233261  -16.941210311   -7.107075255
   -2.379994435    1.396263402   14.238905735   -8.951258451   -5.084005725
   -2.189594880    1.396263402   12.675374116   -8.647729949   -3.272527920
   -1.999195325    1.396263402   10.620796692  -13.360025378   -1.772662139
   -1.808795770    1.396263402    7.617936248  -17.587628044   -0.612227875
   -1.618396215    1.396263402    4.307943384  -15.844424925    0.175780661
   -1.427996661    1.396263402    2.128696574   -5.662165645    0.550827897
   -1.237597106    1.396263402    2.575719073   11.065569797    0.550848005
   -1.047197551    1.396263402    6.432453752   29.103892367    0.377136245
   -0.856797996    1.396263402   13.384090165   42.695538546    0.390793665
   -0.666398442    1.396263402   22.186459124   48.141470496    1.014736892
   -0.475998887    1.396263402   31.179481987   44.829200197    2.585120167
   -0.285599332    1.396263402   38.840949708   34.629422054    5.242957480
   -0.095199777    1.396263402   44.144829494   20.665676322    8.895725608
    0.095199777    1.396263402   46.710339452    6.466596248   13.192843853
    0.285599332    1.396263402   46.833199759   -4.419780404   17.542046911
    0.475998887    1.396263402   45.449278472   -8.939058061   21.178467970
    0.666398442    1.396263402   43.962092502   -5.436835684   23.333524688
    0.856797996    1.396263402   43.877400016    5.399185353   23.494929148
    1.047197551    1.396263402   46.314261884   20.371544650   21.604129796
    1.237597106    1.396263402   51.605491097   34.566081035   18.085193854
    1.427996661    1.396263402   59.134359449   43.216732969   13.656325072
    1.618396215    1.396263402   67.525454651   43.330695553    9.038123561
    1.808795770    1.396263402   75.066567000   34.416285840    4.710202464
    1.999195325    1.396263402   80.166659787   18.099261469    0.856787800
    2.189594880    1.396263402   81.676442249   -2.757779874   -2.545214270
    2.379994435    1.396263402   79.047752461  -24.779947100   -5.557249323
    2.570393989    1.396263402   72.392552631  -44.455861765   -8.146773591
    2.760793544    1.396263402   62.488474938  -58.368026468  -10.150037008
    2.951193099    1.396263402   50.719564431  -63.740007659  -11.330470283

   -3.141592654    1.745329252   32.302297663  -59.237703877  -17.042086141
   -2.951193099    1.745329252   22.322921374  -44.670267527  -16.406373503
   -2.760793544    1.745329252   15.504642385  -26.987224625  -14.686266658
   -2.570393989    1.745329252   11.877936945  -12.039976913  -12.196722924
   -2.379994435    1.745329252   10.455690200   -4.327046681   -9.302018150
   -2.189594880    1.745329252    9.697740292   -4.874479562   -6.281621088
   -1.999195325    1.745329252    8.260361559  -10.673731884   -3.300155497
   -1.808795770    1.745329252    5.659919713  -16.057269667   -0.482413437
   -1.618396215    1.745329252    2.531195745  -15.469357763    2.001771897
   -1.427996661    1.745329252    0.326193645   -6.260078986    3.948806996
   -1.237597106    1.745329252    0.607605057   10.040635134    5.244854222
   -1.047197551    1.745329252    4.302006090   28.588062731    5.992813747
   -0.856797996    1.745329252   11.288901826   43.737504020    6.522803290
   -0.666398442    1.745329252   20.501341326   51.477273850    7.263843107
   -0.475998887    1.745329252   30.363223140   50.575304954    8.548531966
   -0.285599332    1.745329252   39.308632192   42.228103157   10.472995734
   -0.095199777    1.745329252   46.152036660   29.021322039   12.860340748
    0.095199777    1.745329252   50.270618039   14.172241657   15.286410632
    0.285599332    1.745329252   51.681542040    1.168684138   17.170476065
    0.475998887    1.745329252   51.062041259   -6.659002385   17.919376574
    0.666398442    1.745329252   49.645849992   -6.975471373   17.118442843
    0.856797996    1.745329252   48.929206723    0.457473041   14.734226590
    1.047197551    1.745329252   50.195882401   13.279073028   11.164469712
    1.237597106    1.745329252   54.059000330   26.905792294    7.094608279
    1.427996661    1.745329252   60.180657003   36.242383743    3.204470137
    1.618396215    1.745329252   67.355587244   37.537046725   -0.102441592
    1.808795770    1.745329252   73.889625310   29.543843227   -2.810312542
    1.999195325    1.745329252   78.099902584   13.514422480   -5.178535682
    2.189594880    1.745329252   78.719251340   -7.580075010   -7.524960445
    2.379994435    1.745329252   75.138214405  -29.921736018  -10.016155033
    2.570393989    1.745329252   67.505832546  -49.456368926  -12.567029268
    2.760793544    1.745329252   56.727761695  -62.380115785  -14.862073027
    2.951193099    1.745329252   44.359824586  -65.874030213  -16.475681821

   -3.141592654    2.094395102   25.274694517  -59.957321232  -18.321324547
   -2.951193099    2.094395102   15.370733859  -43.178507919  -17.570636097
   -2.760793544    2.094395102    9.029183835  -23.562664155  -15.667543972
   -2.570393989    2.094395102    6.192935857   -7.275896800  -12.880753136
   -2.379994435    2.094395102    5.755135917    1.154932243   -9.542209708
   -2.189594880    2.094395102    6.072185418    0.873496745   -5.906203753
   -1.999195325    2.094395102    5.730601941   -4.959996283   -2.119758913
   -1.808795770    2.094395102    4.192543493  -10.672229505    1.686128188
   -1.618396215    2.094395102    2.029773114  -10.776810438    5.287450971
   -1.427996661    2.094395102    0.627669717   -2.556526769    8.369309480
   -1.237597106    2.094395102    1.517721297   12.757773219   10.664890570
   -1.047197551    2.094395102    5.666234630   30.728893507   12.119201815
   -0.856797996    2.094395102   13.056838852   45.937665814   12.935339033
   -0.666398442    2.094395102   22.737643430   54.245569116   13.453095370
   -0.475998887    2.094395102   33.192149023   53.994059698   13.944457561
   -0.285599332    2.094395102   42.820610739   45.872903734   14.465902754
   -0.095199777    2.094395102   50.316181344   32.063684325   14.828623202
    0.095199777    2.094395102   54.878032450   15.615106463   14.666937795
    0.285599332    2.094395102   56.339661625    0.137777487   13.573730661
    0.475998887    2.094395102   55.250569639  -10.583362552   11.269731375
    0.666398442    2.094395102   52.830971524  -13.458747003    7.762723843
    0.856797996    2.094395102   50.717818102   -7.475944979    3.453740359
    1.047197551    2.094395102   50.458061507    5.450744457   -0.951301976
    1.237597106    2.094395102   52.955568512   20.568741445   -4.699805695
    1.427996661    2.094395102   58.070701351   32.035192759   -7.312674280
    1.618396215    2.094395102   64.629710033   35.156011436   -8.775424420
    1.808795770    2.094395102   70.808983348   28.013537190   -9.500923224
    1.999195325    2.094395102   74.719750936   11.738682404  -10.087964311
    2.189594880    2.094395102   74.915164624  -10.321130639  -11.036719635
    2.379994435    2.094395102   70.706409193  -33.728117913  -12.549975318
    2.570393989    2.094395102   62.283943895  -53.817431422  -14.486249828
    2.760793544    2.094395102   50.691706299  -66.399144246  -16.433038179
    2.951193099    2.094395102   37.667638637  -68.592098124  -17.864191422

   -3.141592654    2.443460953   19.349345859  -60.105713088  -12.854468488
   -2.951193099    2.443460953    9.600872641  -41.407178764  -11.869529543
   -2.760793544    2.443460953    3.770707495  -20.031184611  -10.016785520
   -2.570393989    2.443460953    1.743045441   -2.396528707   -7.446036393
   -2.379994435    2.443460953    2.329089157    6.967799491   -4.335186576
   -2.189594880    2.443460953    3.820044378    7.354568204   -0.793160242
   -1.999195325    2.443460953    4.761502516    1.996182502    3.136477767
   -1.808795770    2.443460953    4.570296308   -3.557739443    7.362520883
   -1.618396215    2.443460953    3.735618774   -4.052739344   11.621902371
   -1.427996661    2.443460953    3.525680356    3.139320699   15.473845709
   -1.237597106    2.443460953    5.365443200   16.992726446   18.446410854
   -1.047197551    2.443460953   10.177596931   33.494226471   20.241400267
   -0.856797996    2.443460953   17.980728681   47.573380803   20.846921537
   -0.666398442    2.443460953   27.898848792   55.148317121   20.472947758
   -0.475998887    2.443460953   38.470456917   54.310499511   19.374464630
   -0.285599332    2.443460953   48.088200058   45.375471100   17.688749742
   -0.095199777    2.443460953   55.372441265   30.240381910   15.373690431
    0.095199777    2.443460953   59.415933168   11.907490094   12.269389547
    0.285599332    2.443460953   59.963890872   -5.770350716    8.246303551
    0.475998887    2.443460953   57.551109026  -18.499111461    3.377408116
    0.666398442    2.443460953   53.495466329  -22.525269313   -1.953833910
    0.856797996    2.443460953   49.652042233  -16.312230162   -7.057840917
    1.047197551    2.443460953   47.849891433   -1.678930140  -11.143633356
    1.237597106    2.443460953   49.237775100   16.146619645  -13.621712661
    1.427996661    2.443460953   53.784558942   30.428950674  -14.360477864
    1.618396215    2.443460953   60.248150945   35.576656800  -13.737668973
    1.808795770    2.443460953   66.597812096   29.162656482  -12.463501610
    1.999195325    2.443460953   70.694679107   12.374374490  -11.277949707
    2.189594880    2.443460953   70.897042147  -10.945816908  -10.684854438
    2.379994435    2.443460953   66.436597559  -35.699419360  -10.830462385
    2.570393989    2.443460953   57.547090796  -56.623354287  -11.532321896
    2.760793544    2.443460953   45.408824724  -69.167629755  -12.395031516
    2.951193099    2.443460953   31.935733862  -70.396124506  -12.962342828

   -3.141592654    2.792526803   16.287055557  -59.493358069    1.194383181
   -2.951193099    2.792526803    6.761216521  -39.677245905    3.155495930
   -2.760793544    2.792526803    1.373397043  -17.136151390    5.076252130
   -2.570393989    2.792526803    0.000000000    1.550687333    6.908870915
   -2.379994435    2.792526803    1.427198900   11.834868479    8.766828180
   -2.189594880    2.792526803    3.927703483   13.083395406   10.910871973
   -1.999195325    2.792526803    6.039152454    8.538406164   13.611907249
   -1.808795770    2.792526803    7.156383541    3.580456012   16.944413980
   -1.618396215    2.792526803    7.698149670    3.150724802   20.632665517
   -1.427996661    2.792526803    8.804621342    9.621944556   24.078663862
   -1.237597106    2.792526803   11.745721694   21.962985293   26.578300225
   -1.047197551    2.792526803   17.316280909   36.438762383   27.613669485
   -0.856797996    2.792526803   25.473263464   48.346591035   27.039216426
   -0.666398442    2.792526803   35.339309743   53.845311102   25.052716916
   -0.475998887    2.792526803   45.474310007   51.033297037   22.011394735
   -0.285599332    2.792526803   54.278390511   40.088128153   18.228303101
   -0.095199777    2.792526803   60.355495759   22.834378906   13.864790152
    0.095199777    2.792526803   62.788762232    2.437346804    8.967908965
    0.285599332    2.792526803   61.371980963  -16.806663017    3.607143971
    0.475998887    2.792526803   56.790552817  -30.018086140   -1.973876874
    0.666398442    2.792526803   50.616433869  -32.970478740   -7.293028799
    0.856797996    2.792526803   45.013731236  -24.093583881  -11.693538463
    1.047197551    2.792526803   42.073607813   -5.728878835  -14.566171763
    1.237597106    2.792526803   43.062564247   15.949911052  -15.607506269
    1.427996661    2.792526803   47.876048593   33.224451822  -14.959713415
    1.618396215    2.792526803   55.041458050   39.898979144  -13.146483609
    1.808795770    2.792526803   62.236828637   33.508236558  -10.840002528
    1.999195325    2.792526803   67.073805713   15.684775780   -8.600386435
    2.189594880    2.792526803   67.768380306   -9.098121328   -6.709416614
    2.379994435    2.792526803   63.526214514  -35.191654989   -5.162607512
    2.570393989    2.792526803   54.641820649  -56.978886921   -3.774922757
    2.760793544    2.792526803   42.402862839  -69.766970446   -2.322928813
    2.951193099    2.792526803   28.842314572  -70.631517725   -0.667981171
