#! FIELDS phi psi file.free der_phi der_psi
#! SET min_phi -pi
#! SET max_phi pi
#! SET nbins_phi  33
#! SET periodic_phi true
#! SET min_psi -pi
#! SET max_psi pi
#! SET nbins_psi  18
#! SET periodic_psi true
   -3.141592654   -3.141592654   19.167986159  -56.876066721   15.797783825
   -2.951193099   -3.141592654   10.092424914  -37.615745424   18.440147136
   -2.760793544   -3.141592654    5.039509633  -15.666828772   20.215627404
   -2.570393989   -3.141592654    3.911376815    2.736231699   21.223637363
   -2.379994435   -3.141592654    5.586535577   13.374860998   21.852547837
   -2.189594880   -3.141592654    8.473981643   15.717299634   22.649325940
   -1.999195325   -3.141592654   11.232868584   12.742306444   24.079291280
   -1.808795770   -3.141592654   13.296607641    9.240151664   26.280729855
   -1.618396215   -3.141592654   14.995478497    9.461347218   28.932592652
   -1.427996661   -3.141592654   17.265681691   15.308778776   31.336144386
   -1.237597106   -3.141592654   21.125322571   25.737233432   32.677495963
   -1.047197551   -3.141592654   27.159152033   37.444574238   32.355199454
   -0.856797996   -3.141592654   35.219650197   46.337373340   30.191783477
   -0.666398442   -3.141592654   44.431494581   49.050602219   26.423392169
   -0.475998887   -3.141592654   53.421234436   43.875969277   21.523412877
   -0.285599332   -3.141592654   60.671048181   30.989957616   15.977872814
   -0.095199777   -3.141592654   64.864422781   12.227561435   10.137882622
    0.095199777   -3.141592654   65.180330941   -9.071204584    4.226756700
    0.285599332   -3.141592654   61.557655801  -28.280037508   -1.549644221
    0.475998887   -3.141592654   54.892213241  -40.215249930   -6.873782303
    0.666398442   -3.141592654   47.003474332  -40.572239789  -11.281236519
    0.856797996   -3.141592654   40.281507281  -28.119946634  -14.262415291
    1.047197551   -3.141592654   36.941803796   -5.909797414  -15.471873650
    1.237597106   -3.141592654   38.222541255   19.050763956  -14.916322983
    1.427996661   -3.141592654   43.846585641   38.416751294  -12.970405042
    1.618396215   -3.141592654   52.090079633   45.825099628  -10.213353836
    1.808795770   -3.141592654   60.393781141   39.093197485   -7.174232504
    1.999195325   -3.141592654   66.214278236   20.395789602   -4.150374952
    2.189594880   -3.141592654   67.718144885   -5.271280142   -1.164117252
    2.379994435   -3.141592654   64.143114108  -31.948658278    1.928288897
    2.570393989   -3.141592654   55.850242667  -53.961624340    5.268235255
    2.760793544   -3.141592654   44.183135019  -66.773346408    8.855298686
    2.951193099   -3.141592654   31.189797201  -67.709087247   12.483248494

   -3.141592654   -2.792526803   26.396425683  -51.490771774   23.771746930
   -2.951193099   -2.792526803   18.147913442  -34.387517710   26.429675555
   -2.760793544   -2.792526803   13.499366588  -14.586898661   27.799928723
   -2.570393989   -2.792526803   12.424270257    2.383891925   28.128755776
   -2.379994435   -2.792526803   13.990242661   12.797796724   27.990564386
   -2.189594880   -2.792526803   16.847099468   16.151403903   28.066231325
   -1.999195325   -2.792526803   19.850017685   14.935547479   28.844660854
   -1.808795770   -2.792526803   22.498701397   13.098103497   30.387871910
   -1.618396215   -2.792526803   25.018301034   14.001031611   32.258545315
   -1.427996661   -2.792526803   28.095023272   18.960265591   33.669592498
   -1.237597106   -2.792526803   32.434057213   26.890873401   33.783428984
   -1.047197551   -2.792526803   38.355565047   35.009833328   32.044891436
   -0.856797996   -2.792526803   45.584303078   40.081045587   28.378922263
   -0.666398442   -2.792526803   53.282665202   39.578307226   23.163263314
   -0.475998887   -2.792526803   60.249025310   32.320569054   17.032075585
   -0.285599332   -2.792526803   65.199870862   18.605424907   10.622797805
   -0.095199777   -2.792526803   67.044333665    0.104885968    4.393965284
    0.095199777   -2.792526803   65.144797085  -20.092225352   -1.378803362
    0.285599332   -2.792526803   59.582636028  -37.519050232   -6.499242456
    0.475998887   -2.792526803   51.376040930  -47.060064790  -10.721718421
    0.666398442   -2.792526803   42.453738512  -44.509412312  -13.717116174
    0.856797996   -2.792526803   35.278687224  -28.924113843  -15.177571003
    1.047197551   -2.792526803   32.064894117   -3.856708100  -14.984965448
    1.237597106   -2.792526803   33.949228960   23.193156043  -13.333854351
    1.427996661   -2.792526803   40.480673693   43.652043955  -10.671944213
    1.618396215   -2.792526803   49.754822059   51.319288206   -7.509975078
    1.808795770   -2.792526803   59.094797805   44.467346575   -4.200676605
    1.999195325   -2.792526803   65.932882610   25.763791197   -0.840648490
    2.189594880   -2.792526803   68.488706801    0.481221714    2.694096355
    2.379994435   -2.792526803   66.075468936  -25.467434785    6.590204537
    2.570393989   -2.792526803   59.090950502  -46.739562287   10.918784307
    2.760793544   -2.792526803   48.837022353  -59.277533504   15.520330843
    2.951193099   -2.792526803   37.232100706  -60.796194402   19.983707125

   -3.141592654   -2.443460953   34.500879308  -45.689937847   21.989707111
   -2.951193099   -2.443460953   27.156174420  -30.761871044   24.226058921
   -2.760793544   -2.443460953   22.985107716  -13.139842921   25.277620678
   -2.570393989   -2.443460953   22.025630076    2.306350026   25.362883071
   -2.379994435   -2.443460953   23.515560588   12.264276450   24.961271821
   -2.189594880   -2.443460953   26.310879996   16.174309427   24.609396712
   -1.999195325   -2.443460953   29.414638696   15.991193612   24.651768044
   -1.808795770   -2.443460953   32.342850104   14.857093742   25.074073786
   -1.618396215   -2.443460953   35.183974896   15.403423509   25.483205881
   -1.427996661   -2.443460953   38.383021195   18.616272988   25.263003962
   -1.237597106   -2.443460953   42.393714831   23.653583110   23.822730187
   -1.047197551   -2.443460953   47.380832759   28.451256440   20.851904096
   -0.856797996   -2.443460953   53.074183015   30.666819684   16.452650443
   -0.666398442   -2.443460953   58.795055704   28.457190076   11.087785489
   -0.475998887   -2.443460953   63.589680088   20.870332015    5.394716448
   -0.285599332   -2.443460953   66.422327670    7.967931096   -0.041445507
   -0.095199777   -2.443460953   66.376671294   -9.029775397   -4.860840728
    0.095199777   -2.443460953   62.903857910  -27.454299281   -8.922241100
    0.285599332   -2.443460953   56.114993122  -43.023656748  -12.200915120
    0.475998887   -2.443460953   47.043997376  -50.599155616  -14.646592938
    0.666398442   -2.443460953   37.647460886  -45.917656411  -16.114967153
    0.856797996   -2.443460953   30.413355386  -28.126541753  -16.434046683
    1.047197551   -2.443460953   27.545292931   -1.075375042  -15.527785959
    1.237597106   -2.443460953   30.106076389   27.419777291  -13.528841599
    1.427996661   -2.443460953   37.525718387   48.649784634  -10.752258554
    1.618396215   -2.443460953   47.780660288   56.566817923   -7.568599278
    1.808795770   -2.443460953   58.127423871   49.793460256   -4.240297008
    1.999195325   -2.443460953   65.999414155   31.346171204   -0.852622948
    2.189594880   -2.443460953   69.669565145    6.656182462    2.669248029
    2.379994435   -2.443460953   68.510417483  -18.458975824    6.446767295
    2.570393989   -2.443460953   62.936941952  -38.979611727   10.510625305
    2.760793544   -2.443460953   54.195202324  -51.283863434   14.710672558
    2.951193099   -2.443460953   44.068421532  -53.433348666   18.689693263

   -3.141592654   -2.094395102   40.634328474  -41.437051940   13.289942378
   -2.951193099   -2.094395102   33.948370556  -28.137857263   14.704329008
   -2.760793544   -2.094395102   30.120467841  -12.116101061   15.416479545
   -2.570393989   -2.094395102   29.237150061    2.186021956   15.528005523
   -2.379994435   -2.094395102   30.648929027   11.674693493   15.252208960
   -2.189594880   -2.094395102   33.333148170   15.656599287   14.798720022
   -1.999195325   -2.094395102   36.357121556   15.645711881   14.250396582
   -1.808795770   -2.094395102   39.204450492   14.241651055   13.508444663
   -1.618396215   -2.094395102   41.838284508   13.693528979   12.328547042
   -1.427996661   -2.094395102   44.537960619   14.961185788   10.444544192
   -1.237597106   -2.094395102   47.625179543   17.588968324    7.705476455
   -1.047197551   -2.094395102   51.236412540   20.169066976    4.179341495
   -0.856797996   -2.094395102   55.205224304   21.028389786    0.162478327
   -0.666398442   -2.094395102   59.059243340   18.707633208   -3.914389836
   -0.475998887   -2.094395102   62.082285478   12.195255081   -7.629107866
   -0.285599332   -2.094395102   63.426720022    1.084419816  -10.699213513
   -0.095199777   -2.094395102   62.254958655  -13.994345314  -13.072606270
    0.095199777   -2.094395102   57.995355396  -30.821408249  -14.872462265
    0.285599332   -2.094395102   50.683113165  -45.205919428  -16.281591240
    0.475998887   -2.094395102   41.290802279  -51.784163625  -17.389354109
    0.666398442   -2.094395102   31.771578195  -45.973319364  -18.100233002
    0.856797996   -2.094395102   24.656936555  -26.759584954  -18.179417024
    1.047197551   -2.094395102   22.197924933    1.863265373  -17.383036167
    1.237597106   -2.094395102   25.456302235   31.756296065  -15.620711414
    1.427996661   -2.094395102   33.800502524   53.930373597  -13.020221893
    1.618396215   -2.094395102   45.108863570   62.269398311   -9.877721179
    1.808795770   -2.094395102   56.551912050   55.555334826   -6.520041850
    1.999195325   -2.094395102   65.517602149   37.070163745   -3.198107985
    2.189594880   -2.094395102   70.281883273   12.446119879   -0.021169691
    2.379994435   -2.094395102   70.244545301  -12.458934459    3.011589675
    2.570393989   -2.094395102   65.835483862  -32.774857089    5.929728402
    2.760793544   -2.094395102   58.274672753  -45.163636122    8.712103774
    2.951193099   -2.094395102   49.263935523  -47.941529367   11.231372317

   -3.141592654   -1.745329252   43.424924098  -38.898362652    5.330012809
   -2.951193099   -1.745329252   37.144954896  -26.458527416    5.943510794
   -2.760793544   -1.745329252   33.541328983  -11.452789924    6.214909245
   -2.570393989   -1.745329252   32.688569877    1.860078003    6.138096921
   -2.379994435   -1.745329252   33.955172254   10.497176294    5.713695023
   -2.189594880   -1.745329252   36.341878988   13.707832192    4.910106377
   -1.999195325   -1.745329252   38.914233542   12.819583036    3.642686377
   -1.808795770   -1.745329252   41.118987806   10.271610233    1.801556748
   -1.618396215   -1.745329252   42.867389598    8.342096883   -0.678935079
   -1.427996661   -1.745329252   44.416116482    8.260787708   -3.738732451
   -1.237597106   -1.745329252   46.131541095    9.995570474   -7.157412000
   -1.047197551   -1.745329252   48.274902933   12.513459603  -10.580832352
   -0.856797996   -1.745329252   50.858732003   14.301268715  -13.608691280
   -0.666398442   -1.745329252   53.589675093   13.750565060  -15.909968664
   -0.475998887   -1.745329252   55.874806009    9.440328346  -17.314606924
   -0.285599332   -1.745329252   56.898672928    0.408736948  -17.851217391
   -0.095199777   -1.745329252   55.751281518  -13.190867996  -17.754935656
    0.095199777   -1.745329252   51.717284395  -29.399807465  -17.376087541
    0.285599332   -1.745329252   44.670324489  -43.942006711  -17.061679525
    0.475998887   -1.745329252   35.468964119  -51.051610561  -17.004718327
    0.666398442   -1.745329252   26.047992458  -45.602500043  -17.143396065
    0.856797996   -1.745329252   19.015243014  -26.150807509  -17.187311842
    1.047197551   -1.745329252   16.750244690    3.392911010  -16.744280774
    1.237597106   -1.745329252   20.423977489   34.614059775  -15.521391650
    1.427996661   -1.745329252   29.440361710   58.075882730  -13.461135036
    1.618396215   -1.745329252   41.628561530   67.262731146  -10.762803734
    1.808795770   -1.745329252   54.056865449   60.798170914   -7.772752462
    1.999195325   -1.745329252   64.004182659   42.065187455   -4.853298514
    2.189594880   -1.745329252   69.674817635   16.948895379   -2.252092080
    2.379994435   -1.745329252   70.448515221   -8.433079706   -0.066250190
    2.570393989   -1.745329252   66.772279145  -29.080197336    1.726713348
    2.760793544   -1.745329252   59.891783524  -41.712257539    3.200460680
    2.951193099   -1.745329252   51.509933951  -44.819025651    4.402440321

   -3.141592654   -1.396263402   42.096471769  -39.064903045    2.810563901
   -2.951193099   -1.396263402   35.806152366  -26.407976243    2.625428561
   -2.760793544   -1.396263402   32.225200865  -11.309769426    2.194848912
   -2.570393989   -1.396263402   31.384274844    1.770112229    1.501157798
   -2.379994435   -1.396263402   32.576238351    9.717006665    0.454988141
   -2.189594880   -1.396263402   34.709423286   11.744836662   -1.109046372
   -1.999195325   -1.396263402   36.762558146    9.282874100   -3.371251239
   -1.808795770   -1.396263402   38.131680894    5.045681825   -6.412411675
   -1.618396215   -1.396263402   38.745617280    1.748177553  -10.099053700
   -1.427996661   -1.396263402   38.969266624    1.103722979  -14.045540320
   -1.237597106   -1.396263402   39.358316981    3.424540023  -17.697708897
   -1.047197551   -1.396263402   40.400097749    7.692555006  -20.504491952
   -0.856797996   -1.396263402   42.301699508   12.044532620  -22.090302226
   -0.666398442   -1.396263402   44.869832393   14.270108281  -22.353210418
   -0.475998887   -1.396263402   47.489034922   12.315550120  -21.459776808
   -0.285599332   -1.396263402   49.214397345    4.717619764  -19.763457569
   -0.095199777   -1.396263402   48.932874752   -8.600049023  -17.724019806
    0.095199777   -1.396263402   45.709791377  -25.640697542  -15.796536660
    0.285599332   -1.396263402   39.234215302  -41.787651147  -14.330256180
    0.475998887   -1.396263402   30.269323075  -50.692943491  -13.467919401
    0.666398442   -1.396263402   20.779857987  -46.550440045  -13.090005667
    0.856797996   -1.396263402   13.521733331  -27.378224730  -12.872302115
    1.047197551   -1.396263402   11.090344787    3.040147808  -12.416540081
    1.237597106   -1.396263402   14.849850066   35.939546702  -11.423640358
    1.427996661   -1.396263402   24.297031872   61.220259411   -9.806175816
    1.618396215   -1.396263402   37.219779269   71.692904508   -7.697804321
    1.808795770   -1.396263402   50.542686211   65.584319838   -5.364361636
    1.999195325   -1.396263402   61.360487137   46.281319614   -3.098395820
    2.189594880   -1.396263402   67.728005902   19.983252294   -1.121167409
    2.379994435   -1.396263402   68.951570980   -6.737735967    0.450138131
    2.570393989   -1.396263402   65.486908655  -28.490063182    1.591266704
    2.760793544   -1.396263402   58.647995294  -41.783557573    2.333723348
    2.951193099   -1.396263402   50.226463761  -45.095223809    2.725487697

   -3.141592654   -1.047197551   39.575567751  -41.769807170    4.357646612
   -2.951193099   -1.047197551   32.808657008  -28.654617738    3.278605741
   -2.760793544   -1.047197551   28.861075003  -12.921696445    1.801487346
   -2.570393989   -1.047197551   27.758264832    0.555075396    0.026415576
   -2.379994435   -1.047197551   28.709962988    8.279536948   -2.036550540
   -2.189594880   -1.047197551   30.487615824    9.326940590   -4.499272105
   -1.999195325   -1.047197551   31.941288716    5.355859937   -7.524677814
   -1.808795770   -1.047197551   32.416645734   -0.346885287  -11.166233706
   -1.618396215   -1.047197551   31.918406312   -4.363383063  -15.206477619
   -1.427996661   -1.047197551   31.008026847   -4.464327375  -19.117279398
   -1.237597106   -1.047197551   30.496761611   -0.263286796  -22.198792284
   -1.047197551   -1.047197551   31.092734635    6.796123625  -23.843436604
   -0.856797996   -1.047197551   33.110451133   14.124027712  -23.775081532
   -0.666398442   -1.047197551   36.319851567   18.774446429  -22.141734163
   -0.475998887   -1.047197551   39.947126158   18.196369586  -19.430001620
   -0.285599332   -1.047197551   42.825857677   10.742530548  -16.268854434
   -0.095199777   -1.047197551   43.614705292   -3.547182277  -13.238278819
    0.095199777   -1.047197551   41.196166734  -22.334581940  -10.724243988
    0.285599332   -1.047197551   35.158747229  -40.488048982   -8.861868721
    0.475998887   -1.047197551   26.272060635  -51.069130319   -7.556637264
    0.666398442   -1.047197551   16.615156606  -47.774294852   -6.567725703
    0.856797996   -1.047197551    9.128588449  -28.394507920   -5.646370406
    1.047197551   -1.047197551    6.599414229    3.133499835   -4.632451591
    1.237597106   -1.047197551   10.522207974   37.572597346   -3.489253292
    1.427996661   -1.047197551   20.420787754   64.248278372   -2.262259143
    1.618396215   -1.047197551   34.007955925   75.511949005   -1.014516994
    1.808795770   -1.047197551   48.070588398   69.390288769    0.221819159
    1.999195325   -1.047197551   59.551866919   49.332516271    1.435378076
    2.189594880   -1.047197551   66.385807808   21.769068096    2.604268062
    2.379994435   -1.047197551   67.810250608   -6.422959400    3.662574471
    2.570393989   -1.047197551   64.269931023  -29.562824477    4.494753262
    2.760793544   -1.047197551   57.118654564  -43.917905171    4.957621406
    2.951193099   -1.047197551   48.228351300  -47.794828177    4.930324311

   -3.141592654   -0.698131701   39.788697438  -45.014038949    4.035134783
   -2.951193099   -0.698131701   32.330810364  -32.591922383    1.851441994
   -2.760793544   -0.698131701   27.601019884  -17.136620422   -0.733013831
   -2.570393989   -0.698131701   25.689956036   -3.705881552   -3.498145813
   -2.379994435   -0.698131701   25.821124003    3.878976991   -6.350001097
   -2.189594880   -0.698131701   26.721358697    4.447219392   -9.359515761
   -1.999195325   -0.698131701   27.176742607   -0.267728327  -12.653088166
   -1.808795770   -0.698131701   26.520596978   -6.520262932  -16.206998385
   -1.618396215   -0.698131701   24.856377601  -10.245651215  -19.679803066
   -1.427996661   -0.698131701   22.954078312   -8.771978619  -22.433539536
   -1.237597106   -0.698131701   21.871225441   -1.798533832  -23.767321370
   -1.047197551   -0.698131701   22.489056141    8.580429621  -23.252041299
   -0.856797996   -0.698131701   25.140299497   18.860899767  -20.954178243
   -0.666398442   -0.698131701   29.447538358   25.337517621  -17.420637880
   -0.475998887   -0.698131701   34.384158257   25.142549556  -13.447307387
   -0.285599332   -0.698131701   38.517562789   16.793514600   -9.769958575
   -0.095199777   -0.698131701   40.307290056    0.836254541   -6.817605749
    0.095199777   -0.698131701   38.549253182  -19.751882699   -4.622956732
    0.285599332   -0.698131701   32.863236486  -39.274141050   -2.895435572
    0.475998887   -0.698131701   24.136820961  -50.462733161   -1.223822286
    0.666398442   -0.698131701   14.599206000  -47.031488629    0.684145315
    0.856797996   -0.698131701    7.307784632  -27.067010733    2.819495553
    1.047197551   -0.698131701    5.094769073    5.085599133    4.881901764
    1.237597106   -0.698131701    9.429745407   39.880441588    6.470182453
    1.427996661   -0.698131701   19.775062967   66.574111988    7.325077589
    1.618396215   -0.698131701   33.788507273   77.638453385    7.476038545
    1.808795770   -0.698131701   48.232482277   71.269121463    7.203847151
    1.999195325   -0.698131701   60.049870894   50.984882733    6.866567097
    2.189594880   -0.698131701   67.173953231   23.145007461    6.703466050
    2.379994435   -0.698131701   68.819532827   -5.519803542    6.730708359
    2.570393989   -0.698131701   65.381442249  -29.448243199    6.753506375
    2.760793544   -0.698131701   58.152218407  -44.888678704    6.465921366
    2.951193099   -0.698131701   48.962247593  -49.974953951    5.599969862

   -3.141592654   -0.349065850   40.895615724  -49.301376632    3.060483400
   -2.951193099   -0.349065850   32.519102805  -37.851728986    0.192541156
   -2.760793544   -0.349065850   26.738244889  -22.819190024   -2.984197402
   -2.570393989   -0.349065850   23.739850555   -9.397781444   -6.172175120
   -2.379994435   -0.349065850   22.795512037   -1.738357509   -9.222693111
   -2.189594880   -0.349065850   22.620957048   -1.254722108  -12.173759847
   -1.999195325   -0.349065850   21.975742552   -6.103639809  -15.116512772
   -1.808795770   -0.349065850   20.225077173  -12.053705013  -17.969084046
   -1.618396215   -0.349065850   17.613661624  -14.449908241  -20.324476104
   -1.427996661   -0.349065850   15.138796004  -10.375497026  -21.534385597
   -1.237597106   -0.349065850   14.074534403    0.082516645  -21.010418702
   -1.047197551   -0.349065850   15.386322221   13.886498060  -18.581540038
   -0.856797996   -0.349065850   19.292628694   26.481370778  -14.658304517
   -0.666398442   -0.349065850   25.133677573   33.517167117  -10.091579888
   -0.475998887   -0.349065850   31.541552624   32.163057772   -5.812898268
   -0.285599332   -0.349065850   36.811177051   21.606747915   -2.463185704
   -0.095199777   -0.349065850   39.294201030    3.375612845   -0.158906902
    0.095199777   -0.349065850   37.865012574  -18.640497486    1.483885255
    0.285599332   -0.349065850   32.359466562  -38.265938527    3.120526746
    0.475998887   -0.349065850   23.912779352  -48.387689513    5.321974858
    0.666398442   -0.349065850   14.914022071  -43.467344825    8.254498339
    0.856797996   -0.349065850    8.410380937  -22.536771894   11.540298134
    1.047197551   -0.349065850    7.064060854    9.429374092   14.418633448
    1.237597106   -0.349065850   12.115400103   42.901045741   16.137274317
    1.427996661   -0.349065850   22.862417115   67.753627259   16.330090082
    1.618396215   -0.349065850   36.941853415   77.255762340   15.180745991
    1.808795770   -0.349065850   51.225788744   70.124617763   13.282880486
    1.999195325   -0.349065850   62.818592881   49.882944701   11.324868536
    2.189594880   -0.349065850   69.772668839   22.483082933    9.770212743
    2.379994435   -0.349065850   71.326099607   -5.888984315    8.706939831
    2.570393989   -0.349065850   67.802792150  -30.087616561    7.884976826
    2.760793544   -0.349065850   60.373078795  -46.455832041    6.881633454
    2.951193099   -0.349065850   50.759895420  -52.901173603    5.326806441

   -3.141592654    0.000000000   41.875571483  -54.283564099    1.250679979
   -2.951193099    0.000000000   32.465344339  -43.602169993   -1.555181032
   -2.760793544    0.000000000   25.568292478  -28.672368948   -4.453316515
   -2.570393989    0.000000000   21.489471637  -14.829292292   -7.197569943
   -2.379994435    0.000000000   19.566390232   -6.587271702   -9.687943371
   -2.189594880    0.000000000   18.515548499   -5.630577699  -11.975073816
   -1.999195325    0.000000000   17.078600897  -10.015673299  -14.109537007
   -1.808795770    0.000000000   14.657874734  -15.057718475  -15.942799162
   -1.618396215    0.000000000   11.631434018  -15.627118465  -17.041380696
   -1.427996661    0.000000000    9.184849025   -8.765757800  -16.842980775
   -1.237597106    0.000000000    8.728497443    4.840383846  -14.978615003
   -1.047197551    0.000000000   11.202608107   21.138352090  -11.571277068
   -0.856797996    0.000000000   16.608957351   34.681658774   -7.281329391
   -0.666398442    0.000000000   23.955707415   40.851491661   -3.043630999
   -0.475998887    0.000000000   31.566302495   37.305210832    0.347533783
   -0.285599332    0.000000000   37.574145481   24.258752913    2.570028868
   -0.095199777    0.000000000   40.380760093    4.329062426    3.907380190
    0.095199777    0.000000000   39.089034292  -17.873010485    5.085812076
    0.285599332    0.000000000   33.838635465  -36.138026798    6.929210941
    0.475998887    0.000000000   26.002314817  -44.059297344    9.941917729
    0.666398442    0.000000000   18.019969548  -37.293648500   14.004995391
    0.856797996    0.000000000   12.760211137  -15.972742642   18.341089443
    1.047197551    0.000000000   12.551813425   14.502772220   21.820993607
    1.237597106    0.000000000   18.308034956   45.077245580   23.484805300
    1.427996661    0.000000000   29.159527366   66.734384914   22.971300829
    1.618396215    0.000000000   42.799697575   73.875633907   20.639975690
    1.808795770    0.000000000   56.327370491   65.818820122   17.331955344
    1.999195325    0.000000000   67.118791012   45.948528759   13.959778957
    2.189594880    0.000000000   73.416530838   19.563324329   11.130986337
    2.379994435    0.000000000   74.504757534   -7.934536902    8.995418236
    2.570393989    0.000000000   70.621743297  -31.964429552    7.316009425
    2.760793544    0.000000000   62.783512220  -48.996942379    5.670246174
    2.951193099    0.000000000   52.576296640  -56.653140387    3.696587793

   -3.141592654    0.349065850   43.287254983  -58.253283666    0.760003423
   -2.951193099    0.349065850   33.055714769  -48.168248537   -1.053292727
   -2.760793544    0.349065850   25.266732286  -33.381846169   -2.827403473
   -2.570393989    0.349065850   20.310761172  -19.274437589   -4.472552218
   -2.379994435    0.349065850   17.582604137  -10.579610910   -5.982088468
   -2.189594880    0.349065850   15.817694531   -9.124796390   -7.411644787
   -1.999195325    0.349065850   13.774232196  -12.837204295   -8.762521860
   -1.808795770    0.349065850   10.918728536  -16.683629068   -9.854285504
   -1.618396215    0.349065850    7.757846774  -15.281687061  -10.306157397
   -1.427996661    0.349065850    5.614375303   -5.872916710   -9.708526544
   -1.237597106    0.349065850    5.947025732   10.132671545   -7.889245463
   -1.047197551    0.349065850    9.580185787   27.774069058   -5.104025343
   -0.856797996    0.349065850   16.251619161   41.056940224   -1.982288814
   -0.666398442    0.349065850   24.669014833   45.544192653    0.771357383
   -0.475998887    0.349065850   32.959068118   39.735560990    2.735254875
   -0.285599332    0.349065850   39.249908695   24.975847304    3.975438027
   -0.095199777    0.349065850   42.139138133    4.761039332    5.040741559
    0.095199777    0.349065850   41.040597113  -16.005352543    6.699934117
    0.285599332    0.349065850   36.389431741  -31.581421604    9.580419163
    0.475998887    0.349065850   29.699541351  -36.666233341   13.816775762
    0.666398442    0.349065850   23.309071091  -28.281085496   18.879899586
    0.856797996    0.349065850   19.749812741   -7.552880291   23.690662910
    1.047197551    0.349065850   20.901636160   20.023873702   27.018391409
    1.237597106    0.349065850   27.309883375   46.288453650   27.999942445
    1.427996661    0.349065850   37.972448841   63.682541664   26.484756718
    1.618396215    0.349065850   50.725513031   67.912896002   23.047554336
    1.808795770    0.349065850   62.993618794   58.883150662   18.674816344
    1.999195325    0.349065850   72.508851632   39.700972080   14.349610484
    2.189594880    0.349065850   77.757585237   14.852139604   10.709462539
    2.379994435    0.349065850   78.096939038  -11.161362959    7.939519891
    2.570393989    0.349065850   73.689949086  -34.385311297    5.867718000
    2.760793544    0.349065850   65.399223499  -51.460790850    4.155455721
    2.951193099    0.349065850   54.666086027  -59.782367717    2.502204047

   -3.141592654    0.698131701   45.035585132  -59.334549018   -0.262105333
   -2.951193099    0.698131701   34.555374250  -49.694972288   -0.711708748
   -2.760793544    0.698131701   26.428321956  -35.384058885   -0.977908718
   -2.570393989    0.698131701   21.051890861  -21.660648739   -1.188432800
   -2.379994435    0.698131701   17.843716628  -13.198924399   -1.471124943
   -2.189594880    0.698131701   15.573058467  -11.769421223   -1.908164618
   -1.999195325    0.698131701   13.048901689  -15.172487553   -2.482468735
   -1.808795770    0.698131701    9.815516414  -18.229051707   -3.050747845
   -1.618396215    0.698131701    6.475910585  -15.543909792   -3.377354082
   -1.427996661    0.698131701    4.426298853   -4.622918171   -3.248740359
   -1.237597106    0.698131701    5.123353000   12.615514522   -2.600204666
   -1.047197551    0.698131701    9.289141056   30.724114613   -1.572560903
   -0.856797996    0.698131701   16.493604863   43.568560151   -0.434241351
   -0.666398442    0.698131701   25.298147227   47.067837058    0.609780405
   -0.475998887    0.698131701   33.790771742   40.427812119    1.589724742
   -0.285599332    0.698131701   40.200581363   25.730638929    2.815286406
   -0.095199777    0.698131701   43.340416171    6.855618354    4.788867755
    0.095199777    0.698131701   42.861216272  -11.452311937    7.964047456
    0.285599332    0.698131701   39.348981354  -24.195179856   12.487277195
    0.475998887    0.698131701   34.286869774  -27.173695711   17.992868513
    0.666398442    0.698131701   29.769312382  -18.467829147   23.587759566
    0.856797996    0.698131701   27.928296981    0.291910602   28.080998590
    1.047197551    0.698131701   30.226702940   23.970010809   30.402350765
    1.237597106    0.698131701   36.938765320   45.516635541   30.027027114
    1.427996661    0.698131701   47.038303281   58.745807433   27.165164158
    1.618396215    0.698131701   58.577141980   60.413331784   22.630322520
    1.808795770    0.698131701   69.328778679   50.772230143   17.467990912
    1.999195325    0.698131701   77.373304632   32.574063799   12.586303797
    2.189594880    0.698131701   81.433507923    9.565235389    8.518248157
    2.379994435    0.698131701   80.953885744  -14.517100827    5.411672823
    2.570393989    0.698131701   76.059133802  -36.256775511    3.162445445
    2.760793544    0.698131701   67.500827461  -52.511430475    1.572497301
    2.951193099    0.698131701   56.594574326  -60.631005265    0.469659767

   -3.141592654    1.047197551   43.575305727  -59.965723848   -4.774393473
   -2.951193099    1.047197551   33.068207545  -49.369581711   -4.210834759
   -2.760793544    1.047197551   25.066934910  -34.448034066   -3.222458878
   -2.570393989    1.047197551   19.893057808  -20.534372900   -2.130263255
   -2.379994435    1.047197551   16.886697819  -12.248785545   -1.221411017
   -2.189594880    1.047197551   14.762047913  -11.196781683   -0.659263507
   -1.999195325    1.047197551   12.309718592  -14.974270871   -0.458768351
   -1.808795770    1.047197551    9.090061458  -18.252338637   -0.530239786
   -1.618396215    1.047197551    5.739798195  -15.609992086   -0.751477348
   -1.427996661    1.047197551    3.681576003   -4.648045031   -1.025304877
   -1.237597106    1.047197551    4.374866537   12.577570415   -1.284058403
   -1.047197551    1.047197551    8.525182601   30.575823834   -1.452719184
   -0.856797996    1.047197551   15.692775994   43.353837769   -1.403610946
   -0.666398442    1.047197551   24.474995541   47.138652042   -0.923503710
   -0.475998887    1.047197551   33.060879925   41.468466117    0.264470104
   -0.285599332    1.047197551   39.829636545   28.602970905    2.435174999
   -0.095199777    1.047197551   43.749448227   12.257143393    5.777925293
    0.095199777    1.047197551   44.557982236   -3.365157844   10.265232454
    0.285599332    1.047197551   42.793943720  -14.111109564   15.553606848
    0.475998887    1.047197551   39.724124060  -16.651972793   20.941675030
    0.666398442    1.047197551   37.087317543   -9.592785519   25.475543624
    0.856797996    1.047197551   36.621020574    5.585234372   28.217022902
    1.047197551    1.047197551   39.492329785   24.614392461   28.568430878
    1.237597106    1.047197551   45.888567388   41.686705582   26.502468587
    1.427996661    1.047197551   54.925030763   51.680314169   22.551602009
    1.618396215    1.047197551   64.946768941   51.824595414   17.570369161
    1.808795770    1.047197551   74.043223245   42.186271455   12.402820321
    1.999195325    1.047197551   80.533135181   24.928631497    7.656213022
    2.189594880    1.047197551   83.258179714    3.198036665    3.626144814
    2.379994435    1.047197551   81.687017512  -19.635781167    0.385032852
    2.570393989    1.047197551   75.926817976  -40.243164817   -2.079242636
    2.760793544    1.047197551   66.713099928  -55.402559034   -3.770863298
    2.951193099    1.047197551   55.362378308  -62.387736901   -4.666482933

   -3.141592654    1.396263402   38.763500545  -59.818837105  -10.918435042
   -2.951193099    1.396263402   28.483594135  -47.193238412  -10.159810691
   -2.760793544    1.396263402   21.039980639  -30.905146526   -8.645974725
   -2.570393989    1.396263402   16.599367706  -16.527350782   -6.742423487
   -2.379994435    1.396263402   14.332220037   -8.604438040   -4.808877862
   -2.189594880    1.396263402   12.821765249   -8.446506971   -3.082419812
   -1.999195325    1.396263402   10.789736820  -13.324453810   -1.659538242
   -1.808795770    1.396263402    7.778941050  -17.701048596   -0.568821231
   -1.618396215    1.396263402    4.436463373  -16.063778407    0.153445242
   -1.427996661    1.396263402    2.210641026   -5.919223369    0.464175817
   -1.237597106    1.396263402    2.612059990   10.855455524    0.401538789
   -1.047197551    1.396263402    6.440628733   29.028963176    0.172372027
   -0.856797996    1.396263402   13.396289092   42.815787852    0.148459893
   -0.666398442    1.396263402   22.241451339   48.465775108    0.764301327
   -0.475998887    1.396263402   31.311854060   45.303046175    2.362316761
   -0.285599332    1.396263402   39.070299265   35.155813384    5.081308489
   -0.095199777    1.396263402   44.471594643   21.146018964    8.817803423
    0.095199777    1.396263402   47.119099450    6.839503332   13.206066111
    0.285599332    1.396263402   47.301389775   -4.167978239   17.640222930
    0.475998887    1.396263402   45.955452710   -8.788491498   21.347504139
    0.666398442    1.396263402   44.490135416   -5.351767738   23.558450188
    0.856797996    1.396263402   44.419005899    5.463562188   23.766715040
    1.047197551    1.396263402   46.870363462   20.467244220   21.922970885
    1.237597106    1.396263402   52.186852873   34.740019130   18.459464503
    1.427996661    1.396263402   59.757631755   43.477237418   14.097484560
    1.618396215    1.396263402   68.202597349   43.616193145    9.552796671
    1.808795770    1.396263402   75.790490892   34.594975192    5.294836849
    1.999195325    1.396263402   80.901694410   18.010960742    1.497100716
    2.189594880    1.396263402   82.359871133   -3.221165121   -1.870110454
    2.379994435    1.396263402   79.607145110  -25.606939180   -4.868684322
    2.570393989    1.396263402   72.771452197  -45.490054595   -7.462415660
    2.760793544    1.396263402   62.670336581  -59.360143519   -9.483677578
    2.951193099    1.396263402   50.736232425  -64.451314758  -10.694756967

   -3.141592654    1.745329252   32.363522709  -59.592250290  -16.709370430
   -2.951193099    1.745329252   22.353376071  -44.656409827  -16.116418083
   -2.760793544    1.745329252   15.561991118  -26.748611681  -14.448567157
   -2.570393989    1.745329252   11.988411162  -11.748506782  -12.017192205
   -2.379994435    1.745329252   10.615709544   -4.114869289   -9.181402904
   -2.189594880    1.745329252    9.884745785   -4.810847206   -6.216444048
   -1.999195325    1.745329252    8.443769613  -10.774713409   -3.285645144
   -1.808795770    1.745329252    5.809466203  -16.306793801   -0.516039119
   -1.618396215    1.745329252    2.622216584  -15.825651058    1.919032547
   -1.427996661    1.745329252    0.344601052   -6.652250285    3.814275731
   -1.237597106    1.745329252    0.555749746    9.709479505    5.058430170
   -1.047197551    1.745329252    4.201981680   28.428340800    5.762585456
   -0.856797996    1.745329252   11.182182689   43.834514204    6.268824735
   -0.666398442    1.745329252   20.440255538   51.856055485    7.016887614
   -0.475998887    1.745329252   30.397397712   51.180554542    8.342799397
   -0.285599332    1.745329252   39.470574702   42.941463971   10.337030682
   -0.095199777    1.745329252   46.449547780   29.709135078   12.809261316
    0.095199777    1.745329252   50.688621334   14.736529813   15.319433642
    0.285599332    1.745329252   52.191651133    1.569235696   17.274108877
    0.475998887    1.745329252   51.633494622   -6.412200665   18.074577047
    0.666398442    1.745329252   50.253024916   -6.838315659   17.308213079
    0.856797996    1.745329252   49.557282252    0.551073606   14.949812859
    1.047197551    1.745329252   50.843937838   13.406968540   11.406953084
    1.237597106    1.745329252   54.740351772   27.134225284    7.371990492
    1.427996661    1.745329252   60.916932491   36.583691657    3.525836100
    1.618396215    1.745329252   68.162832620   37.917715232    0.265826437
    1.808795770    1.745329252   74.761433016   29.809879106   -2.401667047
    1.999195325    1.745329252   78.997004267   13.484891082   -4.744423578
    2.189594880    1.745329252   79.572359189   -8.022582916   -7.083439417
    2.379994435    1.745329252   75.867905418  -30.761017356   -9.582662407
    2.570393989    1.745329252   68.050565163  -50.522690032  -12.151191684
    2.760793544    1.745329252   57.068469527  -63.411815611  -14.469028208
    2.951193099    1.745329252   44.527401284  -66.629127503  -16.109571828

   -3.141592654    2.094395102   25.414474180  -60.357986022  -18.281214441
   -2.951193099    2.094395102   15.470155559  -43.220094023  -17.561285927
   -2.760793544    2.094395102    9.143735396  -23.392237632  -15.683445435
   -2.570393989    2.094395102    6.346389908   -7.065467618  -12.916701772
   -2.379994435    2.094395102    5.941692622    1.275972487   -9.594008978
   -2.189594880    2.094395102    6.267593510    0.838591890   -5.970846048
   -1.999195325    2.094395102    5.903016261   -5.165979431   -2.195766936
   -1.808795770    2.094395102    4.310546185  -11.032395609    1.597992806
   -1.618396215    2.094395102    2.067871519  -11.245796397    5.184558159
   -1.427996661    2.094395102    0.572153343   -3.054237039    8.248665693
   -1.237597106    2.094395102    1.373801336   12.344849057   10.525883489
   -1.047197551    2.094395102    5.462497882   30.532029822   11.966888527
   -0.856797996    2.094395102   12.845000473   46.059585582   12.781898392
   -0.666398442    2.094395102   22.582584208   54.715942917   13.316105332
   -0.475998887    2.094395102   33.155401507   54.746538475   13.841434878
   -0.285599332    2.094395102   42.942988433   46.763110127   14.408554806
   -0.095199777    2.094395102   50.607979957   32.924723580   14.818751157
    0.095199777    2.094395102   55.320487762   16.318761670   14.696200515
    0.285599332    2.094395102   56.896012232    0.626410360   13.627181686
    0.475998887    2.094395102   55.880057059  -10.299495216   11.332122431
    0.666398442    2.094395102   53.499668181  -13.317972234    7.824411248
    0.856797996    2.094395102   51.406956166   -7.386269518    3.514675050
    1.047197551    2.094395102   51.167694557    5.590816745   -0.882295494
    1.237597106    2.094395102   53.703390876   20.837103073   -4.609451953
    1.427996661    2.094395102   58.883482066   32.439399744   -7.189197268
    1.618396215    2.094395102   65.526406799   35.606211890   -8.614607526
    1.808795770    2.094395102   71.782505296   28.335494303   -9.308230986
    1.999195325    2.094395102   75.726713590   11.737250319   -9.877821039
    2.189594880    2.094395102   75.880499338  -10.766458472  -10.828059872
    2.379994435    2.094395102   71.545325833  -34.594031971  -12.361153615
    2.570393989    2.094395102   62.931459182  -54.922712932  -14.330497742
    2.760793544    2.094395102   51.127363900  -67.472884791  -16.316903187
    2.951193099    2.094395102   37.922112005  -69.389568294  -17.787954794

   -3.141592654    2.443460953   19.464010657  -60.564053263  -13.098196659
   -2.951193099    2.443460953    9.665133010  -41.496439085  -12.127639404
   -2.760793544    2.443460953    3.842079397  -19.897004141  -10.272319687
   -2.570393989    2.443460953    1.847490265   -2.211351959   -7.684091307
   -2.379994435    2.443460953    2.462830480    7.073873684   -4.546212010
   -2.189594880    2.443460953    3.960631593    7.313564687   -0.973474641
   -1.999195325    2.443460953    4.878599643    1.790592304    2.986195955
   -1.808795770    2.443460953    4.633470835   -3.913539043    7.239143063
   -1.618396215    2.443460953    3.719946036   -4.515104366   11.522016302
   -1.427996661    2.443460953    3.417884650    2.651079746   15.394806728
   -1.237597106    2.443460953    5.171624292   16.596294700   18.387319096
   -1.047197551    2.443460953    9.928226225   33.326334056   20.203235011
   -0.856797996    2.443460953   17.730214044   47.739518632   20.830744188
   -0.666398442    2.443460953   27.714668728   55.673360702   20.477084197
   -0.475998887    2.443460953   38.415183966   55.117094009   19.391538950
   -0.285599332    2.443460953   48.201247093   46.305940751   17.705358106
   -0.095199777    2.443460953   55.660400007   31.117788817   15.373429110
    0.095199777    2.443460953   59.855154989   12.601557188   12.237838727
    0.285599332    2.443460953   60.513226365   -5.309928951    8.175798155
    0.475998887    2.443460953   58.167563146  -18.247836344    3.270339150
    0.666398442    2.443460953   54.145873335  -22.404390913   -2.085319233
    0.856797996    2.443460953   50.321344151  -16.217321103   -7.195084166
    1.047197551    2.443460953   48.543487785   -1.504533595  -11.267625032
    1.237597106    2.443460953   49.978436185   16.472232177  -13.719263245
    1.427996661    2.443460953   54.602179060   30.898911618  -14.427755920
    1.618396215    2.443460953   61.161702425   36.084775785  -13.780710548
    1.808795770    2.443460953   67.597319996   29.520602201  -12.495034399
    1.999195325    2.443460953   71.731747334   12.379744511  -11.314037609
    2.189594880    2.443460953   71.890937794  -11.413656243  -10.741012921
    2.379994435    2.443460953   67.297399478  -36.611401253  -10.919510977
    2.570393989    2.443460953   58.206164329  -57.789699919  -11.662487555
    2.760793544    2.443460953   45.843722925  -70.308070414  -12.569086643
    2.951193099    2.443460953   32.176811503  -71.258422242  -13.176419161

   -3.141592654    2.792526803   16.298400353  -60.012920118    0.937936553
   -2.951193099    2.792526803    6.713648859  -39.792014424    2.894220565
   -2.760793544    2.792526803    1.332384349  -16.981704935    4.826049707
   -2.570393989    2.792526803    0.000000000    1.796988150    6.686348555
   -2.379994435    2.792526803    1.470866632   12.027709730    8.585470872
   -2.189594880    2.792526803    3.995760561   13.137170603   10.779254786
   -1.999195325    2.792526803    6.101505377    8.423260868   13.534648589
   -1.808795770    2.792526803    7.181224038    3.306628876   16.923705340
   -1.618396215    2.792526803    7.659142972    2.764582810   20.669998254
   -1.427996661    2.792526803    8.687935686    9.210273280   24.174253326
   -1.237597106    2.792526803   11.557997647   21.647944897   26.729888948
   -1.047197551    2.792526803   17.088823704   36.353937678   27.814335679
   -0.856797996    2.792526803   25.259690278   48.584112603   27.274152362
   -0.666398442    2.792526803   35.202803040   54.407364180   25.297427613
   -0.475998887    2.792526803   45.468652591   51.819647745   22.232709071
   -0.285599332    2.792526803   54.430723149   40.929822021   18.390154606
   -0.095199777    2.792526803   60.659762739   23.562502611   13.937994561
    0.095199777    2.792526803   63.212173244    2.949252225    8.939514534
    0.285599332    2.792526803   61.870805958  -16.521634361    3.485505228
    0.475998887    2.792526803   57.326885830  -29.897130637   -2.160463957
    0.666398442    2.792526803   51.168306947  -32.910308743   -7.504431282
    0.856797996    2.792526803   45.579851046  -23.988333847  -11.889671502
    1.047197551    2.792526803   42.671332362   -5.492735782  -14.718823599
    1.237597106    2.792526803   43.721538535   16.357480100  -15.707654909
    1.427996661    2.792526803   48.627100313   33.767249023  -15.017499068
    1.618396215    2.792526803   55.899985615   40.454518324  -13.184707968
    1.808795770    2.792526803   63.187634178   33.885724600  -10.884170176
    1.999195325    2.792526803   68.063672477   15.687812850   -8.670807320
    2.189594880    2.792526803   68.712981738   -9.585120199   -6.816782916
    2.379994435    2.792526803   64.332505361  -36.139568477   -5.309078542
    2.570393989    2.792526803   55.237759673  -58.200522408   -3.957430492
    2.760793544    2.792526803   42.762384094  -70.979555553   -2.536758775
    2.951193099    2.792526803   28.993562879  -71.570794326   -0.907262273
