#! FIELDS phi psi file.free der_phi der_psi
#! SET min_phi -pi
#! SET max_phi pi
#! SET nbins_phi  33
#! SET periodic_phi true
#! SET min_psi -pi
#! SET max_psi pi
#! SET nbins_psi  18
#! SET periodic_psi true
   -3.141592654   -3.141592654   18.730529823  -56.040989738   16.283599410
   -2.951193099   -3.141592654    9.830657968  -36.662929606   18.961222832
   -2.760793544   -3.141592654    4.947541769  -14.879790801   20.710248954
   -2.570393989   -3.141592654    3.939044012    3.184344525   21.652682656
   -2.379994435   -3.141592654    5.664359455   13.456968875   22.196058647
   -2.189594880   -3.141592654    8.539168364   15.524039959   22.900657372
   -1.999195325   -3.141592654   11.247255615   12.429631560   24.244395368
   -1.808795770   -3.141592654   13.253735025    8.973978348   26.383534372
   -1.618396215   -3.141592654   14.917993487    9.377742155   29.017525363
   -1.427996661   -3.141592654   17.196213546   15.478325772   31.461936501
   -1.237597106   -3.141592654   21.113207712   26.159317278   32.899878269
   -1.047197551   -3.141592654   27.247449412   38.059987055   32.703226575
   -0.856797996   -3.141592654   35.436237048   47.049075547   30.649867513
   -0.666398442   -3.141592654   44.783333738   49.734833471   26.928748862
   -0.475998887   -3.141592654   53.889503716   44.386666182   21.983771616
   -0.285599332   -3.141592654   61.207295344   31.161511613   16.303398191
   -0.095199777   -3.141592654   65.389346855   11.914696302   10.275069760
    0.095199777   -3.141592654   65.593644966   -9.933150280    4.179138980
    0.285599332   -3.141592654   61.760300009  -29.606253273   -1.722835385
    0.475998887   -3.141592654   54.817073278  -41.753435197   -7.080284924
    0.666398442   -3.141592654   46.644072628  -41.958009170  -11.429425283
    0.856797996   -3.141592654   39.702543595  -28.992679044  -14.294722057
    1.047197551   -3.141592654   36.264742338   -6.053445694  -15.385435886
    1.237597106   -3.141592654   37.587304792   19.604316980  -14.762618062
    1.427996661   -3.141592654   43.362375589   39.380162973  -12.833756499
    1.618396215   -3.141592654   51.794424612   46.762845842  -10.174140593
    1.808795770   -3.141592654   60.240849651   39.597282122   -7.271263214
    1.999195325   -3.141592654   66.097829885   20.263698999   -4.359682654
    2.189594880   -3.141592654   67.521147857   -5.948281888   -1.404708468
    2.379994435   -3.141592654   63.791070943  -32.831762495    1.762767753
    2.570393989   -3.141592654   55.344074390  -54.634386143    5.266373812
    2.760793544   -3.141592654   43.594817726  -66.931584534    9.053390456
    2.951193099   -3.141592654   30.628064366  -67.287496678   12.857856702

   -3.141592654   -2.792526803   26.177466430  -50.689245911   24.454935298
   -2.951193099   -2.792526803   18.086323511  -33.582900411   27.068009835
   -2.760793544   -2.792526803   13.573450594  -13.999618849   28.356430982
   -2.570393989   -2.792526803   12.579214665    2.630963571   28.595965595
   -2.379994435   -2.792526803   14.158932902   12.700888477   28.376972384
   -2.189594880   -2.792526803   16.971866683   15.809257962   28.383731048
   -1.999195325   -2.792526803   19.899506283   14.517650571   29.105617122
   -1.808795770   -2.792526803   22.477038528   12.795506349   30.611234574
   -1.618396215   -2.792526803   24.963883795   13.976342437   32.474044112
   -1.427996661   -2.792526803   28.069337423   19.286600160   33.913944444
   -1.237597106   -2.792526803   32.501984614   27.527216882   34.086183054
   -1.047197551   -2.792526803   38.563868266   35.814982359   32.409606443
   -0.856797996   -2.792526803   45.946805296   40.859414461   28.771402627
   -0.666398442   -2.792526803   53.775145528   40.132543297   23.515280812
   -0.475998887   -2.792526803   60.812975147   32.493707308   17.263822881
   -0.285599332   -2.792526803   65.752602516   18.300017820   10.675816836
   -0.095199777   -2.792526803   67.491623173   -0.694804450    4.260948110
    0.095199777   -2.792526803   65.398418757  -21.306422727   -1.642567907
    0.285599332   -2.792526803   59.580222132  -38.958036246   -6.789835417
    0.475998887   -2.792526803   51.100037223  -48.444822541  -10.921299874
    0.666398442   -2.792526803   41.943789847  -45.537286575  -13.734906495
    0.856797996   -2.792526803   34.627149310  -29.360346366  -14.981805706
    1.047197551   -2.792526803   31.394441404   -3.627192976  -14.613510710
    1.237597106   -2.792526803   33.376749340   23.951567646  -12.878075650
    1.427996661   -2.792526803   40.079213988   44.623977109  -10.240454237
    1.618396215   -2.792526803   49.528743678   52.126852958   -7.184721207
    1.808795770   -2.792526803   58.982363834   44.818200040   -4.003665614
    1.999195325   -2.792526803   65.835394675   25.575478827   -0.726027943
    2.189594880   -2.792526803   68.315310247   -0.086890833    2.818384635
    2.379994435   -2.792526803   65.782922432  -26.092461890    6.820523553
    2.570393989   -2.792526803   58.700912287  -47.095257905   11.313437069
    2.760793544   -2.792526803   48.421619694  -59.174573394   16.075945669
    2.951193099   -2.792526803   36.880685897  -60.252300382   20.643265519

   -3.141592654   -2.443460953   34.492334673  -44.968039145   22.639094146
   -2.951193099   -2.443460953   27.282602680  -30.100976326   24.781320272
   -2.760793544   -2.443460953   23.218666369  -12.699969694   25.725115028
   -2.570393989   -2.443460953   22.314556774    2.436170663   25.719140005
   -2.379994435   -2.443460953   23.798981103   12.080970319   25.254063866
   -2.189594880   -2.443460953   26.535802674   15.762688204   24.861961451
   -1.999195325   -2.443460953   29.552133326   15.515306219   24.877884541
   -1.808795770   -2.443460953   32.399927858   14.516966916   25.282860723
   -1.618396215   -2.443460953   35.204338029   15.376500572   25.683034744
   -1.427996661   -2.443460953   38.435089196   18.974752167   25.460463634
   -1.237597106   -2.443460953   42.546594683   24.326513716   24.014570147
   -1.047197551   -2.443460953   47.677246600   29.243149931   21.015775178
   -0.856797996   -2.443460953   53.512915266   31.325631703   16.544815803
   -0.666398442   -2.443460953   59.328492294   28.760407110   11.052824481
   -0.475998887   -2.443460953   64.136190651   20.691312899    5.187594221
   -0.285599332   -2.443460953   66.887587250    7.297429174   -0.429300136
   -0.095199777   -2.443460953   66.675054267  -10.089552655   -5.382985163
    0.095199777   -2.443460953   62.977364827  -28.722938748   -9.478224355
    0.285599332   -2.443460953   55.945479988  -44.271429149  -12.660853370
    0.475998887   -2.443460953   46.658187585  -51.586815021  -14.891987980
    0.666398442   -2.443460953   37.114701867  -46.451039924  -16.079402153
    0.856797996   -2.443460953   29.831428808  -28.110022269  -16.126907055
    1.047197551   -2.443460953   27.016783586   -0.554563821  -15.030586250
    1.237597106   -2.443460953   29.710417895   28.250408809  -12.963673754
    1.427996661   -2.443460953   37.295276358   49.499818029  -10.235639885
    1.618396215   -2.443460953   47.691056474   57.154086483   -7.168612133
    1.808795770   -2.443460953   58.110130749   49.951346161   -3.954967100
    1.999195325   -2.443460953   65.971556886   31.094595201   -0.617936905
    2.189594880   -2.443460953   69.569728281    6.190637393    2.945516739
    2.379994435   -2.443460953   68.323877715  -18.859070487    6.841343600
    2.570393989   -2.443460953   62.699793032  -39.086644955   11.050462965
    2.760793544   -2.443460953   53.974062639  -51.009174252   15.362750791
    2.951193099   -2.443460953   43.931831437  -52.848923528   19.380189357

   -3.141592654   -2.094395102   40.810000221  -40.894542741   13.725887672
   -2.951193099   -2.094395102   34.220514351  -27.688679189   15.042895897
   -2.760793544   -2.094395102   30.461585362  -11.856782244   15.663800837
   -2.570393989   -2.094395102   29.604946016    2.197171239   15.709745572
   -2.379994435   -2.094395102   30.994238239   11.429107597   15.395971869
   -2.189594880   -2.094395102   33.611621953   15.214719415   14.922064972
   -1.999195325   -2.094395102   36.543610180   15.148970570   14.357943895
   -1.808795770   -2.094395102   39.306199716   13.874537353   13.596152637
   -1.618396215   -2.094395102   41.896739085   13.622828354   12.386638378
   -1.427996661   -2.094395102   44.616910062   15.243319185   10.458541892
   -1.237597106   -2.094395102   47.785487393   18.130485289    7.654285896
   -1.047197551   -2.094395102   51.508237451   20.753630136    4.034790069
   -0.856797996   -2.094395102   55.572145456   21.399956577   -0.106114036
   -0.666398442   -2.094395102   59.460563331   18.672646469   -4.329847857
   -0.475998887   -2.094395102   62.432459163   11.693719241   -8.191043643
   -0.285599332   -2.094395102   63.643043872    0.200294399  -11.370301329
   -0.095199777   -2.094395102   62.281419954  -15.069133996  -13.773737108
    0.095199777   -2.094395102   57.817294422  -31.858036955  -15.494228491
    0.285599332   -2.094395102   50.328678520  -45.995610995  -16.712368161
    0.475998887   -2.094395102   40.821974373  -52.180294156  -17.551464077
    0.666398442   -2.094395102   31.270302103  -45.920120438  -17.978912040
    0.856797996   -2.094395102   24.206574978  -26.298566574  -17.830358439
    1.047197551   -2.094395102   21.864616746    2.599877371  -16.913511403
    1.237597106   -2.094395102   25.274021257   32.568178884  -15.149811675
    1.427996661   -2.094395102   33.762856920   54.600544789  -12.635701013
    1.618396215   -2.094395102   45.171872766   62.635735425   -9.607574931
    1.808795770   -2.094395102   56.650828718   55.568426506   -6.330263971
    1.999195325   -2.094395102   65.591638733   36.817570025   -3.015912653
    2.189594880   -2.094395102   70.297752893   12.118655302    0.228058689
    2.379994435   -2.094395102   70.208053888  -12.652397539    3.370882815
    2.570393989   -2.094395102   65.786297006  -32.707449025    6.393467015
    2.760793544   -2.094395102   58.264851384  -44.827682722    9.231260646
    2.951193099   -2.094395102   49.337005045  -47.434165437   11.737756784

   -3.141592654   -1.745329252   43.731130476  -38.507184168    5.618995130
   -2.951193099   -1.745329252   37.516562747  -26.175061628    6.139643973
   -2.760793544   -1.745329252   33.952388537  -11.332850295    6.331429464
   -2.570393989   -1.745329252   33.103756680    1.774337237    6.200054860
   -2.379994435   -1.745329252   34.333035271   10.190135768    5.744349567
   -2.189594880   -1.745329252   36.643176249   13.221210337    4.922621343
   -1.999195325   -1.745329252   39.114960622   12.273996169    3.637913044
   -1.808795770   -1.745329252   41.223576485    9.829727329    1.770596795
   -1.618396215   -1.745329252   42.910240485    8.149356766   -0.752763311
   -1.427996661   -1.745329252   44.450110627    8.354764815   -3.877206887
   -1.237597106   -1.745329252   46.204046095   10.275798733   -7.384613900
   -1.047197551   -1.745329252   48.403209171   12.779139094  -10.918007273
   -0.856797996   -1.745329252   51.019056361   14.338026515  -14.066736198
   -0.666398442   -1.745329252   53.724140964   13.429533678  -16.481736106
   -0.475998887   -1.745329252   55.914150746    8.775119367  -17.967814871
   -0.285599332   -1.745329252   56.789955395   -0.452205812  -18.525977574
   -0.095199777   -1.745329252   55.477909722  -14.022002915  -18.368838389
    0.095199777   -1.745329252   51.305924690  -29.988466290  -17.840164869
    0.285599332   -1.745329252   44.181958697  -44.152747854  -17.305028026
    0.475998887   -1.745329252   34.979770426  -50.856188544  -17.000122889
    0.666398442   -1.745329252   25.629651734  -45.076249216  -16.921746549
    0.856797996   -1.745329252   18.718298230  -25.433923297  -16.830898199
    1.047197551   -1.745329252   16.595530004    4.140681106  -16.359064139
    1.237597106   -1.745329252   20.402982563   35.248191569  -15.197947856
    1.427996661   -1.745329252   29.521091859   58.494295684  -13.242381537
    1.618396215   -1.745329252   41.765091424   67.427959331  -10.633342395
    1.808795770   -1.745329252   54.203000842   60.744315807   -7.673821250
    1.999195325   -1.745329252   64.127259203   41.894179974   -4.714341845
    2.189594880   -1.745329252   69.765951976   16.802479694   -2.023375901
    2.379994435   -1.745329252   70.524678382   -8.430016021    0.262457418
    2.570393989   -1.745329252   66.868117374  -28.880701040    2.125273462
    2.760793544   -1.745329252   60.042081049  -41.353457223    3.613734996
    2.951193099   -1.745329252   51.736841623  -44.395669669    4.773058595

   -3.141592654   -1.396263402   42.434035968  -38.773731637    3.112950741
   -2.951193099   -1.396263402   36.190357232  -26.218112501    2.841270865
   -2.760793544   -1.396263402   32.632624004  -11.265826969    2.342338345
   -2.570393989   -1.396263402   31.783185794    1.626469558    1.602985037
   -2.379994435   -1.396263402   32.928168427    9.365218422    0.528268011
   -2.189594880   -1.396263402   34.976915853   11.218397389   -1.056930113
   -1.999195325   -1.396263402   36.921515764    8.691452432   -3.342457077
   -1.808795770   -1.396263402   38.183956406    4.535953167   -6.416845008
   -1.618396215   -1.396263402   38.719695442    1.448134895  -10.153422231
   -1.427996661   -1.396263402   38.909304331    1.039692473  -14.170881377
   -1.237597106   -1.396263402   39.302242816    3.501791553  -17.914135460
   -1.047197551   -1.396263402   40.358985255    7.738803285  -20.822992572
   -0.856797996   -1.396263402   42.252914996   11.892638272  -22.503515011
   -0.666398442   -1.396263402   44.766518356   13.845571697  -22.830525496
   -0.475998887   -1.396263402   47.282800089   11.678222940  -21.948563988
   -0.285599332   -1.396263402   48.880081322    4.040438704  -20.197723508
   -0.095199777   -1.396263402   48.483444121   -9.099070627  -18.037952130
    0.095199777   -1.396263402   45.196434439  -25.794203082  -15.940762646
    0.285599332   -1.396263402   38.730340203  -41.540969828  -14.286285300
    0.475998887   -1.396263402   29.845948736  -50.117827483  -13.257051214
    0.666398442   -1.396263402   20.484851557  -45.811785735  -12.771910035
    0.856797996   -1.396263402   13.368621303  -26.660156103  -12.529698828
    1.047197551   -1.396263402   11.061042211    3.603581858  -12.128919090
    1.237597106   -1.396263402   14.908376959   36.294533117  -11.238184165
    1.427996661   -1.396263402   24.404615905   61.383221386   -9.719211265
    1.618396215   -1.396263402   37.344693019   71.720284599   -7.657223542
    1.808795770   -1.396263402   50.665137539   65.540283682   -5.293700096
    1.999195325   -1.396263402   61.473317977   46.230325024   -2.930842838
    2.189594880   -1.396263402   67.836393381   19.992222223   -0.827614520
    2.379994435   -1.396263402   69.072028806   -6.616002373    0.852576422
    2.570393989   -1.396263402   65.642746410  -28.247401857    2.049902674
    2.760793544   -1.396263402   58.859056907  -41.457234144    2.784163648
    2.951193099   -1.396263402   50.502617101  -44.754004985    3.115034910

   -3.141592654   -1.047197551   39.891735319  -41.560651683    4.605529069
   -2.951193099   -1.047197551   33.159860897  -28.503918700    3.425181530
   -2.760793544   -1.047197551   29.231750961  -12.880934133    1.881049643
   -2.570393989   -1.047197551   28.121691166    0.423645147    0.072138246
   -2.379994435   -1.047197551   29.028586669    7.935051693   -2.001241599
   -2.189594880   -1.047197551   30.721639500    8.789749348   -4.462707305
   -1.999195325   -1.047197551   32.062334035    4.727659245   -7.485733897
   -1.808795770   -1.047197551   32.420980836   -0.925954121  -11.132867654
   -1.618396215   -1.047197551   31.827844734   -4.769288777  -15.194067206
   -1.427996661   -1.047197551   30.860112667   -4.665017761  -19.145101869
   -1.237597106   -1.047197551   30.325415108   -0.331346634  -22.282456866
   -1.047197551   -1.047197551   30.910929451    6.728280415  -23.985444013
   -0.856797996   -1.047197551   32.905952897   13.935891890  -23.956950508
   -0.666398442   -1.047197551   36.064402490   18.428336681  -22.323548197
   -0.475998887   -1.047197551   39.615726971   17.762998557  -19.559229750
   -0.285599332   -1.047197551   42.415516422   10.370858633  -16.296167267
   -0.095199777   -1.047197551   43.152797676   -3.696056408  -13.133544437
    0.095199777   -1.047197551   40.735159425  -22.170878784  -10.486935229
    0.285599332   -1.047197551   34.758121972  -40.035965113   -8.521747636
    0.475998887   -1.047197551   25.975617666  -50.457520448   -7.165995213
    0.666398442   -1.047197551   16.436318669  -47.183253248   -6.188745484
    0.856797996   -1.047197551    9.048540519  -27.970632010   -5.334611120
    1.047197551   -1.047197551    6.579694335    3.341411483   -4.419951704
    1.237597106   -1.047197551   10.525462143   37.619614716   -3.371082609
    1.427996661   -1.047197551   20.426770910   64.244253706   -2.193092241
    1.618396215   -1.047197551   34.016668501   75.553500351   -0.921143355
    1.808795770   -1.047197551   48.094989437   69.512222798    0.413017855
    1.999195325   -1.047197551   59.606329916   49.515649673    1.767862943
    2.189594880   -1.047197551   66.479016291   21.983152612    3.071936694
    2.379994435   -1.047197551   67.945982365   -6.193547582    4.212387497
    2.570393989   -1.047197551   64.450662003  -29.324331794    5.048319397
    2.760793544   -1.047197551   57.345560590  -43.674053742    5.441821529
    2.951193099   -1.047197551   48.501512235  -47.558817224    5.300377662

   -3.141592654   -0.698131701   40.109829046  -45.015548705    4.154231588
   -2.951193099   -0.698131701   32.652593671  -32.588780172    1.858939380
   -2.760793544   -0.698131701   27.920798216  -17.175156871   -0.782765101
   -2.570393989   -0.698131701   25.992870167   -3.862596047   -3.557163115
   -2.379994435   -0.698131701   26.077961304    3.542672651   -6.385091181
   -2.189594880   -0.698131701   26.896842051    3.933400203   -9.353476100
   -1.999195325   -0.698131701   27.243947555   -0.871693480  -12.602767161
   -1.808795770   -0.698131701   26.474876426   -7.084693047  -16.121577109
   -1.618396215   -0.698131701   24.717044409  -10.653032316  -19.577167581
   -1.427996661   -0.698131701   22.755693877   -8.987236712  -22.334550811
   -1.237597106   -0.698131701   21.646457706   -1.879341709  -23.686492386
   -1.047197551   -0.698131701   22.253628374    8.528112573  -23.188495321
   -0.856797996   -0.698131701   24.890077988   18.744145958  -20.887633271
   -0.666398442   -0.698131701   29.166491433   25.131536903  -17.316647739
   -0.475998887   -0.698131701   34.059480415   24.903447990  -13.271886607
   -0.285599332   -0.698131701   38.152759326   16.626366976   -9.507150221
   -0.095199777   -0.698131701   39.926204953    0.843453666   -6.481043743
    0.095199777   -0.698131701   38.190035940  -19.530663499   -4.255269588
    0.285599332   -0.698131701   32.563947424  -38.884887258   -2.555292905
    0.475998887   -0.698131701   23.919169966  -50.020354895   -0.967137445
    0.666398442   -0.698131701   14.460081477  -46.672577474    0.820084054
    0.856797996   -0.698131701    7.221954968  -26.877845354    2.826988134
    1.047197551   -0.698131701    5.029388971    5.119420668    4.787313759
    1.237597106   -0.698131701    9.364359130   39.867310208    6.332248602
    1.427996661   -0.698131701   19.714302383   66.651849228    7.225583606
    1.618396215   -0.698131701   33.758989033   77.891649735    7.500297032
    1.808795770   -0.698131701   48.267243766   71.677304671    7.413048209
    1.999195325   -0.698131701   60.169628554   51.443972069    7.273040947
    2.189594880   -0.698131701   67.377079214   23.540619662    7.260960967
    2.379994435   -0.698131701   69.086281133   -5.254711101    7.347527638
    2.570393989   -0.698131701   65.685740330  -29.319112681    7.323956333
    2.760793544   -0.698131701   58.471471019  -44.853100478    6.906984649
    2.951193099   -0.698131701   49.284006944  -49.978446993    5.874419661

   -3.141592654   -0.349065850   41.197359448  -49.538308136    2.959954643
   -2.951193099   -0.349065850   32.786931380  -37.975264785   -0.025337257
   -2.760793544   -0.349065850   26.989979310  -22.882842579   -3.248189548
   -2.570393989   -0.349065850   23.977359121   -9.507599093   -6.420911146
   -2.379994435   -0.349065850   23.000038357   -1.989724438   -9.412784039
   -2.189594880   -0.349065850   22.761617286   -1.673433007  -12.280889812
   -1.999195325   -0.349065850   22.025551412   -6.621809319  -15.133443640
   -1.808795770   -0.349065850   20.176514661  -12.550722026  -17.903589851
   -1.618396215   -0.349065850   17.482441204  -14.808133046  -20.194129074
   -1.427996661   -0.349065850   14.957025405  -10.547495450  -21.359432137
   -1.237597106   -0.349065850   13.875633240    0.059520514  -20.804595769
   -1.047197551   -0.349065850   15.190900859   13.927735749  -18.345522124
   -0.856797996   -0.349065850   19.104482280   26.502711236  -14.380431958
   -0.666398442   -0.349065850   24.944170135   33.477217968   -9.757265066
   -0.475998887   -0.349065850   31.339330429   32.073206745   -5.420246427
   -0.285599332   -0.349065850   36.590734778   21.510198935   -2.035970260
   -0.095199777   -0.349065850   39.059051600    3.322089678    0.251085135
    0.095199777   -0.349065850   37.626006861  -18.627891182    1.808986453
    0.285599332   -0.349065850   32.128700940  -38.201647638    3.299118370
    0.475998887   -0.349065850   23.696115057  -48.316222560    5.320783041
    0.666398442   -0.349065850   14.707688707  -43.439432032    8.080467357
    0.856797996   -0.349065850    8.204306885  -22.562438667   11.241125116
    1.047197551   -0.349065850    6.852818629    9.414746326   14.073195023
    1.237597106   -0.349065850   11.912372820   43.022568151   15.839890931
    1.427996661   -0.349065850   22.705746065   68.128598886   16.172089281
    1.618396215   -0.349065850   36.884069765   77.909249729   15.229949926
    1.808795770   -0.349065850   51.311270285   70.945119204   13.563644896
    1.999195325   -0.349065850   63.060461625   50.663866483   11.805903562
    2.189594880   -0.349065850   70.143591984   23.027439562   10.367469486
    2.379994435   -0.349065850   71.769462898   -5.679987687    9.304359737
    2.570393989   -0.349065850   68.255690718  -30.186330864    8.368589939
    2.760793544   -0.349065850   60.787471685  -46.738313012    7.174359062
    2.951193099   -0.349065850   51.115285421  -53.217573669    5.407238237

   -3.141592654    0.000000000   42.104244820  -54.806620822    1.001179035
   -2.951193099    0.000000000   32.617993417  -43.880021326   -1.902431315
   -2.760793544    0.000000000   25.688270601  -28.758685523   -4.821380328
   -2.570393989    0.000000000   21.601530220  -14.855790541   -7.523908442
   -2.379994435    0.000000000   19.668613835   -6.685167111   -9.930413344
   -2.189594880    0.000000000   18.586874997   -5.861605368  -12.111841134
   -1.999195325    0.000000000   17.095546698  -10.342683034  -14.136177434
   -1.808795770    0.000000000   14.611468330  -15.378942696  -15.869152894
   -1.618396215    0.000000000   11.533698485  -15.831002142  -16.885329921
   -1.427996661    0.000000000    9.064446104   -8.796952700  -16.623194706
   -1.237597106    0.000000000    8.617610244    4.958682912  -14.707517964
   -1.047197551    0.000000000   11.122865234   21.328736767  -11.252192244
   -0.856797996    0.000000000   16.564911086   34.848580258   -6.913007695
   -0.666398442    0.000000000   23.935002611   40.917258912   -2.630487530
   -0.475998887    0.000000000   31.545119382   37.228861449    0.783230487
   -0.285599332    0.000000000   37.524500463   24.034729497    2.982177520
   -0.095199777    0.000000000   40.276926846    3.988834707    4.230720622
    0.095199777    0.000000000   38.913575728  -18.276908235    5.252399099
    0.285599332    0.000000000   33.585403515  -36.545213536    6.890715216
    0.475998887    0.000000000   25.675919855  -44.416417635    9.689632562
    0.666398442    0.000000000   17.633849843  -37.559405033   13.578219630
    0.856797996    0.000000000   12.336466441  -16.095280201   17.822969697
    1.047197551    0.000000000   12.125059631   14.607317558   21.322155964
    1.237597106    0.000000000   17.931170873   45.510274757   23.118766882
    1.427996661    0.000000000   28.902034171   67.552726766   22.828016079
    1.618396215    0.000000000   42.731262805   75.017004385   20.763171590
    1.808795770    0.000000000   56.491519813   67.073333565   17.705833865
    1.999195325    0.000000000   67.509347479   47.018435864   14.510440324
    2.189594880    0.000000000   73.972022793   20.189612243   11.743509639
    2.379994435    0.000000000   75.127175352   -7.862820249    9.542632243
    2.570393989    0.000000000   71.209945384  -32.373877827    7.692348422
    2.760793544    0.000000000   63.264419354  -49.674731168    5.819365777
    2.951193099    0.000000000   52.922920364  -57.349350805    3.620894416

   -3.141592654    0.349065850   43.448699890  -59.004039195    0.561579397
   -2.951193099    0.349065850   33.109457373  -48.550947806   -1.327579020
   -2.760793544    0.349065850   25.279238361  -33.456665333   -3.109309057
   -2.570393989    0.349065850   20.326575349  -19.199447681   -4.707270931
   -2.379994435    0.349065850   17.613829451  -10.519321541   -6.132372409
   -2.189594880    0.349065850   15.850952551   -9.172603247   -7.458304462
   -1.999195325    0.349065850   13.788212430  -12.982095675   -8.702585020
   -1.808795770    0.349065850   10.902462160  -16.840361277   -9.699188959
   -1.618396215    0.349065850    7.719236055  -15.345094916  -10.076355713
   -1.427996661    0.349065850    5.577737415   -5.784690194   -9.427650850
   -1.237597106    0.349065850    5.941047057   10.354068744   -7.577919087
   -1.047197551    0.349065850    9.623289134   28.047987960   -4.776560317
   -0.856797996    0.349065850   16.343195747   41.270422923   -1.648098968
   -0.666398442    0.349065850   24.786905061   45.588342388    1.102508765
   -0.475998887    0.349065850   33.063156901   39.535679272    3.046009426
   -0.285599332    0.349065850   39.290479619   24.505712737    4.236504764
   -0.095199777    0.349065850   42.067456851    4.061609875    5.211929131
    0.095199777    0.349065850   40.821595818  -16.834764941    6.739535289
    0.285599332    0.349065850   36.011296552  -32.403060173    9.460670084
    0.475998887    0.349065850   29.177346021  -37.339445671   13.540903084
    0.666398442    0.349065850   22.682371170  -28.690946481   18.491998610
    0.856797996    0.349065850   19.077905954   -7.607605407   23.273973528
    1.047197551    0.349065850   20.259769871   20.403079427   26.679076742
    1.237597106    0.349065850   26.786209799   47.152946496   27.839452823
    1.427996661    0.349065850   37.658677977   65.005248505   26.570468751
    1.618396215    0.349065850   50.695951777   69.533047843   23.391918502
    1.808795770    0.349065850   63.278139353   60.501909917   19.230283743
    1.999195325    0.349065850   73.072953947   40.958641819   15.021433296
    2.189594880    0.349065850   78.503275458   15.465245831   11.380666472
    2.379994435    0.349065850   78.889094284  -11.285370516    8.499470029
    2.570393989    0.349065850   74.397606527  -35.115548856    6.237847486
    2.760793544    0.349065850   65.933033188  -52.502765634    4.305388061
    2.951193099    0.349065850   54.998778227  -60.804176043    2.450530037

   -3.141592654    0.698131701   45.157538979  -60.290830735   -0.310475987
   -2.951193099    0.698131701   34.541947406  -50.163641065   -0.777007532
   -2.760793544    0.698131701   26.368039346  -35.434661405   -1.028694860
   -2.570393989    0.698131701   21.008221909  -21.473880528   -1.203833855
   -2.379994435    0.698131701   17.842714880  -12.969007949   -1.436942258
   -2.189594880    0.698131701   15.609212983  -11.622689221   -1.814920724
   -1.999195325    0.698131701   13.102496785  -15.131311482   -2.326450917
   -1.808795770    0.698131701    9.871159152  -18.235546966   -2.837763012
   -1.618396215    0.698131701    6.532765969  -15.511705485   -3.123677513
   -1.427996661    0.698131701    4.497577834   -4.499706491   -2.979305295
   -1.237597106    0.698131701    5.226490565   12.815922822   -2.342962881
   -1.047197551    0.698131701    9.432872832   30.932121719   -1.351168546
   -0.856797996    0.698131701   16.670020334   43.684117522   -0.262442682
   -0.666398442    0.698131701   25.480106461   46.992489232    0.730327099
   -0.475998887    0.698131701   33.934605177   40.092215964    1.665893252
   -0.285599332    0.698131701   40.253583628   25.109169080    2.855429762
   -0.095199777    0.698131701   43.251020255    5.991941931    4.795007970
    0.095199777    0.698131701   42.593025418  -12.444742276    7.929826033
    0.285599332    0.698131701   38.893103670  -25.146690065   12.404421914
    0.475998887    0.698131701   33.668897052  -27.898069709   17.864521383
    0.666398442    0.698131701   29.048315160  -18.804148537   23.440273931
    0.856797996    0.698131701   27.190264144    0.461414776   27.966627458
    1.047197551    0.698131701   29.575080601   24.711419355   30.388043721
    1.237597106    0.698131701   36.483251366   46.825125817   30.171718100
    1.427996661    0.698131701   46.878192197   60.507268255   27.495707158
    1.618396215    0.698131701   58.776907018   62.375242693   23.127465436
    1.808795770    0.698131701   69.892806291   52.567813142   18.069089404
    1.999195325    0.698131701   78.232233347   33.815259904   13.204315084
    2.189594880    0.698131701   82.453209261    9.981355810    9.067640493
    2.379994435    0.698131701   81.968965604  -14.971024537    5.830692188
    2.570393989    0.698131701   76.919629461  -37.381065414    3.425624275
    2.760793544    0.698131701   68.112241896  -53.938107024    1.691208366
    2.951193099    0.698131701   56.937571924  -61.966737375    0.481185944

   -3.141592654    1.047197551   43.666081306  -60.921430325   -4.741204968
   -2.951193099    1.047197551   33.028256867  -49.795506171   -4.121273233
   -2.760793544    1.047197551   24.990162495  -34.439034661   -3.076972640
   -2.570393989    1.047197551   19.844744926  -20.283043750   -1.940939237
   -2.379994435    1.047197551   16.893705928  -11.949813975   -0.998892911
   -2.189594880    1.047197551   14.819797168  -10.976257404   -0.406598393
   -1.999195325    1.047197551   12.398726978  -14.864212936   -0.174549299
   -1.808795770    1.047197551    9.192212563  -18.214536228   -0.218161530
   -1.618396215    1.047197551    5.847283344  -15.582120868   -0.427530551
   -1.427996661    1.047197551    3.796663914   -4.594445519   -0.718876496
   -1.237597106    1.047197551    4.502216501   12.643147167   -1.030370550
   -1.047197551    1.047197551    8.662592839   30.602715652   -1.278798888
   -0.856797996    1.047197551   15.826714057   43.277765439   -1.314807912
   -0.666398442    1.047197551   24.580430493   46.904067880   -0.896911534
   -0.475998887    1.047197551   33.103948378   41.042111108    0.273866401
   -0.285599332    1.047197551   39.772533471   27.974413719    2.477717907
   -0.095199777    1.047197551   43.555873705   11.458937979    5.888536170
    0.095199777    1.047197551   44.202764040   -4.248699874   10.450524122
    0.285599332    1.047197551   42.273449938  -14.940054906   15.793721617
    0.475998887    1.047197551   39.064804899  -17.254570502   21.206065607
    0.666398442    1.047197551   36.348508899   -9.800705777   25.743055131
    0.856797996    1.047197551   35.891770139    5.909006422   28.488871488
    1.047197551    1.047197551   38.882400785   25.547456124   28.866941825
    1.237597106    1.047197551   45.513931661   43.210438281   26.855435559
    1.427996661    1.047197551   54.885873584   53.638838241   22.971641475
    1.618396215    1.047197551   65.298970218   53.910801389   18.040782141
    1.808795770    1.047197551   74.772931352   43.991613082   12.878037244
    1.999195325    1.047197551   81.547654510   26.055728588    8.077203068
    2.189594880    1.047197551   84.401957381    3.404798296    3.943083132
    2.379994435    1.047197551   82.781591215  -20.338338033    0.576063389
    2.570393989    1.047197551   76.820760040  -41.592718600   -1.999861802
    2.760793544    1.047197551   67.321166019  -56.985119586   -3.759085184
    2.951193099    1.047197551   55.680461956  -63.794152739   -4.666916975

   -3.141592654    1.396263402   38.815905031  -60.610390149  -11.038617715
   -2.951193099    1.396263402   28.436914310  -47.460063241  -10.134331480
   -2.760793544    1.396263402   20.982917568  -30.781414552   -8.509170169
   -2.570393989    1.396263402   16.587550011  -16.212686034   -6.541428225
   -2.379994435    1.396263402   14.384283646   -8.274436940   -4.581282320
   -2.189594880    1.396263402   12.929353882   -8.203211578   -2.845850571
   -1.999195325    1.396263402   10.932990757  -13.191465993   -1.416611885
   -1.808795770    1.396263402    7.938746648  -17.654290433   -0.321386879
   -1.618396215    1.396263402    4.599663242  -16.070551423    0.392662849
   -1.427996661    1.396263402    2.368612992   -5.969369557    0.669430562
   -1.237597106    1.396263402    2.755728870   10.748128931    0.542979002
   -1.047197551    1.396263402    6.557387024   28.849181113    0.232398907
   -0.856797996    1.396263402   13.472060555   42.564874388    0.136040665
   -0.666398442    1.396263402   22.264197395   48.158898437    0.720172530
   -0.475998887    1.396263402   31.272040358   44.950467224    2.350175938
   -0.285599332    1.396263402   38.958122950   34.739567590    5.167367511
   -0.095199777    1.396263402   44.272199771   20.639814088    9.046361248
    0.095199777    1.396263402   46.814586256    6.243213833   13.582483826
    0.285599332    1.396263402   46.879774708   -4.787578037   18.129436446
    0.475998887    1.396263402   45.424347113   -9.293467836   21.888761285
    0.666398442    1.396263402   43.888205967   -5.560715625   24.089175037
    0.856797996    1.396263402   43.820378388    5.731389139   24.242803058
    1.047197551    1.396263402   46.378905519   21.334926109   22.326803830
    1.237597106    1.396263402   51.919353560   36.211129550   18.791989424
    1.427996661    1.396263402   59.816281276   45.386114370   14.361230770
    1.618396215    1.396263402   68.641159805   45.625516950    9.737119652
    1.808795770    1.396263402   76.587107751   36.269346832    5.373784582
    1.999195325    1.396263402   81.952597647   18.951039739    1.441764056
    2.189594880    1.396263402   83.501240877   -3.227153946   -2.070944743
    2.379994435    1.396263402   80.660563580  -26.493561296   -5.191810765
    2.570393989    1.396263402   73.596347629  -46.940315277   -7.847162947
    2.760793544    1.396263402   63.200692106  -60.931328827   -9.847057454
    2.951193099    1.396263402   50.988802122  -65.746387656  -10.959237982

   -3.141592654    1.745329252   32.291953635  -59.972953730  -16.968903637
   -2.951193099    1.745329252   22.257111157  -44.567617929  -16.191164270
   -2.760793544    1.745329252   15.512327113  -26.387733459  -14.388777073
   -2.570393989    1.745329252   12.016890167  -11.322621417  -11.886860761
   -2.379994435    1.745329252   10.719916549   -3.763904562   -9.032895628
   -2.189594880    1.745329252   10.043567481   -4.591088098   -6.077489566
   -1.999195325    1.745329252    8.631903971  -10.682837429   -3.162343846
   -1.808795770    1.745329252    6.004840979  -16.319398509   -0.405689187
   -1.618396215    1.745329252    2.806711044  -15.926751797    2.016240874
   -1.427996661    1.745329252    0.501670455   -6.842499184    3.891681729
   -1.237597106    1.745329252    0.668498494    9.431350866    5.108466450
   -1.047197551    1.745329252    4.255792564   28.092423197    5.788315342
   -0.856797996    1.745329252   11.171707854   43.506047274    6.292910880
   -0.666398442    1.745329252   20.374166363   51.607251143    7.083037220
   -0.475998887    1.745329252   30.294872596   51.044184186    8.505963513
   -0.285599332    1.745329252   39.350047481   42.870740139   10.644702476
   -0.095199777    1.745329252   46.314030935   29.600029584   13.280724368
    0.095199777    1.745329252   50.520480416   14.487498150   15.932396088
    0.285599332    1.745329252   51.960473702    1.158621717   17.966295361
    0.475998887    1.745329252   51.315483811   -6.889959110   18.760736060
    0.666398442    1.745329252   49.852764988   -7.187572591   17.906558662
    0.856797996    1.745329252   49.122073505    0.569368044   15.404315238
    1.047197551    1.745329252   50.463596816   13.985349324   11.696585119
    1.237597106    1.745329252   54.529109798   28.322839374    7.502790447
    1.427996661    1.745329252   60.979651215   38.224229997    3.512786247
    1.618396215    1.745329252   68.554199000   39.651828857    0.116166303
    1.808795770    1.745329252   75.456008590   31.181503311   -2.692526967
    1.999195325    1.745329252   79.886121711   14.105657954   -5.182838007
    2.189594880    1.745329252   80.493530579   -8.310636791   -7.658663147
    2.379994435    1.745329252   76.657237917  -31.812477352  -10.251721181
    2.570393989    1.745329252   68.596680712  -51.953973947  -12.837496452
    2.760793544    1.745329252   57.342802170  -64.765720372  -15.079658976
    2.951193099    1.745329252   44.580532707  -67.560652738  -16.564595835

   -3.141592654    2.094395102   25.226648781  -60.365130214  -18.713179074
   -2.951193099    2.094395102   15.321984674  -42.841312227  -17.782265968
   -2.760793544    2.094395102    9.085114618  -22.873900287  -15.751328891
   -2.570393989    2.094395102    6.383234352   -6.610846675  -12.903093833
   -2.379994435    2.094395102    6.050847895    1.571132506   -9.560812108
   -2.189594880    2.094395102    6.417068765    0.972373659   -5.957288528
   -1.999195325    2.094395102    6.065828926   -5.151750008   -2.217494337
   -1.808795770    2.094395102    4.467936107  -11.100231937    1.542507859
   -1.618396215    2.094395102    2.205906445  -11.382498853    5.107214105
   -1.427996661    2.094395102    0.677591306   -3.264177643    8.167999495
   -1.237597106    2.094395102    1.433326674   12.072023124   10.466082703
   -1.047197551    2.094395102    5.468256514   30.249741992   11.957645408
   -0.856797996    2.094395102   12.803661130   45.862739999   12.856013663
   -0.666398442    2.094395102   22.519753125   54.695684016   13.504765805
   -0.475998887    2.094395102   33.108464653   54.927111481   14.167048423
   -0.285599332    2.094395102   42.943538375   47.052808120   14.875994789
   -0.095199777    2.094395102   50.660431301   33.143262568   15.407478611
    0.095199777    2.094395102   55.392724248   16.279165384   15.356894456
    0.285599332    2.094395102   56.928474619    0.243324780   14.287373965
    0.475998887    2.094395102   55.811868883  -10.947249770   11.911511415
    0.666398442    2.094395102   53.300798139  -13.995551562    8.256266002
    0.856797996    2.094395102   51.101454691   -7.778624367    3.761645021
    1.047197551    2.094395102   50.837474710    5.755257105   -0.825290773
    1.237597106    2.094395102   53.467491239   21.659136818   -4.727563182
    1.427996661    2.094395102   58.857408199   33.770979685   -7.466721029
    1.618396215    2.094395102   65.774376811   37.071649197   -9.048509333
    1.808795770    2.094395102   72.284705690   29.459407010   -9.906010122
    1.999195325    2.094395102   76.378398557   12.136124288  -10.641879552
    2.189594880    2.094395102   76.527121498  -11.213741681  -11.734926790
    2.379994435    2.094395102   72.040042492  -35.687259952  -13.349220176
    2.570393989    2.094395102   63.189613167  -56.237542585  -15.305510316
    2.760793544    2.094395102   51.151075130  -68.555733987  -17.175748047
    2.951193099    2.094395102   37.786784537  -69.952774470  -18.450110618

   -3.141592654    2.443460953   19.122323159  -60.170059841  -13.393864208
   -2.951193099    2.443460953    9.430952029  -40.816244704  -12.251233858
   -2.760793544    2.443460953    3.741952865  -19.215167362  -10.288381806
   -2.570393989    2.443460953    1.861063411   -1.724859718   -7.662226157
   -2.379994435    2.443460953    2.545141032    7.306837474   -4.544969244
   -2.189594880    2.443460953    4.066385400    7.340173775   -1.030684063
   -1.999195325    2.443460953    4.976678629    1.697859806    2.857115302
   -1.808795770    2.443460953    4.708782761   -4.052207500    7.049641672
   -1.618396215    2.443460953    3.768150928   -4.659747275   11.305747796
   -1.427996661    2.443460953    3.439452352    2.512878232   15.201685496
   -1.237597106    2.443460953    5.169108255   16.480481541   18.273382656
   -1.047197551    2.443460953    9.909410148   33.277662878   20.217250905
   -0.856797996    2.443460953   17.714349655   47.829878384   21.000895114
   -0.666398442    2.443460953   27.734312378   55.958273170   20.803094268
   -0.475998887    2.443460953   38.507075651   55.576774293   19.844579251
   -0.285599332    2.443460953   48.387586947   46.801946934   18.234674653
   -0.095199777    2.443460953   55.927501343   31.426756475   15.916652530
    0.095199777    2.443460953   60.145739097   12.507527290   12.731289517
    0.285599332    2.443460953   60.739409010   -5.895206682    8.564203418
    0.475998887    2.443460953   58.242611757  -19.215780353    3.515246548
    0.666398442    2.443460953   54.022355486  -23.464599758   -1.998795533
    0.856797996    2.443460953   50.017309647  -16.994389261   -7.259212411
    1.047197551    2.443460953   48.144792495   -1.686188873  -11.461644433
    1.237597106    2.443460953   49.612670712   16.993863893  -14.025192643
    1.427996661    2.443460953   54.391974595   31.956188283  -14.843494703
    1.618396215    2.443460953   61.173894353   37.279850623  -14.321147781
    1.808795770    2.443460953   67.812280904   30.377280731  -13.177471695
    1.999195325    2.443460953   72.048044291   12.548502632  -12.136306738
    2.189594880    2.443460953   72.166497600  -11.994362110  -11.664212398
    2.379994435    2.443460953   67.409549887  -37.683638445  -11.866950221
    2.570393989    2.443460953   58.102669954  -58.905242869  -12.537807312
    2.760793544    2.443460953   45.558795172  -71.042280149  -13.285779300
    2.951193099    2.443460953   31.807729398  -71.399477380  -13.683871195

   -3.141592654    2.792526803   15.854813680  -59.337984072    0.997443955
   -2.951193099    2.792526803    6.424074503  -38.908699990    3.070614391
   -2.760793544    2.792526803    1.206707242  -16.190655094    5.052395084
   -2.570393989    2.792526803    0.000000000    2.301517350    6.903243787
   -2.379994435    2.792526803    1.535561535   12.203791215    8.747929459
   -2.189594880    2.792526803    4.068115482   13.060168126   10.859334044
   -1.999195325    2.792526803    6.145200832    8.221140795   13.524519238
   -1.808795770    2.792526803    7.184749180    3.102223500   16.840527595
   -1.618396215    2.792526803    7.631212885    2.646042238   20.557089625
   -1.427996661    2.792526803    8.649692735    9.219948444   24.094632307
   -1.237597106    2.792526803   11.535501090   21.799089499   26.750578814
   -1.047197551    2.792526803   17.109276040   36.650752552   27.984473039
   -0.856797996    2.792526803   25.350974767   49.028812729   27.606120618
   -0.666398442    2.792526803   35.391500254   54.975449551   25.759006746
   -0.475998887    2.792526803   45.771208112   52.424237141   22.754954964
   -0.285599332    2.792526803   54.839035145   41.397011057   18.887839038
   -0.095199777    2.792526803   61.126803454   23.672919939   14.334914081
    0.095199777    2.792526803   63.651666135    2.527262633    9.188677080
    0.285599332    2.792526803   62.176214915  -17.498817393    3.577878101
    0.475998887    2.792526803   57.406342877  -31.247071840   -2.199981880
    0.666398442    2.792526803   50.982498347  -34.281604087   -7.630186465
    0.856797996    2.792526803   45.163670434  -24.977167990  -12.055026362
    1.047197551    2.792526803   42.128872730   -5.800601057  -14.895937902
    1.237597106    2.792526803   43.192461261   16.790516054  -15.900216505
    1.427996661    2.792526803   48.235808485   34.718468154  -15.260043995
    1.618396215    2.792526803   55.706517308   41.496867408  -13.525365655
    1.808795770    2.792526803   63.164209512   34.558354874  -11.356183688
    1.999195325    2.792526803   68.107770329   15.697103378   -9.267033226
    2.189594880    2.792526803   68.693780272  -10.232904015   -7.480227494
    2.379994435    2.792526803   64.149754544  -37.141694733   -5.946763474
    2.570393989    2.792526803   54.866004166  -59.110491875   -4.472049865
    2.760793544    2.792526803   42.257876455  -71.418000048   -2.861338318
    2.951193099    2.792526803   28.464590354  -71.392906106   -1.024457168
