#! FIELDS phi psi file.free der_phi der_psi
#! SET min_phi -pi
#! SET max_phi pi
#! SET nbins_phi  33
#! SET periodic_phi true
#! SET min_psi -pi
#! SET max_psi pi
#! SET nbins_psi  18
#! SET periodic_psi true
   -3.141592654   -3.141592654   20.630868161  -58.872964795   13.411294532
   -2.951193099   -3.141592654   11.049027223  -40.631321849   16.239948159
   -2.760793544   -3.141592654    5.450951306  -18.116921828   18.374595400
   -2.570393989   -3.141592654    3.996070282    1.872729192   19.812252730
   -2.379994435   -3.141592654    5.668683082   14.166449797   20.819049554
   -2.189594880   -3.141592654    8.812628197   17.485468469   21.821974321
   -1.999195325   -3.141592654   11.925281517   14.552894877   23.187264705
   -1.808795770   -3.141592654   14.274696852   10.347929733   24.995435256
   -1.618396215   -3.141592654   16.081904060    9.462434454   26.930908557
   -1.427996661   -3.141592654   18.232884402   14.066620610   28.372583874
   -1.237597106   -3.141592654   21.731735484   23.220053051   28.653718804
   -1.047197551   -3.141592654   27.163632641   33.673269213   27.368652133
   -0.856797996   -3.141592654   34.395343751   41.464024823   24.548641326
   -0.666398442   -3.141592654   42.604308318   43.498237385   20.602074046
   -0.475998887   -3.141592654   50.528592564   38.403181560   16.084605499
   -0.285599332   -3.141592654   56.822430703   26.613979245   11.436472901
   -0.095199777   -3.141592654   60.368519706    9.985051971    6.834757696
    0.095199777   -3.141592654   60.519416312   -8.462068921    2.246918221
    0.285599332   -3.141592654   57.297723829  -24.691865710   -2.382417631
    0.475998887   -3.141592654   51.555128678  -34.252960109   -6.921975115
    0.666398442   -3.141592654   44.929474735  -33.514000563  -10.963289599
    0.856797996   -3.141592654   39.522014440  -21.641680027  -13.917498718
    1.047197551   -3.141592654   37.227320603   -1.620168383  -15.273248572
    1.237597106   -3.141592654   39.030835338   20.192724436  -14.870666706
    1.427996661   -3.141592654   44.572834063   36.563302010  -12.996055832
    1.618396215   -3.141592654   52.272804758   42.290292381  -10.246744015
    1.808795770   -3.141592654   59.899602951   35.881184592   -7.244633590
    1.999195325   -3.141592654   65.288983805   19.323678921   -4.385485500
    2.189594880   -3.141592654   66.863962118   -3.436851085   -1.737362275
    2.379994435   -3.141592654   63.870705700  -27.891581008    0.873070873
    2.570393989   -3.141592654   56.423441075  -49.469151123    3.680012706
    2.760793544   -3.141592654   45.493259150  -63.794808297    6.803946907
    2.951193099   -3.141592654   32.823908805  -67.344742238   10.145548059

   -3.141592654   -2.792526803   26.937366079  -52.639520413   20.406964193
   -2.951193099   -2.792526803   18.372794926  -36.291632612   23.601814068
   -2.760793544   -2.792526803   13.397663307  -15.891452750   25.565347781
   -2.570393989   -2.792526803   12.199311168    2.477532295   26.405778758
   -2.379994435   -2.792526803   13.911699228   14.169218351   26.590352782
   -2.189594880   -2.792526803   17.086809500   17.966073512   26.729049349
   -1.999195325   -2.792526803   20.392446221   16.148877749   27.270192925
   -1.808795770   -2.792526803   23.149068721   12.940571997   28.271817352
   -1.618396215   -2.792526803   25.480316038   12.181599338   29.350559561
   -1.427996661   -2.792526803   28.059519362   15.623549279   29.844520843
   -1.237597106   -2.792526803   31.646100382   22.430513182   29.104479555
   -1.047197551   -2.792526803   36.649203214   29.935140365   26.789894561
   -0.856797996   -2.792526803   42.896477820   34.962691949   23.012828945
   -0.666398442   -2.792526803   49.664674729   35.044909527   18.250641127
   -0.475998887   -2.792526803   55.874113506   29.023256511   13.107306743
   -0.285599332   -2.792526803   60.361488975   17.132751232    8.050005632
   -0.095199777   -2.792526803   62.130806037    0.853863938    3.264523833
    0.095199777   -2.792526803   60.591092469  -17.060225697   -1.273798179
    0.285599332   -2.792526803   55.797193620  -32.547782897   -5.605169295
    0.475998887   -2.792526803   48.663547918  -40.896451018   -9.584219040
    0.666398442   -2.792526803   40.944119714  -38.225603906  -12.817709837
    0.856797996   -2.792526803   34.877870981  -23.748758055  -14.802086851
    1.047197551   -2.792526803   32.450349729   -0.910339002  -15.179191307
    1.237597106   -2.792526803   34.626475298   23.284087735  -13.965278507
    1.427996661   -2.792526803   40.911902398   41.113261723  -11.563656853
    1.618396215   -2.792526803   49.536851044   47.317977863   -8.572798583
    1.808795770   -2.792526803   58.114119108   40.782382871   -5.492880089
    1.999195325   -2.792526803   64.417263565   24.060644661   -2.528188318
    2.189594880   -2.792526803   66.908175494    1.533662186    0.440403382
    2.379994435   -2.792526803   64.925009611  -22.184685171    3.701601288
    2.570393989   -2.792526803   58.657233030  -42.785683327    7.488694750
    2.760793544   -2.792526803   49.076137809  -56.406456134   11.793386095
    2.951193099   -2.792526803   37.823045050  -60.028347323   16.284620957

   -3.141592654   -2.443460953   34.114385567  -45.799195755   19.611569496
   -2.951193099   -2.443460953   26.662944898  -31.557312742   22.392538052
   -2.760793544   -2.443460953   22.362371736  -13.518757232   23.923223417
   -2.570393989   -2.443460953   21.424332275    2.973661318   24.320870912
   -2.379994435   -2.443460953   23.129139042   13.773316642   24.021228461
   -2.189594880   -2.443460953   26.224220119   17.654535841   23.557770622
   -1.999195325   -2.443460953   29.521975439   16.398914690   23.287107976
   -1.808795770   -2.443460953   32.364913335   13.493328427   23.221535193
   -1.618396215   -2.443460953   34.763840254   12.164263013   23.033543916
   -1.427996661   -2.443460953   37.199202858   13.963216393   22.230530661
   -1.237597106   -2.443460953   40.247979943   18.372461473   20.392706007
   -1.047197551   -2.443460953   44.237257013   23.411162929   17.383148641
   -0.856797996   -2.443460953   49.054711869   26.635388849   13.420561238
   -0.666398442   -2.443460953   54.149806214   26.000285672    8.973623471
   -0.475998887   -2.443460953   58.651799380   20.294097124    4.552361547
   -0.285599332   -2.443460953   61.557404904    9.305653460    0.499484769
   -0.095199777   -2.443460953   61.931265071   -5.992601305   -3.118947028
    0.095199777   -2.443460953   59.164378712  -23.134008827   -6.420590407
    0.285599332   -2.443460953   53.275508475  -37.959675767   -9.517795844
    0.475998887   -2.443460953   45.190239225  -45.392805842  -12.328507517
    0.666398442   -2.443460953   36.746409424  -41.219171836  -14.519552348
    0.856797996   -2.443460953   30.302031292  -24.633715857  -15.647672787
    1.047197551   -2.443460953   27.926494099    0.517821717  -15.395889878
    1.237597106   -2.443460953   30.568541159   26.651221700  -13.786018963
    1.427996661   -2.443460953   37.617820458   45.620676466  -11.186877105
    1.618396215   -2.443460953   47.142938908   52.152467011   -8.136884241
    1.808795770   -2.443460953   56.633621678   45.508598805   -5.072375950
    1.999195325   -2.443460953   63.829988538   28.771669268   -2.154776980
    2.189594880   -2.443460953   67.252592206    6.701720026    0.748924535
    2.379994435   -2.443460953   66.340283924  -16.040204608    3.918178175
    2.570393989   -2.443460953   61.355475796  -35.465349444    7.563827191
    2.760793544   -2.443460953   53.256934639  -48.271311848   11.656157272
    2.951193099   -2.443460953   43.563070789  -51.974770376   15.854200587

   -3.141592654   -2.094395102   39.828491724  -40.689514200   12.849232066
   -2.951193099   -2.094395102   33.189009311  -28.221620772   14.524197818
   -2.760793544   -2.094395102   29.339416907  -12.090965535   15.347159964
   -2.570393989   -2.094395102   28.520813641    2.905522245   15.407191002
   -2.379994435   -2.094395102   30.126716958   12.925860717   14.963149022
   -2.189594880   -2.094395102   33.037148379   16.633045348   14.289419555
   -1.999195325   -2.094395102   36.140962566   15.366926395   13.514279132
   -1.808795770   -2.094395102   38.762081668   12.101921251   12.562460279
   -1.618396215   -2.094395102   40.810543219    9.761660519   11.219891022
   -1.427996661   -2.094395102   42.642744967    9.957594187    9.284918296
   -1.237597106   -2.094395102   44.756726781   12.580346998    6.701620609
   -1.047197551   -2.094395102   47.497951200   16.215945957    3.624878151
   -0.856797996   -2.094395102   50.876780997   18.892073535    0.379000216
   -0.666398442   -2.094395102   54.524323557   18.698695698   -2.674913095
   -0.475998887   -2.094395102   57.737853629   14.155043071   -5.284871545
   -0.285599332   -2.094395102   59.602278917    4.489868087   -7.401792571
   -0.095199777   -2.094395102   59.159533937   -9.839640932   -9.197617223
    0.095199777   -2.094395102   55.706274518  -26.578165441  -10.934453526
    0.285599332   -2.094395102   49.169440617  -41.330577681  -12.788945965
    0.475998887   -2.094395102   40.459922976  -48.485438510  -14.691667113
    0.666398442   -2.094395102   31.506221816  -43.336789002  -16.286811378
    0.856797996   -2.094395102   24.817415817  -24.956306863  -17.075892758
    1.047197551   -2.094395102   22.590413768    2.427680467  -16.656624644
    1.237597106   -2.094395102   25.796489817   30.578237154  -14.949728468
    1.427996661   -2.094395102   33.728357541   50.804547656  -12.246045441
    1.618396215   -2.094395102   44.287937394   57.694840138   -9.063041539
    1.808795770   -2.094395102   54.817591545   50.811245501   -5.886258821
    1.999195325   -2.094395102   62.990508996   33.749881182   -2.980907670
    2.189594880   -2.094395102   67.354501930   11.684827038   -0.335066510
    2.379994435   -2.094395102   67.428099155  -10.609603565    2.235050081
    2.570393989   -2.094395102   63.540228823  -29.375254281    4.909294657
    2.760793544   -2.094395102   56.649066040  -41.766513671    7.716679427
    2.951193099   -2.094395102   48.182208245  -45.736691478   10.472400134

   -3.141592654   -1.745329252   42.865028239  -38.089041694    6.169532829
   -2.951193099   -1.745329252   36.617080386  -26.764750560    6.719545113
   -2.760793544   -1.745329252   32.924373168  -11.895097860    6.769484815
   -2.570393989   -1.745329252   32.034785079    2.010113816    6.380404528
   -2.379994435   -1.745329252   33.390820492   11.246666679    5.664346219
   -2.189594880   -1.745329252   35.924620950   14.369617201    4.693416332
   -1.999195325   -1.745329252   38.539261756   12.463107934    3.433408907
   -1.808795770   -1.745329252   40.527546999    8.314205366    1.767516336
   -1.618396215   -1.745329252   41.754101911    4.908372004   -0.403999500
   -1.427996661   -1.745329252   42.567947043    4.171227351   -3.045254117
   -1.237597106   -1.745329252   43.531100043    6.401871406   -5.936822170
   -1.047197551   -1.745329252   45.120798069   10.449666338   -8.720010748
   -0.856797996   -1.745329252   47.504486364   14.320327733  -11.015834179
   -0.666398442   -1.745329252   50.435220345   15.780260592  -12.567400286
   -0.475998887   -1.745329252   53.251649706   12.864843656  -13.334182724
   -0.285599332   -1.745329252   54.987869015    4.319384041  -13.501359763
   -0.095199777   -1.745329252   54.558335561   -9.665637768  -13.430217552
    0.095199777   -1.745329252   51.109985918  -26.799743077  -13.508288144
    0.285599332   -1.745329252   44.459509536  -42.315985771  -13.988964308
    0.475998887   -1.745329252   35.500745702  -50.024529262  -14.850854161
    0.666398442   -1.745329252   26.257114546  -44.689342883  -15.764838528
    0.856797996   -1.745329252   19.404798061  -25.172236094  -16.224474913
    1.047197551   -1.745329252   17.303241401    4.027768558  -15.768780979
    1.237597106   -1.745329252   20.998289934   34.061091369  -14.216087240
    1.427996661   -1.745329252   29.733977989   55.624404622  -11.745423011
    1.618396215   -1.745329252   41.271325440   62.993894622   -8.800999242
    1.808795770   -1.745329252   52.795056969   55.849019244   -5.864402091
    1.999195325   -1.745329252   61.872021872   38.183358736   -3.266008971
    2.189594880   -1.745329252   67.026114230   15.586222112   -1.096998124
    2.379994435   -1.745329252   67.815324033   -6.946958846    0.730772787
    2.570393989   -1.745329252   64.623322010  -25.706746846    2.356151595
    2.760793544   -1.745329252   58.433209773  -38.101023395    3.851470951
    2.951193099   -1.745329252   50.642401378  -42.372478966    5.167535351

   -3.141592654   -1.396263402   42.240540878  -38.910196380    3.274289174
   -2.951193099   -1.396263402   35.832591462  -27.617467638    2.953262679
   -2.760793544   -1.396263402   31.978658879  -12.742126259    2.241762208
   -2.570393989   -1.396263402   30.922711525    1.082961715    1.210855989
   -2.379994435   -1.396263402   32.077437419   10.009237419   -0.093322801
   -2.189594880   -1.396263402   34.318341267   12.465176204   -1.709233981
   -1.999195325   -1.396263402   36.476370870    9.518472693   -3.754167931
   -1.808795770   -1.396263402   37.787137153    4.137909023   -6.325759209
   -1.618396215   -1.396263402   38.113190326   -0.298819866   -9.366094632
   -1.427996661   -1.396263402   37.887322374   -1.395187742  -12.583482047
   -1.237597106   -1.396263402   37.834775005    1.478696978  -15.505888862
   -1.047197551   -1.396263402   38.628388113    7.157992848  -17.645941479
   -0.856797996   -1.396263402   40.593389021   13.266696799  -18.682300822
   -0.666398442   -1.396263402   43.542006420   16.960430596  -18.571886868
   -0.475998887   -1.396263402   46.752638926   15.687919710  -17.546562519
   -0.285599332   -1.396263402   49.106388478    7.799772045  -16.014956937
   -0.095199777   -1.396263402   49.317433117   -6.582024225  -14.448705812
    0.095199777   -1.396263402   46.349928354  -24.937988258  -13.244911092
    0.285599332   -1.396263402   39.907227459  -42.000256147  -12.614714176
    0.475998887   -1.396263402   30.880382784  -50.947684677  -12.507788418
    0.666398442   -1.396263402   21.408731104  -45.988636035  -12.616580612
    0.856797996   -1.396263402   14.361947199  -25.740796148  -12.506056077
    1.047197551   -1.396263402   12.296005075    5.063689748  -11.798431711
    1.237597106   -1.396263402   16.368475851   36.962086970  -10.347900315
    1.427996661   -1.396263402   25.805703950   59.957145863   -8.291677188
    1.618396215   -1.396263402   38.236251145   67.873604373   -5.962989500
    1.808795770   -1.396263402   50.667020323   60.350219366   -3.714599305
    1.999195325   -1.396263402   60.511955501   41.673410327   -1.780639706
    2.189594880   -1.396263402   66.213518263   17.838310993   -0.225333769
    2.379994435   -1.396263402   67.320381490   -5.830291105    1.003833922
    2.570393989   -1.396263402   64.253511466  -25.460226907    1.980410325
    2.760793544   -1.396263402   58.050776566  -38.434577289    2.723226727
    2.951193099   -1.396263402   50.161308757  -43.040159395    3.181629880

   -3.141592654   -1.047197551   40.267050522  -42.064443082    3.809593903
   -2.951193099   -1.047197551   33.270994234  -30.574143220    2.803223930
   -2.760793544   -1.047197551   28.900876632  -15.176921651    1.244636359
   -2.570393989   -1.047197551   27.435061454   -0.816666665   -0.720064847
   -2.379994435   -1.047197551   28.253451277    8.290649656   -2.960336676
   -2.189594880   -1.047197551   30.138302775   10.342055889   -5.446130342
   -1.999195325   -1.047197551   31.810642580    6.480419740   -8.241861827
   -1.808795770   -1.047197551   32.443406651    0.086583378  -11.384884542
   -1.618396215   -1.047197551   31.936225184   -4.867982352  -14.725751792
   -1.427996661   -1.047197551   30.866141650   -5.505741296  -17.859381333
   -1.237597106   -1.047197551   30.162170355   -1.087529061  -20.224757808
   -1.047197551   -1.047197551   30.677180167    6.875162299  -21.337081784
   -0.856797996   -1.047197551   32.819658407   15.372399905  -21.003733232
   -0.666398442   -1.047197551   36.358270888   20.908541212  -19.406686973
   -0.475998887   -1.047197551   40.421924422   20.514907605  -17.012644666
   -0.285599332   -1.047197551   43.693042823   12.431649756  -14.380251513
   -0.095199777   -1.047197551   44.694445298   -3.035595933  -11.979405201
    0.095199777   -1.047197551   42.255685427  -22.975226653  -10.069368019
    0.285599332   -1.047197551   36.033714253  -41.597809362   -8.666809314
    0.475998887   -1.047197551   26.974719535  -51.560200894   -7.590772266
    0.666398442   -1.047197551   17.360173562  -46.721884784   -6.568047710
    0.856797996   -1.047197551   10.238533019  -25.672079231   -5.383692337
    1.047197551   -1.047197551    8.314098231    6.523113253   -3.977450343
    1.237597106   -1.047197551   12.804810767   39.842890794   -2.457979502
    1.427996661   -1.047197551   22.891058892   63.770777642   -1.017489173
    1.618396215   -1.047197551   36.077192433   71.859728381    0.181421334
    1.808795770   -1.047197551   49.225174467   63.787553895    1.093399687
    1.999195325   -1.047197551   59.632128361   44.079878891    1.790248411
    2.189594880   -1.047197551   65.675389858   19.004192724    2.398101363
    2.379994435   -1.047197551   66.884125953   -5.917280544    3.008935301
    2.570393989   -1.047197551   63.688428327  -26.704522534    3.612864736
    2.760793544   -1.047197551   57.152257678  -40.652678160    4.079263302
    2.951193099   -1.047197551   48.770620325  -45.935281346    4.207528963

   -3.141592654   -0.698131701   40.504569375  -44.755244217    2.753634846
   -2.951193099   -0.698131701   32.901565570  -34.205073667    0.917739801
   -2.760793544   -0.698131701   27.778516599  -19.382079111   -1.490341998
   -2.570393989   -0.698131701   25.486928953   -5.237333739   -4.252091829
   -2.379994435   -0.698131701   25.456637233    3.798438740   -7.179258071
   -2.189594880   -0.698131701   26.471808275    5.668184071  -10.199137269
   -1.999195325   -0.698131701   27.223548394    1.472611831  -13.317488128
   -1.808795770   -0.698131701   26.878041709   -5.118047505  -16.469153506
   -1.618396215   -0.698131701   25.407441387   -9.636137980  -19.370526980
   -1.427996661   -0.698131701   23.548960942   -8.839035936  -21.518375849
   -1.237597106   -0.698131701   22.423859518   -2.056266110  -22.374038895
   -1.047197551   -0.698131701   23.015211974    8.647801866  -21.643434202
   -0.856797996   -0.698131701   25.730522753   19.493316477  -19.456426459
   -0.666398442   -0.698131701   30.200690550   26.374434500  -16.332507124
   -0.475998887   -0.698131701   35.337910282   26.129887433  -12.956027250
   -0.285599332   -0.698131701   39.612432958   17.227175605   -9.898955525
   -0.095199777   -0.698131701   41.406420230    0.457675361   -7.423164433
    0.095199777   -0.698131701   39.509784501  -20.726570854   -5.445244928
    0.285599332   -0.698131701   33.633554521  -40.115702195   -3.644328841
    0.475998887   -0.698131701   24.835783087  -50.190301631   -1.667419301
    0.666398442   -0.698131701   15.515925542  -44.941994938    0.656254924
    0.856797996   -0.698131701    8.791077899  -23.307569966    3.177281081
    1.047197551   -0.698131701    7.359357596    9.254667559    5.476694387
    1.237597106   -0.698131701   12.370577665   42.488107338    7.082181014
    1.427996661   -0.698131701   22.918142681   65.910123481    7.721319777
    1.618396215   -0.698131701   36.446855364   73.309930590    7.457378140
    1.808795770   -0.698131701   49.811354448   64.644327460    6.638472646
    1.999195325   -0.698131701   60.344724786   44.594627844    5.711049048
    2.189594880   -0.698131701   66.472125189   19.397551357    5.016408611
    2.379994435   -0.698131701   67.748980590   -5.608003879    4.674443634
    2.570393989   -0.698131701   64.589864543  -26.681354338    4.570752102
    2.760793544   -0.698131701   58.003171756  -41.269027132    4.421189595
    2.951193099   -0.698131701   49.415983019  -47.525465123    3.898764132

   -3.141592654   -0.349065850   41.192184099  -48.023589255    1.763621833
   -2.951193099   -0.349065850   32.848868605  -38.648934361   -0.429486400
   -2.760793544   -0.349065850   26.797124572  -24.603701561   -3.139773750
   -2.570393989   -0.349065850   23.474107448  -10.780145463   -6.116566689
   -2.379994435   -0.349065850   22.382400742   -1.778614184   -9.149563598
   -2.189594880   -0.349065850   22.339880150    0.142166498  -12.145243919
   -1.999195325   -0.349065850   22.050815822   -3.899189357  -15.063018464
   -1.808795770   -0.349065850   20.726390567   -9.921935432  -17.753228113
   -1.618396215   -0.349065850   18.458221031  -13.043893263  -19.838024759
   -1.427996661   -0.349065850   16.162335706   -9.871526656  -20.780078154
   -1.237597106   -0.349065850   15.121423824   -0.095401332  -20.133162427
   -1.047197551   -0.349065850   16.363707306   13.416142491  -17.835109734
   -0.856797996   -0.349065850   20.176889724   26.031170467  -14.320451990
   -0.666398442   -0.349065850   25.942388928   33.190900324  -10.362016241
   -0.475998887   -0.349065850   32.294860702   31.893990732   -6.731152109
   -0.285599332   -0.349065850   37.508207585   21.281631015   -3.877540220
   -0.095199777   -0.349065850   39.920447041    2.993072197   -1.762476106
    0.095199777   -0.349065850   38.427857233  -18.840379625    0.056318442
    0.285599332   -0.349065850   32.937727995  -37.778905771    2.168952525
    0.475998887   -0.349065850   24.694383669  -46.632576814    4.977697750
    0.666398442   -0.349065850   16.175423679  -40.172250679    8.433898946
    0.856797996   -0.349065850   10.414461558  -18.168478342   11.975052727
    1.047197551   -0.349065850    9.897330089   13.490758055   14.747249317
    1.237597106   -0.349065850   15.541297369   44.766464709   16.020678038
    1.427996661   -0.349065850   26.304718400   65.920443660   15.547641913
    1.618396215   -0.349065850   39.655101044   71.568136654   13.665162938
    1.808795770   -0.349065850   52.598934648   62.148713760   11.096254136
    1.999195325   -0.349065850   62.663643405   42.301113740    8.605432311
    2.189594880   -0.349065850   68.420267864   17.839287013    6.697316017
    2.379994435   -0.349065850   69.473273993   -6.443728463    5.497673489
    2.570393989   -0.349065850   66.189541724  -27.258589049    4.800579347
    2.760793544   -0.349065850   59.464962768  -42.253951593    4.203119158
    2.951193099   -0.349065850   50.603132013  -49.511469070    3.287343047

   -3.141592654    0.000000000   41.752779959  -51.366079303    0.223731204
   -2.951193099    0.000000000   32.668647109  -43.011182020   -1.812573087
   -2.760793544    0.000000000   25.721663170  -29.547122326   -4.159112031
   -2.570393989    0.000000000   21.441648685  -15.815216509   -6.621194954
   -2.379994435    0.000000000   19.408659954   -6.597725504   -9.056776496
   -2.189594880    0.000000000   18.479016284   -4.341060218  -11.409571618
   -1.999195325    0.000000000   17.380232625   -7.872446050  -13.615275390
   -1.808795770    0.000000000   15.383131268  -12.900353752  -15.458924098
   -1.618396215    0.000000000   12.704816939  -14.227671328  -16.521754369
   -1.427996661    0.000000000   10.416813919   -8.508525409  -16.323400262
   -1.237597106    0.000000000    9.899648269    4.003204814  -14.595774745
   -1.047197551    0.000000000   12.136286725   19.576142122  -11.520017248
   -0.856797996    0.000000000   17.213215653   32.889913664   -7.730000809
   -0.666398442    0.000000000   24.231582251   39.279533689   -4.049082511
   -0.475998887    0.000000000   31.590128040   36.279541736   -1.111670635
   -0.285599332    0.000000000   37.468770495   23.958078172    0.909559947
   -0.095199777    0.000000000   40.290770889    4.815639054    2.378064568
    0.095199777    0.000000000   39.166751512  -16.572101820    3.992400864
    0.285599332    0.000000000   34.244452375  -33.952393176    6.439601026
    0.475998887    0.000000000   26.912289905  -40.927655572   10.015062775
    0.666398442    0.000000000   19.605208663  -33.375624640   14.382108042
    0.856797996    0.000000000   15.116452416  -11.936623214   18.611518672
    1.047197551    0.000000000   15.588178071   17.369294756   21.544278675
    1.237597106    0.000000000   21.652758248   45.221387529   22.329846286
    1.427996661    0.000000000   32.177250459   63.085210577   20.818579059
    1.618396215    0.000000000   44.763258658   66.634052756   17.597385043
    1.808795770    0.000000000   56.695680258   56.727550755   13.665991455
    1.999195325    0.000000000   65.790796539   37.707871545    9.985809871
    2.189594880    0.000000000   70.806459546   14.684837658    7.135345006
    2.379994435    0.000000000   71.390446618   -8.286651339    5.218739982
    2.570393989    0.000000000   67.831789358  -28.438403562    3.976997364
    2.760793544    0.000000000   60.879938435  -43.596341790    2.976058156
    2.951193099    0.000000000   51.690312821  -51.701430793    1.808729522

   -3.141592654    0.349065850   42.731668039  -53.472026817   -0.069095238
   -2.951193099    0.349065850   33.157122787  -46.006820370   -1.259220780
   -2.760793544    0.349065850   25.572272341  -33.182208231   -2.596685225
   -2.570393989    0.349065850   20.566941534  -19.739256800   -4.025585933
   -2.379994435    0.349065850   17.782061556  -10.532582049   -5.514941146
   -2.189594880    0.349065850   16.118904793   -8.070590049   -7.050006744
   -1.999195325    0.349065850   14.354283064  -11.061159189   -8.546472510
   -1.808795770    0.349065850   11.846979666  -14.948278092   -9.760829364
   -1.618396215    0.349065850    8.947790088  -14.379138818  -10.298797221
   -1.427996661    0.349065850    6.856181628   -6.253252036   -9.780720126
   -1.237597106    0.349065850    6.990886343    8.493580420   -8.078096392
   -1.047197551    0.349065850   10.223848892   25.328929175   -5.465686461
   -0.856797996    0.349065850   16.404318261   38.491321768   -2.547830918
   -0.666398442    0.349065850   24.374600195   43.538834418    0.030546544
   -0.475998887    0.349065850   32.377189139   38.793526008    1.915341301
   -0.285599332    0.349065850   38.608401468   25.315981557    3.217323243
   -0.095199777    0.349065850   41.678566881    6.310163695    4.483432089
    0.095199777    0.349065850   40.967685822  -13.515233994    6.423614578
    0.285599332    0.349065850   36.852952263  -28.463397888    9.554328292
    0.475998887    0.349065850   30.790124468  -33.231405501   13.870171265
    0.666398442    0.349065850   25.051478852  -24.935325255   18.711752919
    0.856797996    0.349065850   22.066445337   -4.991951752   22.931641027
    1.047197551    0.349065850   23.548268730   20.747101318   25.336529189
    1.237597106    0.349065850   29.827473406   44.065033445   25.220878959
    1.427996661    0.349065850   39.731381766   57.942942352   22.672205001
    1.618396215    0.349065850   51.090289306   59.234166146   18.494475471
    1.808795770    0.349065850   61.564349025   49.139147415   13.805740830
    1.999195325    0.349065850   69.328084665   31.505704126    9.581014271
    2.189594880    0.349065850   73.356097158   10.545603975    6.351037475
    2.379994435    0.349065850   73.339627566  -10.537697103    4.174010392
    2.570393989    0.349065850   69.477568013  -29.519688146    2.791307906
    2.760793544    0.349065850   62.360800255  -44.388787463    1.823174117
    2.951193099    0.349065850   52.986447521  -52.947182077    0.937645514

   -3.141592654    0.698131701   44.166829311  -53.323833313   -1.104975331
   -2.951193099    0.698131701   34.558577258  -46.528299587   -1.357036286
   -2.760793544    0.698131701   26.795545778  -34.529605835   -1.505069014
   -2.570393989    0.698131701   21.455852665  -21.881541894   -1.675271617
   -2.379994435    0.698131701   18.200418138  -13.289937023   -1.993759872
   -2.189594880    0.698131701   15.977607778  -11.124374995   -2.527372274
   -1.999195325    0.698131701   13.640416015  -13.927440835   -3.219213321
   -1.808795770    0.698131701   10.653918715  -17.006416959   -3.870017702
   -1.618396215    0.698131701    7.488637009  -15.033675964   -4.194232486
   -1.427996661    0.698131701    5.433004665   -5.213857216   -3.951426219
   -1.237597106    0.698131701    5.912332085   10.981605188   -3.080050986
   -1.047197551    0.698131701    9.700539333   28.512868601   -1.751883693
   -0.856797996    0.698131701   16.479181686   41.449084582   -0.288558291
   -0.666398442    0.698131701   24.937740769   45.667882804    1.036919787
   -0.475998887    0.698131701   33.266076179   40.158291489    2.189217202
   -0.285599332    0.698131701   39.741366486   26.692355801    3.434823349
   -0.095199777    0.698131701   43.165026338    8.842124930    5.265489261
    0.095199777    0.698131701   43.128198083   -8.847578928    8.151812660
    0.285599332    0.698131701   40.133130647  -21.414408420   12.262095953
    0.475998887    0.698131701   35.582627306  -24.627090135   17.236466946
    0.666398442    0.698131701   31.492257342  -16.588239602   22.168328136
    0.856797996    0.698131701   29.897238791    0.899386904   25.859135932
    1.047197551    0.698131701   32.125686710   22.498166113   27.277641678
    1.237597106    0.698131701   38.296940182   41.230345971   26.014745942
    1.427996661    0.698131701   47.289690547   51.471036987   22.457124701
    1.618396215    0.698131701   57.215102174   50.994811544   17.588861686
    1.808795770    0.698131701   66.112097258   41.115770704   12.539726907
    1.999195325    0.698131701   72.487151123   25.109636295    8.168336285
    2.189594880    0.698131701   75.505014323    6.358336692    4.853069092
    2.379994435    0.698131701   74.895378830  -12.645920331    2.556754351
    2.570393989    0.698131701   70.788177945  -30.096712995    1.032791443
    2.760793544    0.698131701   63.652850119  -44.119169948    0.016564595
    2.951193099    0.698131701   54.357405886  -52.477250651   -0.666752450

   -3.141592654    1.047197551   42.695039317  -54.022389417   -5.457901198
   -2.951193099    1.047197551   33.034264155  -46.384188935   -5.270243344
   -2.760793544    1.047197551   25.359495339  -33.800431135   -4.564598030
   -2.570393989    1.047197551   20.182667406  -20.969376532   -3.629692558
   -2.379994435    1.047197551   17.086319737  -12.583127249   -2.784989224
   -2.189594880    1.047197551   14.960383682  -10.824497794   -2.244688212
   -1.999195325    1.047197551   12.644716446  -13.969006980   -2.039208321
   -1.808795770    1.047197551    9.638790693  -17.112801942   -2.041748799
   -1.618396215    1.047197551    6.473631550  -14.879686959   -2.063834822
   -1.427996661    1.047197551    4.489353553   -4.607242192   -1.957415499
   -1.237597106    1.047197551    5.126259629   11.998937547   -1.660840934
   -1.047197551    1.047197551    9.131562139   29.722117974   -1.180597871
   -0.856797996    1.047197551   16.141545433   42.644319797   -0.535169061
   -0.666398442    1.047197551   24.826181405   46.883866675    0.319891323
   -0.475998887    1.047197551   33.416605959   41.787630235    1.531058464
   -0.285599332    1.047197551   40.295303107   29.429376801    3.333329246
   -0.095199777    1.047197551   44.403365796   13.391077188    5.980757225
    0.095199777    1.047197551   45.435403500   -2.171023403    9.587991451
    0.285599332    1.047197551   43.885525929  -13.062738950   13.970105792
    0.475998887    1.047197551   40.985026167  -15.937710613   18.542496820
    0.666398442    1.047197551   38.429774492   -9.492133175   22.398468932
    0.856797996    1.047197551   37.883294224    4.557605451   24.592717041
    1.047197551    1.047197551   40.393860131   21.740783877   24.513918445
    1.237597106    1.047197551   46.015205853   36.371153142   22.163576613
    1.427996661    1.047197551   53.798601538   43.928767647   18.154377025
    1.618396215    1.047197551   62.180288152   42.620955934   13.432211189
    1.808795770    1.047197551   69.529795953   33.432148921    8.874015886
    1.999195325    1.047197551   74.573900030   18.867664440    5.007614273
    2.189594880    1.047197551   76.546624599    1.578350602    1.946799909
    2.379994435    1.047197551   75.138045692  -16.326585504   -0.456719583
    2.570393989    1.047197551   70.405235287  -33.028360221   -2.391677665
    2.760793544    1.047197551   62.771330524  -46.417979158   -3.930459488
    2.951193099    1.047197551   53.104287030  -54.042335556   -4.996429833

   -3.141592654    1.396263402   38.317762001  -55.327192700  -11.057963839
   -2.951193099    1.396263402   28.608862026  -45.584128465  -11.037077536
   -2.760793544    1.396263402   21.261783599  -31.268635398  -10.026806268
   -2.570393989    1.396263402   16.668587204  -17.527762475   -8.353108644
   -2.379994435    1.396263402   14.240715329   -9.140406455   -6.446725286
   -2.189594880    1.396263402   12.716216497   -8.023022944   -4.656929459
   -1.999195325    1.396263402   10.850863885  -12.050518390   -3.148580001
   -1.808795770    1.396263402    8.129951440  -16.011435182   -1.937424276
   -1.618396215    1.396263402    5.112160612  -14.400161688   -0.990172901
   -1.427996661    1.396263402    3.178018465   -4.526968105   -0.288064117
   -1.237597106    1.396263402    3.812078583   11.930433266    0.198374884
   -1.047197551    1.396263402    7.816772427   29.834835983    0.570105473
   -0.856797996    1.396263402   14.898632363   43.353319194    1.017177335
   -0.666398442    1.396263402   23.811395347   48.638079396    1.782919043
   -0.475998887    1.396263402   32.868166580   44.984826287    3.088638094
   -0.285599332    1.396263402   40.513872349   34.310474388    5.078205021
   -0.095199777    1.396263402   45.709557323   19.886311617    7.782687323
    0.095199777    1.396263402   48.094195971    5.405146814   11.056199277
    0.285599332    1.396263402   48.007955022   -5.488906622   14.519902257
    0.475998887    1.396263402   46.434049361   -9.839509703   17.561594756
    0.666398442    1.396263402   44.783292142   -6.290016269   19.467245405
    0.856797996    1.396263402   44.498957241    4.055116737   19.688747255
    1.047197551    1.396263402   46.568063882   17.726391880   18.089152117
    1.237597106    1.396263402   51.174920394   29.969069490   15.031095965
    1.427996661    1.396263402   57.634240659   36.677269489   11.217724720
    1.618396215    1.396263402   64.661879029   35.810349953    7.385553830
    1.808795770    1.396263402   70.809951207   27.656227335    4.008761294
    1.999195325    1.396263402   74.847354304   13.997675270    1.191161532
    2.189594880    1.396263402   75.938635559   -2.905867733   -1.252669802
    2.379994435    1.396263402   73.673515973  -20.885259511   -3.585597818
    2.570393989    1.396263402   68.057814898  -37.702709074   -5.938841922
    2.760793544    1.396263402   59.556363682  -50.732952606   -8.198325681
    2.951193099    1.396263402   49.162456839  -57.205955888  -10.033540262

   -3.141592654    1.745329252   32.464039207  -57.241758309  -15.937308062
   -2.951193099    1.745329252   22.642668448  -44.846767011  -16.290814783
   -2.760793544    1.745329252   15.664653655  -28.260427880  -15.266514045
   -2.570393989    1.745329252   11.786285324  -13.215640168  -13.122770656
   -2.379994435    1.745329252   10.215527928   -4.615516926  -10.301154836
   -2.189594880    1.745329252    9.507099878   -4.069445968   -7.220207060
   -1.999195325    1.745329252    8.309443415   -9.019047318   -4.151011475
   -1.808795770    1.745329252    6.072380219  -13.957312339   -1.245854709
   -1.618396215    1.745329252    3.357639849  -13.257316826    1.360765201
   -1.427996661    1.745329252    1.567356864   -4.119932483    3.504950581
   -1.237597106    1.745329252    2.237676060   11.984025108    5.060032738
   -1.047197551    1.745329252    6.267935171   30.154945572    6.044094983
   -0.856797996    1.745329252   13.492045936   44.625083659    6.652289161
   -0.666398442    1.745329252   22.779273485   51.340043546    7.187454780
   -0.475998887    1.745329252   32.497602320   49.205012397    7.925915537
   -0.285599332    1.745329252   41.068991867   39.732036120    9.018028340
   -0.095199777    1.745329252   47.362367973   25.864127684   10.445633190
    0.095199777    1.745329252   50.869800825   11.053182158   12.004854763
    0.285599332    1.745329252   51.746182775   -1.204941813   13.323893002
    0.475998887    1.745329252   50.779841545   -7.887457475   13.937422140
    0.666398442    1.745329252   49.230417760   -7.208336392   13.441133973
    0.856797996    1.745329252   48.505559431    0.454130402   11.704475185
    1.047197551    1.745329252   49.703855614   12.389862939    8.976200108
    1.237597106    1.745329252   53.235251899   24.226436672    5.811554964
    1.427996661    1.745329252   58.656497755   31.654558862    2.823530788
    1.618396215    1.745329252   64.839701525   31.971963516    0.413108782
    1.808795770    1.745329252   70.351291847   24.710764253   -1.388435025
    1.999195325    1.745329252   73.853811481   11.180596088   -2.869971943
    2.189594880    1.745329252   74.356099638   -6.382924086   -4.455644256
    2.379994435    1.745329252   71.329086786  -25.425842881   -6.477620510
    2.570393989    1.745329252   64.760177320  -43.076132722   -9.006890876
    2.760793544    1.745329252   55.219222008  -56.087325936  -11.784958958
    2.951193099    1.745329252   43.900023158  -61.356681121  -14.292893855

   -3.141592654    2.094395102   26.061774177  -60.113708324  -16.542282723
   -2.951193099    2.094395102   15.942117028  -45.058796266  -16.768216150
   -2.760793544    2.094395102    9.182292173  -25.828680737  -15.534737793
   -2.570393989    2.094395102    5.972865653   -8.759928976  -13.058993892
   -2.379994435    2.094395102    5.374939284    1.005318894   -9.752517155
   -2.189594880    2.094395102    5.788062106    1.990127335   -6.017366633
   -1.999195325    2.094395102    5.746843433   -2.993952187   -2.130292050
   -1.808795770    2.094395102    4.627345048   -8.297665439    1.713214381
   -1.618396215    2.094395102    2.929568162   -8.295086224    5.284835681
   -1.427996661    2.094395102    1.993191284   -0.154880556    8.282556151
   -1.237597106    2.094395102    3.313598755   14.853684804   10.429688825
   -1.047197551    2.094395102    7.802170802   32.154191952   11.629968511
   -0.856797996    2.094395102   15.360035934   46.205213395   12.033669269
   -0.666398442    2.094395102   24.944997782   52.932943984   11.959630091
   -0.475998887    2.094395102   34.985817722   50.994083806   11.721566675
   -0.285599332    2.094395102   43.907991441   41.575689163   11.488781826
   -0.095199777    2.094395102   50.525571817   27.333410779   11.230960890
    0.095199777    2.094395102   54.230555444   11.547145888   10.744190929
    0.285599332    2.094395102   55.059050273   -2.294812812    9.733638623
    0.475998887    2.094395102   53.702736818  -10.928223423    7.943190038
    0.666398442    2.094395102   51.396158542  -12.034539291    5.306672288
    0.856797996    2.094395102   49.639402586   -5.366559441    2.079390656
    1.047197551    2.094395102   49.728897533    6.785174970   -1.194964143
    1.237597106    2.094395102   52.307009860   19.967999361   -3.886379798
    1.427996661    2.094395102   57.094099162   29.276287763   -5.570109191
    1.618396215    2.094395102   62.986554030   31.187850135   -6.222068080
    1.808795770    2.094395102   68.429161519   24.587795157   -6.223458324
    1.999195325    2.094395102   71.880071426   10.582622231   -6.173228968
    2.189594880    2.094395102   72.147998022   -8.352481994   -6.635305360
    2.379994435    2.094395102   68.581427488  -29.124815279   -7.933049225
    2.570393989    2.094395102   61.163023609  -48.188589813  -10.046136108
    2.760793544    2.094395102   50.582775640  -61.693557882  -12.604044900
    2.951193099    2.094395102   38.248016527  -66.192806590  -14.992199112

   -3.141592654    2.443460953   20.725629504  -62.034440019  -11.493838493
   -2.951193099    2.443460953   10.461077112  -44.616034845  -11.219146569
   -2.760793544    2.443460953    4.019291403  -22.985855783   -9.799722905
   -2.570393989    2.443460953    1.546420656   -3.971684915   -7.358956048
   -2.379994435    2.443460953    1.994579228    7.098729348   -4.159040353
   -2.189594880    2.443460953    3.648037408    8.847759556   -0.454735953
   -1.999195325    2.443460953    4.952905015    4.224162906    3.570631091
   -1.808795770    2.443460953    5.209790283   -1.141460844    7.735774941
   -1.618396215    2.443460953    4.823852046   -1.784417279   11.744982528
   -1.427996661    2.443460953    5.013045024    5.052798309   15.161674629
   -1.237597106    2.443460953    7.161411020   18.296031019   17.536724979
   -1.047197551    2.443460953   12.131872211   33.803471161   18.609978227
   -0.856797996    2.443460953   19.861910039   46.445160629   18.428367817
   -0.666398442    2.443460953   29.402599555   52.302875367   17.291642027
   -0.475998887    2.443460953   39.273845127   49.876639430   15.567214131
   -0.285599332    2.443460953   47.944210081   40.026897263   13.507125842
   -0.095199777    2.443460953   54.208175797   25.105539004   11.157323539
    0.095199777    2.443460953   57.393839868    8.251242020    8.396683669
    0.285599332    2.443460953   57.467378061   -6.958916686    5.068690596
    0.475998887    2.443460953   55.092620825  -16.919977841    1.154326294
    0.666398442    2.443460953   51.559392476  -18.781038586   -3.097392825
    0.856797996    2.443460953   48.525531121  -11.816751226   -7.137349862
    1.047197551    2.443460953   47.509823264    1.825628671  -10.279053713
    1.237597106    2.443460953   49.356546822   17.333487853  -11.978703648
    1.427996661    2.443460953   53.875809840   29.043522370  -12.096319943
    1.618396215    2.443460953   59.899513354   32.629071671  -10.968822482
    1.808795770    2.443460953   65.679953622   26.482441798   -9.268304180
    1.999195325    2.443460953   69.435010393   11.706075752   -7.730733796
    2.189594880    2.443460953   69.772468460   -8.832629351   -6.904634984
    2.379994435    2.443460953   65.937695325  -31.444542049   -7.020681247
    2.570393989    2.443460953   57.929225899  -51.948972055   -7.977881889
    2.760793544    2.443460953   46.565066401  -65.982867494   -9.400962570
    2.951193099    2.443460953   33.455844548  -69.837815769  -10.755476629

   -3.141592654    2.792526803   18.013383077  -62.238124640    0.809562068
   -2.951193099    2.792526803    7.847307476  -43.350512788    2.441475563
   -2.760793544    2.792526803    1.798157843  -20.150897022    4.282529767
   -2.570393989    2.792526803    0.000000000    0.225321638    6.261954899
   -2.379994435    2.792526803    1.350813470   12.325677371    8.392820249
   -2.189594880    2.792526803    4.074473211   14.820568150   10.792928846
   -1.999195325    2.792526803    6.569465931   10.711083130   13.594311752
   -1.808795770    2.792526803    8.086223700    5.531874760   16.773473374
   -1.618396215    2.792526803    8.945185197    4.499965836   20.017817486
   -1.427996661    2.792526803   10.232946271   10.172843486   22.752268424
   -1.237597106    2.792526803   13.186015166   21.533154657   24.350093642
   -1.047197551    2.792526803   18.561370862   34.801208970   24.416439095
   -0.856797996    2.792526803   26.273928425   45.313263768   22.958562843
   -0.666398442    2.792526803   35.429351858   49.460068600   20.333672818
   -0.475998887    2.792526803   44.631575356   45.746612093   17.027372695
   -0.285599332    2.792526803   52.410761330   34.804559389   13.413263630
   -0.095199777    2.792526803   57.574333485   18.751375642    9.624808488
    0.095199777    2.792526803   59.435249851    0.690804084    5.600997373
    0.285599332    2.792526803   57.965643596  -15.539075111    1.253017895
    0.475998887    2.792526803   53.909289888  -25.849887454   -3.338218095
    0.666398442    2.792526803   48.731059886  -26.901652875   -7.810826145
    0.856797996    2.792526803   44.332999396  -17.801293155  -11.557721966
    1.047197551    2.792526803   42.463543488   -1.030697345  -13.947201914
    1.237597106    2.792526803   44.087253526   17.815014694  -14.614103246
    1.427996661    2.792526803   48.966878037   32.173018600  -13.645836347
    1.618396215    2.792526803   55.736723187   37.101468579  -11.548001533
    1.808795770    2.792526803   62.382132750   30.883735885   -9.016554664
    1.999195325    2.792526803   66.879848295   14.978814592   -6.658784710
    2.189594880    2.792526803   67.688621155   -7.184850727   -4.803884772
    2.379994435    2.792526803   64.012241335  -31.382166807   -3.479016773
    2.570393989    2.792526803   55.897338938  -53.029858648   -2.498898112
    2.760793544    2.792526803   44.271768667  -67.523665005   -1.594351676
    2.951193099    2.792526803   30.887846383  -71.061898019   -0.534041490
