#! FIELDS phi psi file.free der_phi der_psi
#! SET min_phi -pi
#! SET max_phi pi
#! SET nbins_phi  33
#! SET periodic_phi true
#! SET min_psi -pi
#! SET max_psi pi
#! SET nbins_psi  18
#! SET periodic_psi true
   -3.141592654   -3.141592654   19.116882694  -56.148795917   15.928866743
   -2.951193099   -3.141592654   10.131441857  -37.381630504   18.537525582
   -2.760793544   -3.141592654    5.087782877  -15.757778732   20.269456968
   -2.570393989   -3.141592654    3.932685570    2.595104533   21.232670719
   -2.379994435   -3.141592654    5.595095342   13.412570786   21.818497540
   -2.189594880   -3.141592654    8.514761581   16.021600639   22.570176749
   -1.999195325   -3.141592654   11.351984943   13.239605121   23.942792421
   -1.808795770   -3.141592654   13.514940731    9.749405604   26.065414849
   -1.618396215   -3.141592654   15.295271805    9.775523653   28.615010356
   -1.427996661   -3.141592654   17.593080385   15.264203268   30.903127089
   -1.237597106   -3.141592654   21.402955199   25.258295627   32.137752853
   -1.047197551   -3.141592654   27.304847448   36.556022524   31.743739500
   -0.856797996   -3.141592654   35.165327069   45.155279566   29.568001991
   -0.666398442   -3.141592654   44.138794715   47.767978074   25.861024046
   -0.475998887   -3.141592654   52.893095420   42.728595890   21.096660938
   -0.285599332   -3.141592654   59.955750831   30.207682997   15.746204884
   -0.095199777   -3.141592654   64.047953599   11.966967579   10.132909308
    0.095199777   -3.141592654   64.367027611   -8.780134598    4.444003803
    0.285599332   -3.141592654   60.844915433  -27.537473945   -1.153111161
    0.475998887   -3.141592654   54.348968443  -39.206474064   -6.373535935
    0.666398442   -3.141592654   46.660117933  -39.515230214  -10.771252703
    0.856797996   -3.141592654   40.126771751  -27.226742614  -13.833276605
    1.047197551   -3.141592654   36.924678474   -5.387206316  -15.188388414
    1.237597106   -3.141592654   38.255250286   19.031034976  -14.802628369
    1.427996661   -3.141592654   43.816867214   37.787638740  -13.008466399
    1.618396215   -3.141592654   51.889415745   44.698455775  -10.353360333
    1.808795770   -3.141592654   59.954582673   37.783102943   -7.351887651
    1.999195325   -3.141592654   65.541880140   19.330275316   -4.304427879
    2.189594880   -3.141592654   66.897392080   -5.715032383   -1.250956382
    2.379994435   -3.141592654   63.312224482  -31.606332678    1.926560316
    2.570393989   -3.141592654   55.151014064  -52.961573974    5.343556842
    2.760793544   -3.141592654   43.709058774  -65.478011071    8.981565612
    2.951193099   -3.141592654   30.955712441  -66.545682720   12.627072179

   -3.141592654   -2.792526803   26.473372749  -50.747919822   23.967864484
   -2.951193099   -2.792526803   18.311666720  -34.200139561   26.585748484
   -2.760793544   -2.792526803   13.659377662  -14.763700231   27.910660399
   -2.570393989   -2.792526803   12.539146326    2.140397431   28.194309537
   -2.379994435   -2.792526803   14.072351844   12.728409594   28.008403929
   -2.189594880   -2.792526803   16.940100624   16.335530502   28.024879714
   -1.999195325   -2.792526803   19.995641657   15.278776830   28.720585578
   -1.808795770   -2.792526803   22.709373412   13.400465002   30.152081582
   -1.618396215   -2.792526803   25.265987106   14.058371786   31.889459316
   -1.427996661   -2.792526803   28.319132331   18.644019205   33.169077522
   -1.237597106   -2.792526803   32.560002566   26.186649221   33.187719835
   -1.047197551   -2.792526803   38.316728148   34.012522182   31.422586644
   -0.856797996   -2.792526803   45.340267018   38.960038106   27.817963044
   -0.666398442   -2.792526803   52.829650759   38.542666746   22.749342453
   -0.475998887   -2.792526803   59.623333072   31.577089948   16.827231660
   -0.285599332   -2.792526803   64.473475814   18.312979196   10.651564757
   -0.095199777   -2.792526803   66.310824494    0.325737234    4.640045776
    0.095199777   -2.792526803   64.497556433  -19.424768912   -0.966275193
    0.285599332   -2.792526803   59.091272703  -36.581276840   -5.994896071
    0.475998887   -2.792526803   51.070841673  -46.073507130  -10.210437214
    0.666398442   -2.792526803   42.324217350  -43.677770005  -13.279875550
    0.856797996   -2.792526803   35.280207702  -28.397235538  -14.875365164
    1.047197551   -2.792526803   32.128048573   -3.749974945  -14.846304482
    1.237597106   -2.792526803   33.985822431   22.800522676  -13.349666013
    1.427996661   -2.792526803   40.393812613   42.762754694  -10.801360046
    1.618396215   -2.792526803   49.461360043   50.080344313   -7.693504603
    1.808795770   -2.792526803   58.555820535   43.193661246   -4.375459845
    1.999195325   -2.792526803   65.179861288   24.856998099   -0.953774221
    2.189594880   -2.792526803   67.625710058    0.273388580    2.675317157
    2.379994435   -2.792526803   65.250361041  -24.865244285    6.672264460
    2.570393989   -2.792526803   58.445158434  -45.505363299   11.082870995
    2.760793544   -2.792526803   48.455438232  -57.809936466   15.731216576
    2.951193099   -2.792526803   37.115867255  -59.539476292   20.202617250

   -3.141592654   -2.443460953   34.749243849  -45.025175459   22.541635092
   -2.951193099   -2.443460953   27.472133416  -30.693376798   24.686475023
   -2.760793544   -2.443460953   23.272869767  -13.451544707   25.640412865
   -2.570393989   -2.443460953   22.242161444    1.923821826   25.635095328
   -2.379994435   -2.443460953   23.672284913   12.048366979   25.153261019
   -2.189594880   -2.443460953   26.448600811   16.187410755   24.726030993
   -1.999195325   -2.443460953   29.568812216   16.124238978   24.687216389
   -1.808795770   -2.443460953   32.518360500   14.913374669   25.016486418
   -1.618396215   -2.443460953   35.348714941   15.213780258   25.326107152
   -1.427996661   -2.443460953   38.481805648   18.114877969   25.020827824
   -1.237597106   -2.443460953   42.370479170   22.894136454   23.540745225
   -1.047197551   -2.443460953   47.198602839   27.573859189   20.601981547
   -0.856797996   -2.443460953   52.726409945   29.837832854   16.316336554
   -0.666398442   -2.443460953   58.306212228   27.830139367   11.131095366
   -0.475998887   -2.443460953   63.010194602   20.564240786    5.645347770
   -0.285599332   -2.443460953   65.820759264    8.050246349    0.396041775
   -0.095199777   -2.443460953   65.827879575   -8.562592194   -4.298801063
    0.095199777   -2.443460953   62.473381693  -26.698504927   -8.320556364
    0.285599332   -2.443460953   55.842226651  -42.151559152  -11.644214590
    0.475998887   -2.443460953   46.932356631  -49.803999907  -14.199694113
    0.666398442   -2.443460953   37.666587011  -45.357757762  -15.812142068
    0.856797996   -2.443460953   30.508604826  -27.895692894  -16.275090577
    1.047197551   -2.443460953   27.648153209   -1.231341225  -15.482500636
    1.237597106   -2.443460953   30.139392090   26.844223313  -13.546430812
    1.427996661   -2.443460953   37.410785775   47.684877979  -10.774163834
    1.618396215   -2.443460953   47.455651581   55.366122265   -7.539816795
    1.808795770   -2.443460953   57.574165074   48.659830188   -4.116390791
    1.999195325   -2.443460953   65.266348420   30.653656183   -0.603725618
    2.189594880   -2.443460953   68.871176095    6.695401550    3.054691675
    2.379994435   -2.443460953   67.796160291  -17.626340708    6.957249218
    2.570393989   -2.443460953   62.440590590  -37.576347079   11.110747563
    2.760793544   -2.443460953   53.987030425  -49.735327017   15.347676361
    2.951193099   -2.443460953   44.132301669  -52.185189493   19.307098250

   -3.141592654   -2.094395102   41.160430198  -40.974515903   14.077331646
   -2.951193099   -2.094395102   34.499161658  -28.309392319   15.335056091
   -2.760793544   -2.094395102   30.597455251  -12.661156429   15.892210031
   -2.570393989   -2.094395102   29.601223766    1.600782521   15.873366414
   -2.379994435   -2.094395102   30.917841214   11.289052389   15.502684927
   -2.189594880   -2.094395102   33.552846387   15.519161575   14.988725032
   -1.999195325   -2.094395102   36.565255832   15.634097950   14.405146431
   -1.808795770   -2.094395102   39.406827113   14.160105900   13.644696222
   -1.618396215   -2.094395102   42.006127765   13.399115615   12.461310139
   -1.427996661   -2.094395102   44.626384834   14.432866116   10.598324739
   -1.237597106   -2.094395102   47.597333932   16.922771410    7.920368765
   -1.047197551   -2.094395102   51.080331100   19.520501237    4.504720947
   -0.856797996   -2.094395102   54.938028592   20.533593235    0.640420001
   -0.666398442   -2.094395102   58.718987395   18.445859891   -3.270565866
   -0.475998887   -2.094395102   61.716470423   12.191970672   -6.850189825
   -0.285599332   -2.094395102   63.083797218    1.325787007   -9.859013212
   -0.095199777   -2.094395102   61.977888074  -13.551073877  -12.269399554
    0.095199777   -2.094395102   57.815233407  -30.259986668  -14.199710393
    0.285599332   -2.094395102   50.611571383  -44.643590422  -15.800139620
    0.475998887   -2.094395102   41.316467887  -51.337862841  -17.111317373
    0.666398442   -2.094395102   31.863922964  -45.726279732  -17.989913794
    0.856797996   -2.094395102   24.773994665  -26.749201332  -18.166590763
    1.047197551   -2.094395102   22.292046195    1.609444838  -17.384699711
    1.237597106   -2.094395102   25.474338984   31.208395836  -15.560917043
    1.427996661   -2.094395102   33.686432108   53.103497607  -12.843619548
    1.618396215   -2.094395102   44.819714909   61.294450492   -9.552547924
    1.808795770   -2.094395102   56.083876276   54.710629009   -6.033268212
    1.999195325   -2.094395102   64.928536668   36.701363955   -2.549596115
    2.189594880   -2.094395102   69.689320674   12.803433377    0.777117546
    2.379994435   -2.094395102   69.792048466  -11.365748183    3.929997149
    2.570393989   -2.094395102   65.640904343  -31.219016024    6.916930432
    2.760793544   -2.094395102   58.384516573  -43.598650491    9.699287707
    2.951193099   -2.094395102   49.636307141  -46.805834760   12.146973104

   -3.141592654   -1.745329252   44.227952932  -38.784418481    6.144313366
   -2.951193099   -1.745329252   37.904049309  -26.990311863    6.556950027
   -2.760793544   -1.745329252   34.162299455  -12.304474839    6.642762848
   -2.570393989   -1.745329252   33.146653745    1.060315019    6.426586247
   -2.379994435   -1.745329252   34.286934508    9.998195111    5.924748899
   -2.189594880   -1.745329252   36.611501228   13.544568414    5.106278558
   -1.999195325   -1.745329252   39.173981850   12.849142440    3.876421206
   -1.808795770   -1.745329252   41.385927667   10.283824478    2.111842503
   -1.618396215   -1.745329252   43.122618229    8.196201100   -0.265883555
   -1.427996661   -1.745329252   44.626232912    7.948412368   -3.204508673
   -1.237597106   -1.745329252   46.273496107    9.618754441   -6.489383181
   -1.047197551   -1.745329252   48.349444394   12.208087501   -9.776685920
   -0.856797996   -1.745329252   50.888351572   14.146259385  -12.685088260
   -0.666398442   -1.745329252   53.603854211   13.738619183  -14.911277523
   -0.475998887   -1.745329252   55.895428455    9.510668194  -16.315122225
   -0.285599332   -1.745329252   56.934878746    0.495570634  -16.945015166
   -0.095199777   -1.745329252   55.802392512  -13.121201047  -17.034798394
    0.095199777   -1.745329252   51.778656154  -29.359013860  -16.907806734
    0.285599332   -1.745329252   44.735987509  -43.933979786  -16.862907915
    0.475998887   -1.745329252   35.532694266  -51.074519263  -17.036606751
    0.666398442   -1.745329252   26.104624078  -45.649782701  -17.319486519
    0.856797996   -1.745329252   19.060783667  -26.220602133  -17.395551238
    1.047197551   -1.745329252   16.777315612    3.260490520  -16.876273749
    1.237597106   -1.745329252   20.413360853   34.337768576  -15.495650302
    1.427996661   -1.745329252   29.358519355   57.606559374  -13.234181268
    1.618396215   -1.745329252   41.443330629   66.676146031  -10.324710931
    1.808795770   -1.745329252   53.766546041   60.336226074   -7.133956669
    1.999195325   -1.745329252   63.663111719   42.048831208   -4.033356702
    2.189594880   -1.745329252   69.392167486   17.598539497   -1.277788598
    2.379994435   -1.745329252   70.352636816   -7.149251002    1.020751654
    2.570393989   -1.745329252   66.957493640  -27.477962473    2.863256653
    2.760793544   -1.745329252   60.374645919  -40.265219679    4.305209866
    2.951193099   -1.745329252   52.218512111  -43.945692553    5.392917204

   -3.141592654   -1.396263402   43.190357552  -39.362449156    3.262850276
   -2.951193099   -1.396263402   36.777209380  -27.344639292    2.903479661
   -2.760793544   -1.396263402   32.987392902  -12.489609471    2.324761331
   -2.570393989   -1.396263402   31.932279315    0.765697531    1.534930458
   -2.379994435   -1.396263402   32.972281272    9.154371554    0.457791107
   -2.189594880   -1.396263402   35.044249266   11.652626034   -1.070386421
   -1.999195325   -1.396263402   37.112243807    9.498243994   -3.237137388
   -1.808795770   -1.396263402   38.532725908    5.331536070   -6.136353409
   -1.618396215   -1.396263402   39.193108405    1.935682427   -9.652888313
   -1.427996661   -1.396263402   39.438054366    1.150945216  -13.422040349
   -1.237597106   -1.396263402   39.826455966    3.389614205  -16.912536414
   -1.047197551   -1.396263402   40.859890049    7.655987495  -19.597417632
   -0.856797996   -1.396263402   42.755847565   12.023265846  -21.123820104
   -0.666398442   -1.396263402   45.316782611   14.203375275  -21.407660703
   -0.475998887   -1.396263402   47.911794320   12.117698295  -20.624384170
   -0.285599332   -1.396263402   49.582434874    4.341473881  -19.122546666
   -0.095199777   -1.396263402   49.214168862   -9.120089397  -17.340582214
    0.095199777   -1.396263402   45.885371872  -26.208133090  -15.696945492
    0.285599332   -1.396263402   39.306496461  -42.280985466  -14.494381502
    0.475998887   -1.396263402   30.263401173  -51.000913618  -13.828796446
    0.666398442   -1.396263402   20.738448097  -46.605822372  -13.545999604
    0.856797996   -1.396263402   13.493888735  -27.188535497  -13.308633541
    1.047197551   -1.396263402   11.113322486    3.359992946  -12.731238601
    1.237597106   -1.396263402   14.930739578   36.196151784  -11.547073625
    1.427996661   -1.396263402   24.407159827   61.259186473   -9.709563679
    1.618396215   -1.396263402   37.315302561   71.524782042   -7.387939247
    1.808795770   -1.396263402   50.602587279   65.434770650   -4.870032295
    1.999195325   -1.396263402   61.419879858   46.483676821   -2.457487331
    2.189594880   -1.396263402   67.879439698   20.767524032   -0.374560774
    2.379994435   -1.396263402   69.306653300   -5.415092835    1.255666724
    2.570393989   -1.396263402   66.119318235  -26.971298570    2.398698923
    2.760793544   -1.396263402   59.549065212  -40.558562886    3.077528911
    2.951193099   -1.396263402   51.298874648  -44.565687875    3.344065747

   -3.141592654   -1.047197551   40.777364988  -42.336485031    4.212086036
   -2.951193099   -1.047197551   33.839284576  -29.821810207    3.046785565
   -2.760793544   -1.047197551   29.646262078  -14.249281413    1.520516535
   -2.570393989   -1.047197551   28.311064608   -0.490256038   -0.259804569
   -2.379994435   -1.047197551   29.113694062    7.788176860   -2.282277254
   -2.189594880   -1.047197551   30.853818510    9.410801244   -4.659352858
   -1.999195325   -1.047197551   32.364547173    5.835516360   -7.556498138
   -1.808795770   -1.047197551   32.947897127    0.264100164  -11.034482088
   -1.618396215   -1.047197551   32.560659901   -3.830077495  -14.892138166
   -1.427996661   -1.047197551   31.735158314   -4.103604204  -18.626845104
   -1.237597106   -1.047197551   31.275164809   -0.075390455  -21.569877577
   -1.047197551   -1.047197551   31.892396871    6.840430075  -23.142951959
   -0.856797996   -1.047197551   33.903667838   14.010506468  -23.088943017
   -0.666398442   -1.047197551   37.071377085   18.439601583  -21.558564819
   -0.475998887   -1.047197551   40.608828177   17.584125202  -19.024185793
   -0.285599332   -1.047197551   43.344339928    9.862649034  -16.087102004
   -0.095199777   -1.047197551   43.947886232   -4.585184176  -13.292980960
    0.095199777   -1.047197551   41.330192373  -23.352194051  -10.993715353
    0.285599332   -1.047197551   35.116290954  -41.289112700   -9.295019679
    0.475998887   -1.047197551   26.110684545  -51.491360575   -8.080167783
    0.666398442   -1.047197551   16.416333819  -47.737007156   -7.096687237
    0.856797996   -1.047197551    8.978624381  -27.934867423   -6.097597232
    1.047197551   -1.047197551    6.563578464    3.836532166   -4.940294042
    1.237597106   -1.047197551   10.621616558   38.245545209   -3.617901351
    1.427996661   -1.047197551   20.625980514   64.665393524   -2.211366975
    1.618396215   -1.047197551   34.263022853   75.638605152   -0.815102057
    1.808795770   -1.047197551   48.336890481   69.438208160    0.518999328
    1.999195325   -1.047197551   59.846542529   49.643322425    1.773570907
    2.189594880   -1.047197551   66.785738567   22.585289177    2.931781945
    2.379994435   -1.047197551   68.413010431   -5.141557174    3.937238120
    2.570393989   -1.047197551   65.134866223  -28.163759678    4.684331622
    2.760793544   -1.047197551   58.221943001  -42.890742620    5.039624941
    2.951193099   -1.047197551   49.459388389  -47.520401049    4.895152410

   -3.141592654   -0.698131701   40.871595158  -45.632160282    3.411117660
   -2.951193099   -0.698131701   33.239178389  -33.743565976    1.277083691
   -2.760793544   -0.698131701   28.273039834  -18.385288325   -1.230386345
   -2.570393989   -0.698131701   26.150270393   -4.613001854   -3.904517510
   -2.379994435   -0.698131701   26.164213485    3.584601341   -6.657112368
   -2.189594880   -0.698131701   27.070151546    4.788601663   -9.556677990
   -1.999195325   -0.698131701   27.636985510    0.523463826  -12.723918758
   -1.808795770   -0.698131701   27.151358353   -5.570589719  -16.136079702
   -1.618396215   -0.698131701   25.661260851   -9.398181261  -19.466045280
   -1.427996661   -0.698131701   23.896065734   -8.187985342  -22.103764330
   -1.237597106   -0.698131701   22.893468018   -1.537533387  -23.380633533
   -1.047197551   -0.698131701   23.529527127    8.517872044  -22.890076570
   -0.856797996   -0.698131701   26.137504248   18.473197192  -20.700707366
   -0.666398442   -0.698131701   30.338770842   24.612409351  -17.337416723
   -0.475998887   -0.698131701   35.106044622   24.097712716  -13.557849981
   -0.285599332   -0.698131701   39.015736285   15.511679617  -10.056895408
   -0.095199777   -0.698131701   40.551000328   -0.519193723   -7.233979727
    0.095199777   -0.698131701   38.543944089  -20.972993469   -5.110795071
    0.285599332   -0.698131701   32.654488117  -40.154626189   -3.401703746
    0.475998887   -0.698131701   23.805711017  -50.842906564   -1.707429875
    0.666398442   -0.698131701   14.249281475  -46.843120351    0.253013565
    0.856797996   -0.698131701    7.043909038  -26.372496748    2.462795012
    1.047197551   -0.698131701    4.994654698    6.068067412    4.614105437
    1.237597106   -0.698131701    9.518325761   40.827013148    6.294607501
    1.427996661   -0.698131701   20.016730771   67.206803130    7.228144272
    1.618396215   -0.698131701   34.112118941   77.881515610    7.423787185
    1.808795770   -0.698131701   48.578435708   71.316342360    7.145290795
    1.999195325   -0.698131701   60.413536945   51.188036950    6.744530277
    2.189594880   -0.698131701   67.614667549   23.779083712    6.470710656
    2.379994435   -0.698131701   69.424614666   -4.453115977    6.363920493
    2.570393989   -0.698131701   66.207925373  -28.257674597    6.259824457
    2.760793544   -0.698131701   59.180459488  -44.033939122    5.878790358
    2.951193099   -0.698131701   50.090497534  -49.817410042    4.968660831

   -3.141592654   -0.349065850   41.727987144  -49.725383726    2.122663349
   -2.951193099   -0.349065850   33.219895654  -38.755863820   -0.554762135
   -2.760793544   -0.349065850   27.250870271  -23.816211538   -3.532644862
   -2.570393989   -0.349065850   24.086784719  -10.074742410   -6.544648399
   -2.379994435   -0.349065850   23.066929436   -1.822243783   -9.452961830
   -2.189594880   -0.349065850   22.937745258   -0.703386047  -12.288786053
   -1.999195325   -0.349065850   22.445125177   -5.090087821  -15.129346923
   -1.808795770   -0.349065850   20.907814000  -10.881305593  -17.887098765
   -1.618396215   -0.349065850   18.509708028  -13.423308301  -20.164957453
   -1.427996661   -0.349065850   16.197235257   -9.715759910  -21.339135501
   -1.237597106   -0.349065850   15.213903666    0.269221865  -20.847103166
   -1.047197551   -0.349065850   16.514579743   13.592812758  -18.528050673
   -0.856797996   -0.349065850   20.321891374   25.751166028  -14.778332890
   -0.666398442   -0.349065850   25.987776863   32.423982241  -10.410475801
   -0.475998887   -0.349065850   32.161568584   30.821134350   -6.307892553
   -0.285599332   -0.349065850   37.163716840   20.170507754   -3.071448877
   -0.095199777   -0.349065850   39.378517225    2.028927575   -0.800633588
    0.095199777   -0.349065850   37.715320070  -19.721774754    0.878314832
    0.285599332   -0.349065850   32.040477327  -38.939455051    2.592266118
    0.475998887   -0.349065850   23.511853219  -48.559885133    4.881125111
    0.666398442   -0.349065850   14.530205609  -43.114063635    7.890083366
    0.856797996   -0.349065850    8.138323980  -21.737033451   11.233634267
    1.047197551   -0.349065850    6.970220910   10.460068709   14.151403509
    1.237597106   -0.349065850   12.214489218   43.844589754   15.890581522
    1.427996661   -0.349065850   23.108872820   68.327665893   16.078168518
    1.618396215   -0.349065850   37.252663422   77.369986020   14.883871440
    1.808795770   -0.349065850   51.526701452   69.960693377   12.887657768
    1.999195325   -0.349065850   63.089666625   49.801112783   10.775223254
    2.189594880   -0.349065850   70.062433552   22.797964190    9.028038763
    2.379994435   -0.349065850   71.721132968   -5.111948050    7.773068895
    2.570393989   -0.349065850   68.372257322  -29.091114632    6.809228836
    2.760793544   -0.349065850   61.120149800  -45.656778489    5.753142175
    2.951193099   -0.349065850   51.610163397  -52.657230913    4.249456616

   -3.141592654    0.000000000   42.388606257  -54.292122051    0.390320443
   -2.951193099    0.000000000   32.929899139  -44.064261744   -2.149296716
   -2.760793544    0.000000000   25.924907805  -29.279071529   -4.796839122
   -2.570393989    0.000000000   21.746355138  -15.206121275   -7.341850458
   -2.379994435    0.000000000   19.796345564   -6.457340646   -9.695216278
   -2.189594880    0.000000000   18.825649303   -4.922121192  -11.898254029
   -1.999195325    0.000000000   17.568043684   -8.876730992  -13.984144796
   -1.808795770    0.000000000   15.381691486  -13.793241782  -15.794691967
   -1.618396215    0.000000000   12.580432337  -14.576453520  -16.900174285
   -1.427996661    0.000000000   10.290701100   -8.197142144  -16.753761433
   -1.237597106    0.000000000    9.884599616    4.794275819  -15.000327391
   -1.047197551    0.000000000   12.290956941   20.489774917  -11.759681345
   -0.856797996    0.000000000   17.524586350   33.548117283   -7.666879946
   -0.666398442    0.000000000   24.623003246   39.411339233   -3.612792488
   -0.475998887    0.000000000   31.946833755   35.770230027   -0.345592042
   -0.285599332    0.000000000   37.669605382   22.833766677    1.842977900
   -0.095199777    0.000000000   40.228563399    3.178487525    3.238153081
    0.095199777    0.000000000   38.751838055  -18.652125697    4.538563064
    0.285599332    0.000000000   33.391632598  -36.505576827    6.523697781
    0.475998887    0.000000000   25.524958455  -44.006348882    9.655315923
    0.666398442    0.000000000   17.591293319  -36.836142572   13.788160737
    0.856797996    0.000000000   12.451479519  -15.186919970   18.138429050
    1.047197551    0.000000000   12.409546563   15.429357680   21.584885226
    1.237597106    0.000000000   18.332757262   45.856705045   23.179583349
    1.427996661    0.000000000   29.295991153   67.099077215   22.570214647
    1.618396215    0.000000000   42.956341513   73.733872314   20.117604265
    1.808795770    0.000000000   56.420528043   65.347304346   16.660563607
    1.999195325    0.000000000   67.119490432   45.520417684   13.114069817
    2.189594880    0.000000000   73.369770358   19.539917721   10.103321690
    2.379994435    0.000000000   74.505410145   -7.412310881    7.814253204
    2.570393989    0.000000000   70.762515914  -31.062737105    6.055131639
    2.760793544    0.000000000   63.102915778  -48.089665419    4.437722549
    2.951193099    0.000000000   53.038106136  -56.113056009    2.606680763

   -3.141592654    0.349065850   43.538554381  -57.702704887    0.031225855
   -2.951193099    0.349065850   33.366130831  -48.076191725   -1.538939536
   -2.760793544    0.349065850   25.567056748  -33.526363050   -3.102513811
   -2.570393989    0.349065850   20.586666688  -19.326429029   -4.597515804
   -2.379994435    0.349065850   17.879874715  -10.265085043   -6.022923619
   -2.189594880    0.349065850   16.218658603   -8.348776413   -7.422408743
   -1.999195325    0.349065850   14.358400471  -11.723253756   -8.778242736
   -1.808795770    0.349065850   11.724775334  -15.525325313   -9.897450696
   -1.618396215    0.349065850    8.760846538  -14.423930706  -10.396859508
   -1.427996661    0.349065850    6.728916836   -5.588832107   -9.873344404
   -1.237597106    0.349065850    7.050103706    9.728002117   -8.159487260
   -1.047197551    0.349065850   10.543989370   26.743336936   -5.502791130
   -0.856797996    0.349065850   16.973859858   39.597136541   -2.510494847
   -0.666398442    0.349065850   25.092676415   43.915113886    0.144494803
   -0.475998887    0.349065850   33.077524254   38.200664430    2.068444987
   -0.285599332    0.349065850   39.101602051   23.737624887    3.339694292
   -0.095199777    0.349065850   41.791929687    3.921813009    4.496996398
    0.095199777    0.349065850   40.571682668  -16.448882029    6.278914283
    0.285599332    0.349065850   35.868671648  -31.690459392    9.273237115
    0.475998887    0.349065850   29.184536723  -36.499403709   13.579675237
    0.666398442    0.349065850   22.848974563  -27.870128132   18.650058026
    0.856797996    0.349065850   19.387396796   -6.946148060   23.404545147
    1.047197551    0.349065850   20.663014467   20.690039059   26.626817664
    1.237597106    0.349065850   27.185059910   46.776672625   27.474621619
    1.427996661    0.349065850   37.903564351   63.754518022   25.817860663
    1.618396215    0.349065850   50.621587725   67.482988369   22.243552715
    1.808795770    0.349065850   62.771344395   58.122248326   17.742148162
    1.999195325    0.349065850   72.139322550   38.989510011   13.297248073
    2.189594880    0.349065850   77.290139393   14.591301969    9.553901464
    2.379994435    0.349065850   77.641349236  -10.761768041    6.718004130
    2.570393989    0.349065850   73.367673979  -33.422887191    4.646521939
    2.760793544    0.349065850   65.287506799  -50.278524115    3.021913062
    2.951193099    0.349065850   54.767614244  -58.783211861    1.542253542

   -3.141592654    0.698131701   45.094601737  -58.355037176   -0.826336385
   -2.951193099    0.698131701   34.752455077  -49.215603992   -1.126984030
   -2.760793544    0.698131701   26.679696138  -35.247810377   -1.268557002
   -2.570393989    0.698131701   21.319567296  -21.567609938   -1.396696832
   -2.379994435    0.698131701   18.147824832  -12.868256935   -1.644763103
   -2.189594880    0.698131701   15.974078941  -11.074867217   -2.089175765
   -1.999195325    0.698131701   13.611309946  -14.201464205   -2.699826282
   -1.808795770    0.698131701   10.569221219  -17.245179249   -3.320400650
   -1.618396215    0.698131701    7.391963460  -14.873605293   -3.704636000
   -1.427996661    0.698131701    5.418286249   -4.524414229   -3.632904006
   -1.237597106    0.698131701    6.070285479   12.047196581   -3.036272268
   -1.047197551    0.698131701   10.069729498   29.576869786   -2.049281661
   -0.856797996    0.698131701   17.017056408   42.065747133   -0.933129515
   -0.666398442    0.698131701   25.523148509   45.484713824    0.114549597
   -0.475998887    0.698131701   33.727605997   39.023676629    1.127607791
   -0.285599332    0.698131701   39.901796385   24.682883543    2.412499391
   -0.095199777    0.698131701   42.881241171    6.222370692    4.459978804
    0.095199777    0.698131701   42.316862476  -11.726823813    7.705334271
    0.285599332    0.698131701   38.777666616  -24.218340487   12.274811882
    0.475998887    0.698131701   33.727395421  -27.031013721   17.786677249
    0.666398442    0.698131701   29.249440140  -18.191329261   23.341168699
    0.856797996    0.698131701   27.471608223    0.676512188   27.750918259
    1.047197551    0.698131701   29.846124510   24.363559910   29.958670966
    1.237597106    0.698131701   36.618607597   45.723033598   29.457885877
    1.427996661    0.698131701   46.722203350   58.558350927   26.478299064
    1.618396215    0.698131701   58.180188629   59.763002137   21.847189631
    1.808795770    0.698131701   68.775451423   49.832003065   16.614834116
    1.999195325    0.698131701   76.642520306   31.725239162   11.686037745
    2.189594880    0.698131701   80.583738159    9.224579465    7.590200797
    2.379994435    0.698131701   80.108792131  -14.105870459    4.478873406
    2.570393989    0.698131701   75.361225827  -35.155248440    2.259210126
    2.760793544    0.698131701   67.053388435  -51.050232928    0.743411440
    2.951193099    0.698131701   56.424726120  -59.243556526   -0.241256732

   -3.141592654    1.047197551   43.575488186  -58.834976708   -5.278308248
   -2.951193099    1.047197551   33.231516595  -48.782267870   -4.656376786
   -2.760793544    1.047197551   25.299326267  -34.266615769   -3.617522534
   -2.570393989    1.047197551   20.143660677  -20.466887051   -2.495258791
   -2.379994435    1.047197551   17.162497764  -12.009572987   -1.584793399
   -2.189594880    1.047197551   15.112440839  -10.641658296   -1.050151362
   -1.999195325    1.047197551   12.792430785  -14.164889067   -0.897406692
   -1.808795770    1.047197551    9.733659737  -17.420958780   -1.021143888
   -1.618396215    1.047197551    6.520088896  -15.052440510   -1.280272120
   -1.427996661    1.047197551    4.522334091   -4.596461554   -1.563277056
   -1.237597106    1.047197551    5.169303259   12.044758799   -1.798523007
   -1.047197551    1.047197551    9.168048538   29.546719459   -1.917736494
   -0.856797996    1.047197551   16.107648307   42.034309045   -1.808809829
   -0.666398442    1.047197551   24.629879422   45.769615772   -1.275570425
   -0.475998887    1.047197551   32.967766066   40.265217286   -0.052353583
   -0.285599332    1.047197551   39.534669778   27.703112748    2.133080050
   -0.095199777    1.047197551   43.314983252   11.692652983    5.474536042
    0.095199777    1.047197551   44.043179672   -3.657022392    9.951337690
    0.285599332    1.047197551   42.241386820  -14.227655496   15.224523782
    0.475998887    1.047197551   39.159990958  -16.658111275   20.592696593
    0.666398442    1.047197551   36.531039645   -9.497429797   25.099083883
    0.856797996    1.047197551   36.091945503    5.776094407   27.802086106
    1.047197551    1.047197551   39.002689203   24.818511829   28.104397179
    1.237597106    1.047197551   45.425095733   41.725599975   25.984536043
    1.427996661    1.047197551   54.437206756   51.364530120   21.985488449
    1.618396215    1.047197551   64.358490568   51.098609751   16.971258223
    1.808795770    1.047197551   73.289516088   41.226478558   11.788707961
    1.999195325    1.047197551   79.603133113   24.110089497    7.039397425
    2.189594880    1.047197551   82.218929010    2.928109534    3.010112765
    2.379994435    1.047197551   80.669212513  -19.119346242   -0.230427610
    2.570393989    1.047197551   75.079221084  -39.005448948   -2.689890476
    2.760793544    1.047197551   66.144375846  -53.781063415   -4.363682897
    2.951193099    1.047197551   55.102847874  -60.832174634   -5.222916013

   -3.141592654    1.396263402   38.768616939  -58.797454719  -11.465182873
   -2.951193099    1.396263402   28.630365751  -46.718943541  -10.672642421
   -2.760793544    1.396263402   21.235219505  -30.825502051   -9.120991193
   -2.570393989    1.396263402   16.794879681  -16.547003149   -7.191746088
   -2.379994435    1.396263402   14.537413466   -8.442816019   -5.258323105
   -2.189594880    1.396263402   13.087452487   -7.961491918   -3.563689207
   -1.999195325    1.396263402   11.175667897  -12.569031091   -2.197277231
   -1.808795770    1.396263402    8.318720575  -16.885016882   -1.168149200
   -1.618396215    1.396263402    5.115800137  -15.456691017   -0.486221308
   -1.427996661    1.396263402    2.967305515   -5.740461770   -0.173364494
   -1.237597106    1.396263402    3.353203685   10.514765428   -0.185588455
   -1.047197551    1.396263402    7.069704047   28.213920037   -0.328622803
   -0.856797996    1.396263402   13.835555072   41.672521436   -0.257210308
   -0.666398442    1.396263402   22.446249305   47.181224696    0.433981583
   -0.475998887    1.396263402   31.273408795   44.063601633    2.068060335
   -0.285599332    1.396263402   38.812081279   34.108190135    4.780061627
   -0.095199777    1.396263402   44.038215050   20.363345775    8.478235778
    0.095199777    1.396263402   46.561644944    6.316253723   12.818138112
    0.285599332    1.396263402   46.665223680   -4.475992941   17.216290092
    0.475998887    1.396263402   45.277884708   -8.913038355   20.914660070
    0.666398442    1.396263402   43.805655996   -5.294543646   23.146805297
    0.856797996    1.396263402   43.761085058    5.681989302   23.396759877
    1.047197551    1.396263402   46.261484376   20.740556232   21.599091099
    1.237597106    1.396263402   51.619728374   34.871207637   18.170576507
    1.427996661    1.396263402   59.185216442   43.269610995   13.823824773
    1.618396215    1.396263402   67.551747154   43.014201781    9.273363238
    1.808795770    1.396263402   74.999079291   33.771400330    4.990826459
    1.999195325    1.396263402   79.960105047   17.327334013    1.152292999
    2.189594880    1.396263402   81.332955144   -3.378440680   -2.269042505
    2.379994435    1.396263402   78.619345712  -25.020520851   -5.328087608
    2.570393989    1.396263402   71.962077134  -44.237189314   -7.977212682
    2.760793544    1.396263402   62.137396715  -57.778745097  -10.035687776
    2.951193099    1.396263402   50.500398579  -62.980181809  -11.257424111

   -3.141592654    1.745329252   32.278008253  -58.641068282  -17.008753309
   -2.951193099    1.745329252   22.399193957  -44.220622798  -16.433165760
   -2.760793544    1.745329252   15.651407776  -26.683421825  -14.770365816
   -2.570393989    1.745329252   12.076335243  -11.775507455  -12.342301093
   -2.379994435    1.745329252   10.711050988   -3.972632266   -9.521283899
   -2.189594880    1.745329252   10.035051967   -4.364120773   -6.592489454
   -1.999195325    1.745329252    8.706207290  -10.061429690   -3.718432163
   -1.808795770    1.745329252    6.220061619  -15.501349637   -1.012276227
   -1.618396215    1.745329252    3.176513915  -15.159512411    1.375456039
   -1.427996661    1.745329252    0.995676497   -6.329127070    3.260040447
   -1.237597106    1.745329252    1.225356053    9.574798682    4.537250824
   -1.047197551    1.745329252    4.799998457   27.820912962    5.307662346
   -0.856797996    1.745329252   11.624302182   42.827579803    5.889298649
   -0.666398442    1.745329252   20.662625314   50.583875448    6.694528434
   -0.475998887    1.745329252   30.365716980   49.817223599    8.041540523
   -0.285599332    1.745329252   39.185068813   41.669079170   10.018862808
   -0.095199777    1.745329252   45.941863794   28.670454051   12.451463998
    0.095199777    1.745329252   50.011536264   14.006143340   14.926073542
    0.285599332    1.745329252   51.406409434    1.166945533   16.877247891
    0.475998887    1.745329252   50.802187170   -6.490312686   17.722938046
    0.666398442    1.745329252   49.436101748   -6.610703810   17.049103444
    0.856797996    1.745329252   48.807294188    1.012292346   14.810505642
    1.047197551    1.745329252   50.190849739   13.929340728   11.385769955
    1.237597106    1.745329252   54.172472025   27.465542709    7.441055717
    1.427996661    1.745329252   60.374607723   36.498290270    3.643099131
    1.618396215    1.745329252   67.557506646   37.357271842    0.389624479
    1.808795770    1.745329252   74.016761635   28.960735809   -2.304047495
    1.999195325    1.745329252   78.092284890   12.725811759   -4.694537115
    2.189594880    1.745329252   78.564482474   -8.289123333   -7.094625414
    2.379994435    1.745329252   74.876359198  -30.302863511   -9.662018556
    2.570393989    1.745329252   67.212424202  -49.401903257  -12.300268525
    2.760793544    1.745329252   56.482410444  -61.952294234  -14.682120746
    2.951193099    1.745329252   44.217189017  -65.257957424  -16.374310808

   -3.141592654    2.094395102   25.255035881  -59.516700781  -18.289271207
   -2.951193099    2.094395102   15.423650032  -42.866634014  -17.624840464
   -2.760793544    2.094395102    9.127796196  -23.382077866  -15.795553949
   -2.570393989    2.094395102    6.320290430   -7.130584399  -13.070751266
   -2.379994435    2.094395102    5.916102886    1.381044540   -9.788570362
   -2.189594880    2.094395102    6.289158973    1.240088417   -6.211363355
   -1.999195325    2.094395102    6.027732488   -4.498895203   -2.490172598
   -1.808795770    2.094395102    4.576313991  -10.250477935    1.247200796
   -1.618396215    2.094395102    2.477212391  -10.553974777    4.786958901
   -1.427996661    2.094395102    1.088887556   -2.646295541    7.826121047
   -1.237597106    2.094395102    1.929632718   12.336005428   10.105422879
   -1.047197551    2.094395102    5.971332951   30.049493404   11.570306034
   -0.856797996    2.094395102   13.217845213   45.129117985   12.418313869
   -0.666398442    2.094395102   22.743108915   53.442460791   12.979958400
   -0.475998887    2.094395102   33.053977294   53.304275289   13.518968014
   -0.285599332    2.094395102   42.567746621   45.367311795   14.088129711
   -0.095199777    2.094395102   49.987193927   31.774054327   14.502195050
    0.095199777    2.094395102   54.514928606   15.548307337   14.405574241
    0.285599332    2.094395102   55.985109262    0.297822493   13.402654014
    0.475998887    2.094395102   54.948741002  -10.184183364   11.218682972
    0.666398442    2.094395102   52.628470990  -12.812946332    7.854079021
    0.856797996    2.094395102   50.658687415   -6.626396929    3.691309017
    1.047197551    2.094395102   50.569775841    6.365920258   -0.585578234
    1.237597106    2.094395102   53.230460072   21.328190127   -4.240755317
    1.427996661    2.094395102   58.456269522   32.407213660   -6.801005041
    1.618396215    2.094395102   65.037251711   35.008004239   -8.247535968
    1.808795770    2.094395102   71.140613356   27.389141018   -8.983941257
    1.999195325    2.094395102   74.903032437   10.851055828   -9.600703388
    2.189594880    2.094395102   74.928171085  -11.171447698  -10.594251257
    2.379994435    2.094395102   70.582629650  -34.278027419  -12.167062217
    2.570393989    2.094395102   62.095023965  -53.944608772  -14.178105413
    2.760793544    2.094395102   50.516065415  -66.152986018  -16.212326921
    2.951193099    2.094395102   37.560902103  -68.147881728  -17.738089945

   -3.141592654    2.443460953   19.326727071  -59.837369608  -12.878698682
   -2.951193099    2.443460953    9.620434705  -41.239045790  -11.984544089
   -2.760793544    2.443460953    3.812311653  -19.953820884  -10.204948027
   -2.570393989    2.443460953    1.797526065   -2.315836030   -7.681936120
   -2.379994435    2.443460953    2.407499361    7.153893844   -4.595558773
   -2.189594880    2.443460953    3.947680005    7.687366661   -1.063999926
   -1.999195325    2.443460953    4.962304439    2.416452359    2.858010461
   -1.808795770    2.443460953    4.848998572   -3.186323475    7.071290981
   -1.618396215    2.443460953    4.067992151   -3.883044911   11.310871408
   -1.427996661    2.443460953    3.862186384    3.002813308   15.139269361
   -1.237597106    2.443460953    5.644926509   16.537430165   18.090851133
   -1.047197551    2.443460953   10.345408085   32.798089292   19.873778363
   -0.856797996    2.443460953   18.002968853   46.765900608   20.481345716
   -0.666398442    2.443460953   27.767613167   54.365915622   20.125594926
   -0.475998887    2.443460953   38.201689683   53.664837529   19.061908472
   -0.285599332    2.443460953   47.715983294   44.945413261   17.427498586
   -0.095199777    2.443460953   54.942442407   30.069929882   15.181825366
    0.095199777    2.443460953   58.979621209   12.014996015   12.167434465
    0.285599332    2.443460953   59.574794262   -5.379727216    8.254548125
    0.475998887    2.443460953   57.262825304  -17.829890832    3.508365922
    0.666398442    2.443460953   53.359082400  -21.604456368   -1.703886007
    0.856797996    2.443460953   49.708654032  -15.223089733   -6.712951934
    1.047197551    2.443460953   48.116879331   -0.592256792  -10.743590487
    1.237597106    2.443460953   49.692841141   16.995598665  -13.210832659
    1.427996661    2.443460953   54.359942549   30.815164358  -13.974467125
    1.618396215    2.443460953   60.842631496   35.387883310  -13.394503524
    1.808795770    2.443460953   67.105268660   28.465443631  -12.162449427
    1.999195325    2.443460953   71.038162722   11.397043023  -11.006862530
    2.189594880    2.443460953   71.051884599  -11.899673038  -10.431971739
    2.379994435    2.443460953   66.433286805  -36.371970669  -10.594936469
    2.570393989    2.443460953   57.453019497  -56.897478759  -11.328256961
    2.760793544    2.443460953   45.297776198  -69.091032625  -12.246459722
    2.951193099    2.443460953   31.859953960  -70.132391111  -12.893355526

   -3.141592654    2.792526803   16.245828753  -59.339186453    1.095521000
   -2.951193099    2.792526803    6.742491072  -39.597131508    2.985579842
   -2.760793544    2.792526803    1.364029731  -17.101665246    4.853236702
   -2.570393989    2.792526803    0.000000000    1.636443291    6.663383752
   -2.379994435    2.792526803    1.455736517   12.061241448    8.529554368
   -2.189594880    2.792526803    4.014651913   13.468167037   10.701733209
   -1.999195325    2.792526803    6.208287287    8.997655292   13.434218973
   -1.808795770    2.792526803    7.408023110    3.959010859   16.786852480
   -1.618396215    2.792526803    8.001075710    3.287753033   20.476616340
   -1.427996661    2.792526803    9.101879144    9.416960690   23.907100252
   -1.237597106    2.792526803   11.970568338   21.417501271   26.383336709
   -1.047197551    2.792526803   17.411828247   35.651665622   27.398985709
   -0.856797996    2.792526803   25.407591081   47.468777372   26.818886017
   -0.666398442    2.792526803   35.110275781   53.031899141   24.846462163
   -0.475998887    2.792526803   45.106735836   50.409623901   21.840613433
   -0.285599332    2.792526803   53.817357696   39.742293811   18.113426531
   -0.095199777    2.792526803   59.859062985   22.814832984   13.824500410
    0.095199777    2.792526803   62.320818080    2.757547293    9.017016652
    0.285599332    2.792526803   60.996116681  -16.162324553    3.751227437
    0.475998887    2.792526803   56.564827229  -29.091854919   -1.745241876
    0.666398442    2.792526803   50.588175689  -31.835967507   -7.009826901
    0.856797996    2.792526803   45.211814654  -22.873007003  -11.401066610
    1.047197551    2.792526803   42.497626675   -4.610801324  -14.312715476
    1.237597106    2.792526803   43.671662860   16.739608383  -15.429688697
    1.427996661    2.792526803   48.587958675   33.492426386  -14.871803578
    1.618396215    2.792526803   55.747658357   39.574480842  -13.137305007
    1.808795770    2.792526803   62.831469341   32.693515457  -10.878618053
    1.999195325    2.792526803   67.485403363   14.625693905   -8.648546412
    2.189594880    2.792526803   67.978893955  -10.103656565   -6.736318720
    2.379994435    2.792526803   63.569944657  -35.908112221   -5.157203483
    2.570393989    2.792526803   54.585168595  -57.313600408   -3.750091502
    2.760793544    2.792526803   42.314919682  -69.780334273   -2.308871885
    2.951193099    2.792526803   28.770008700  -70.480910854   -0.698784726
