#! FIELDS phi psi file.free der_phi der_psi
#! SET min_phi -pi
#! SET max_phi pi
#! SET nbins_phi  33
#! SET periodic_phi true
#! SET min_psi -pi
#! SET max_psi pi
#! SET nbins_psi  18
#! SET periodic_psi true
   -3.141592654   -3.141592654   20.126945264  -40.879443533    8.619384550
   -2.951193099   -3.141592654   13.048526003  -32.326377591   11.357059872
   -2.760793544   -3.141592654    8.173671290  -18.334929875   13.837488451
   -2.570393989   -3.141592654    6.119828991   -3.533556171   15.820188416
   -2.379994435   -3.141592654    6.577888778    7.409098935   17.284242323
   -2.189594880   -3.141592654    8.540313039   12.153020861   18.419322218
   -1.999195325   -3.141592654   10.866935151   11.641703049   19.467480644
   -1.808795770   -3.141592654   12.848427590    9.168411701   20.509947741
   -1.618396215   -3.141592654   14.463230711    8.294372298   21.341267659
   -1.427996661   -3.141592654   16.235535487   10.944487273   21.528756494
   -1.237597106   -3.141592654   18.826723055   16.633622487   20.636480080
   -1.047197551   -3.141592654   22.614556298   23.045521474   18.481745211
   -0.856797996   -3.141592654   27.471612545   27.387849824   15.262387474
   -0.666398442   -3.141592654   32.802619350   27.777328573   11.475039449
   -0.475998887   -3.141592654   37.790544711   23.858672422    7.689744557
   -0.285599332   -3.141592654   41.688898248   16.606254981    4.302043045
   -0.095199777   -3.141592654   44.018843690    7.721045461    1.412474660
    0.095199777   -3.141592654   44.648777232   -0.964487555   -1.129500057
    0.285599332   -3.141592654   43.779649167   -7.749325777   -3.543838675
    0.475998887   -3.141592654   41.910329880  -11.299265779   -5.919006974
    0.666398442   -3.141592654   39.743081192  -10.813323414   -8.090791794
    0.856797996   -3.141592654   38.048559104   -6.491769598   -9.687848779
    1.047197551   -3.141592654   37.440052989    0.309464872  -10.322582382
    1.237597106   -3.141592654   38.182907377    7.299420170   -9.825142156
    1.427996661   -3.141592654   40.085991793   12.189081614   -8.355700886
    1.618396215   -3.141592654   42.594860754   13.524023648   -6.335483754
    1.808795770   -3.141592654   44.987905914   11.008172317   -4.242490226
    1.999195325   -3.141592654   46.572478945    5.145816700   -2.403031992
    2.189594880   -3.141592654   46.777444414   -3.379206746   -0.889526807
    2.379994435   -3.141592654   45.156523423  -13.906401685    0.453698457
    2.570393989   -3.141592654   41.419760225  -25.352325437    1.899883921
    2.760793544   -3.141592654   35.571760723  -35.638741065    3.702559913
    2.951193099   -3.141592654   28.114798486  -41.732956286    5.974273943

   -3.141592654   -2.792526803   24.024812884  -35.054804026   13.415929430
   -2.951193099   -2.792526803   18.005877554  -27.184484920   16.915472398
   -2.760793544   -2.792526803   13.984446788  -14.599856521   19.647442578
   -2.570393989   -2.792526803   12.485810007   -1.418796110   21.316122619
   -2.379994435   -2.792526803   13.219238570    8.292348633   22.002574718
   -2.189594880   -2.792526803   15.289661943   12.529110144   22.090079189
   -1.999195325   -2.792526803   17.690305809   12.108401839   22.010062046
   -1.808795770   -2.792526803   19.781404559    9.816222050   21.971139270
   -1.618396215   -2.792526803   21.501495485    8.632745052   21.837471349
   -1.427996661   -2.792526803   23.245523891   10.174588407   21.224003059
   -1.237597106   -2.792526803   25.529093111   14.101400111   19.742311632
   -1.047197551   -2.792526803   28.650775111   18.614036435   17.244508291
   -0.856797996   -2.792526803   32.516164437   21.524767927   13.923258997
   -0.666398442   -2.792526803   36.658673383   21.317104858   10.216563332
   -0.475998887   -2.792526803   40.423887676   17.596799156    6.595682272
   -0.285599332   -2.792526803   43.186403422   10.980448931    3.344981134
   -0.095199777   -2.792526803   44.507594098    2.723517438    0.472400580
    0.095199777   -2.792526803   44.224581844   -5.599277192   -2.219862588
    0.285599332   -2.792526803   42.489153551  -12.218909109   -4.936560132
    0.475998887   -2.792526803   39.792753681  -15.449867940   -7.687507784
    0.666398442   -2.792526803   36.905731622  -14.102710859  -10.183085421
    0.856797996   -2.792526803   34.721049202   -8.230427755  -11.929366447
    1.047197551   -2.792526803   33.966240287    0.554613090  -12.470151711
    1.237597106   -2.792526803   34.940794158    9.427339909  -11.653752367
    1.427996661   -2.792526803   37.381212779   15.571247132   -9.728916250
    1.618396215   -2.792526803   40.585679459   17.307968030   -7.227011796
    1.808795770   -2.792526803   43.680809520   14.516166027   -4.698633787
    1.999195325   -2.792526803   45.884179411    8.137589295   -2.471920213
    2.189594880   -2.792526803   46.624480174   -0.679223134   -0.552404016
    2.379994435   -2.792526803   45.530201152  -10.978210228    1.320220390
    2.570393989   -2.792526803   42.417100322  -21.654741486    3.511084165
    2.760793544   -2.792526803   37.372354951  -30.891044863    6.296318429
    2.951193099   -2.792526803   30.909367003  -36.118759741    9.697661772

   -3.141592654   -2.443460953   29.068029307  -27.950831778   14.104685842
   -2.951193099   -2.443460953   24.308336747  -21.271424014   17.423928265
   -2.760793544   -2.443460953   21.220771106  -10.811674041   19.745160469
   -2.570393989   -2.443460953   20.215441837    0.003689039   20.788643051
   -2.379994435   -2.443460953   21.031064192    7.868930943   20.688876545
   -2.189594880   -2.443460953   22.917343028   11.174058208   19.888424865
   -1.999195325   -2.443460953   25.035173515   10.580596806   18.867468036
   -1.808795770   -2.443460953   26.840956722    8.330637679   17.889927121
   -1.618396215   -2.443460953   28.258215882    6.847775677   16.914540274
   -1.427996661   -2.443460953   29.587821199    7.515889285   15.697068529
   -1.237597106   -2.443460953   31.248175750   10.188320577   13.993845982
   -1.047197551   -2.443460953   33.507508912   13.528829863   11.733819958
   -0.856797996   -2.443460953   36.332033312   15.792830575    9.067847694
   -0.666398442   -2.443460953   39.375444876   15.628810993    6.279513845
   -0.475998887   -2.443460953   42.102958257   12.454976403    3.630133721
   -0.285599332   -2.443460953   43.948926514    6.484624534    1.211585045
   -0.095199777   -2.443460953   44.454642298   -1.411279770   -1.094363926
    0.095199777   -2.443460953   43.383913583   -9.793441964   -3.525470223
    0.285599332   -2.443460953   40.823912390  -16.680321264   -6.247572477
    0.475998887   -2.443460953   37.269980849  -19.895660214   -9.172245985
    0.666398442   -2.443460953   33.594741621  -17.774344169  -11.878846691
    0.856797996   -2.443460953   30.857223005  -10.213883293  -13.750738667
    1.047197551   -2.443460953   29.935861597    0.840984986  -14.254591622
    1.237597106   -2.443460953   31.180248372   11.904535581  -13.228829502
    1.427996661   -2.443460953   34.247280732   19.516598262  -10.974421356
    1.618396215   -2.443460953   38.264119025   21.732318715   -8.103877884
    1.808795770   -2.443460953   42.182467171   18.645666150   -5.236752519
    1.999195325   -2.443460953   45.119901453   11.725483600   -2.733442054
    2.189594880   -2.443460953   46.512570627    2.673396640   -0.592163931
    2.379994435   -2.443460953   46.084561542   -7.215311398    1.476293343
    2.570393989   -2.443460953   43.779572599  -16.845582561    3.860896121
    2.760793544   -2.443460953   39.776079752  -24.768530070    6.833357302
    2.951193099   -2.443460953   34.581885715  -29.031627354   10.371778722

   -3.141592654   -2.094395102   33.660659504  -21.870511133   11.404063257
   -2.951193099   -2.094395102   29.947198490  -16.554564637   13.830317644
   -2.760793544   -2.094395102   27.559733781   -8.261321137   15.303122833
   -2.570393989   -2.094395102   26.817251330    0.256186891   15.616336071
   -2.379994435   -2.094395102   27.501809501    6.371804827   14.909750767
   -2.189594880   -2.094395102   29.004417012    8.782406017   13.563561030
   -1.999195325   -2.094395102   30.639200349    7.978209598   11.975579508
   -1.808795770   -2.094395102   31.951791534    5.752117681   10.378451540
   -1.618396215   -2.094395102   32.869398306    4.130789516    8.803305131
   -1.427996661   -2.094395102   33.645302411    4.378214486    7.176815793
   -1.237597106   -2.094395102   34.656229608    6.512068918    5.455142158
   -1.047197551   -2.094395102   36.174768344    9.478096593    3.694650121
   -0.856797996   -2.094395102   38.220306432   11.731640466    2.028281868
   -0.666398442   -2.094395102   40.516500331   11.896317495    0.572907426
   -0.475998887   -2.094395102   42.573084132    9.141332178   -0.662597412
   -0.285599332   -2.094395102   43.809611103    3.335939352   -1.831357344
   -0.095199777   -2.094395102   43.692141370   -4.897886088   -3.221041834
    0.095199777   -2.094395102   41.885519865  -14.085777799   -5.134819680
    0.285599332   -2.094395102   38.420559917  -21.851584065   -7.707577270
    0.475998887   -2.094395102   33.838676335  -25.360655647  -10.744989733
    0.666398442   -2.094395102   29.183589192  -22.372977421  -13.677615276
    0.856797996   -2.094395102   25.756692401  -12.657089848  -15.735913258
    1.047197551   -2.094395102   24.644502967    1.343411512  -16.275543285
    1.237597106   -2.094395102   26.263465907   15.235743522  -15.093334331
    1.427996661   -2.094395102   30.162541046   24.712440016  -12.525405918
    1.618396215   -2.094395102   35.241903570   27.481934719   -9.268628061
    1.808795770   -2.094395102   40.220925072   23.909881529   -6.037694248
    1.999195325   -2.094395102   44.078391300   16.120552130   -3.268672479
    2.189594880   -2.094395102   46.243361831    6.481493997   -1.007229600
    2.379994435   -2.094395102   46.537098060   -3.319271183    1.005798012
    2.570393989   -2.094395102   45.037053951  -12.200142975    3.135780094
    2.760793544   -2.094395102   42.015460537  -19.105658489    5.638611996
    2.951193099   -2.094395102   37.974162817  -22.702713503    8.501684561

   -3.141592654   -1.745329252   36.966646203  -17.861414622    7.627684970
   -2.951193099   -1.745329252   33.902774971  -13.892564675    8.939897579
   -2.760793544   -1.745329252   31.842626564   -7.546548465    9.458044119
   -2.570393989   -1.745329252   31.042326089   -1.022649770    9.083782605
   -2.379994435   -1.745329252   31.329156815    3.583520113    7.963314144
   -2.189594880   -1.745329252   32.212840529    5.182676885    6.389878767
   -1.999195325   -1.745329252   33.131357607    4.122525214    4.644343224
   -1.808795770   -1.745329252   33.708458549    1.904687614    2.890655247
   -1.618396215   -1.745329252   33.901355750    0.376641677    1.186452769
   -1.427996661   -1.745329252   33.979489959    0.836059140   -0.430990412
   -1.237597106   -1.745329252   34.355527915    3.442712350   -1.871693979
   -1.047197551   -1.745329252   35.359809411    7.199178842   -2.999157706
   -0.856797996   -1.745329252   37.062935444   10.426164413   -3.702871165
   -0.666398442   -1.745329252   39.195200391   11.439155406   -3.987980410
   -0.475998887   -1.745329252   41.209116312    9.056291680   -4.020714374
   -0.285599332   -1.745329252   42.408047647    2.900949677   -4.114762466
   -0.095199777   -1.745329252   42.113625013   -6.434784767   -4.656330366
    0.095199777   -1.745329252   39.866837327  -17.212110303   -5.972046582
    0.285599332   -1.745329252   35.655073023  -26.496333410   -8.165073416
    0.475998887   -1.745329252   30.101950321  -30.720289281  -10.981019572
    0.666398442   -1.745329252   24.465497288  -27.061229652  -13.793467847
    0.856797996   -1.745329252   20.329537593  -15.199450812  -15.792454349
    1.047197551   -1.745329252   19.017406968    1.857855545  -16.309390175
    1.237597106   -1.745329252   21.027897621   18.725769894  -15.126991683
    1.427996661   -1.745329252   25.801370207   30.182663031  -12.570996004
    1.618396215   -1.745329252   32.000215905   33.539456611   -9.332028301
    1.808795770   -1.745329252   38.093848298   29.415717950   -6.128438026
    1.999195325   -1.745329252   42.902954048   20.590518651   -3.417463578
    2.189594880   -1.745329252   45.830739652   10.099388787   -1.286243396
    2.379994435   -1.745329252   46.777013657    0.025132062    0.463462909
    2.570393989   -1.745329252   45.935801320   -8.546878246    2.129799243
    2.760793544   -1.745329252   43.662449655  -14.900763526    3.921633008
    2.951193099   -1.745329252   40.456911911  -18.225986638    5.833412871

   -3.141592654   -1.396263402   37.962361062  -17.240472304    4.952444229
   -2.951193099   -1.396263402   34.943129086  -14.093465276    5.319899367
   -2.760793544   -1.396263402   32.756691937   -8.673625889    4.949366634
   -2.570393989   -1.396263402   31.661819259   -2.951060240    3.839020688
   -2.379994435   -1.396263402   31.527169049    1.136405966    2.153611051
   -2.189594880   -1.396263402   31.918341516    2.494125775    0.119903794
   -1.999195325   -1.396263402   32.315509027    1.350263068   -2.076112705
   -1.808795770   -1.396263402   32.362283667   -0.882942387   -4.308018724
   -1.618396215   -1.396263402   32.031345688   -2.306293983   -6.442063218
   -1.427996661   -1.396263402   31.629461927   -1.460022470   -8.268519086
   -1.237597106   -1.396263402   31.636834877    1.938596337   -9.514747469
   -1.047197551   -1.396263402   32.457974566    6.822397704   -9.955460665
   -0.856797996   -1.396263402   34.203743743   11.229875241   -9.541427905
   -0.666398442   -1.396263402   36.577263898   13.082525719   -8.461867225
   -0.475998887   -1.396263402   38.931903479   10.862088430   -7.107230860
   -0.285599332   -1.396263402   40.423754611    4.031862793   -5.959043504
   -0.095199777   -1.396263402   40.218616772   -6.733404624   -5.461523278
    0.095199777   -1.396263402   37.742211118  -19.354300208   -5.903578772
    0.285599332   -1.396263402   32.955061680  -30.314892925   -7.311900438
    0.475998887   -1.396263402   26.577494837  -35.365474390   -9.388997265
    0.666398442   -1.396263402   20.083497537  -31.177793078  -11.541348494
    0.856797996   -1.396263402   15.327591343  -17.394689553  -13.059114394
    1.047197551   -1.396263402   13.854377412    2.422434458  -13.384094884
    1.237597106   -1.396263402   16.236910108   21.968290982  -12.346077062
    1.427996661   -1.396263402   21.815042282   35.186681180  -10.219687402
    1.618396215   -1.396263402   29.032838672   39.026071548   -7.566265188
    1.808795770   -1.396263402   36.128829732   34.318105642   -4.961026214
    1.999195325   -1.396263402   41.769865537   24.391804725   -2.765797352
    2.189594880   -1.396263402   45.315605176   12.830512981   -1.050535049
    2.379994435   -1.396263402   46.706470806    2.030786168    0.331098669
    2.570393989   -1.396263402   46.207882878   -6.904110925    1.587606354
    2.760793544   -1.396263402   44.228411984  -13.450109729    2.839729808
    2.951193099   -1.396263402   41.276218585  -17.056277627    4.034380314

   -3.141592654   -1.047197551   37.705221380  -18.727176011    3.495113661
   -2.951193099   -1.047197551   34.337292502  -16.251569883    3.188504477
   -2.760793544   -1.047197551   31.693303428  -11.277820420    2.121496121
   -2.570393989   -1.047197551   30.082799542   -5.719853488    0.371022007
   -2.379994435   -1.047197551   29.421089550   -1.615663560   -1.847751999
   -2.189594880   -1.047197551   29.291420009   -0.236702550   -4.303592337
   -1.999195325   -1.047197551   29.163799904   -1.441972020   -6.832182443
   -1.808795770   -1.047197551   28.674129847   -3.698160124   -9.312329009
   -1.618396215   -1.047197551   27.828216445   -4.821093431  -11.567518993
   -1.427996661   -1.047197551   27.020373245   -3.102056685  -13.305043844
   -1.237597106   -1.047197551   26.845357662    1.745618464  -14.176335575
   -1.047197551   -1.047197551   27.791919382    8.340526999  -13.944243525
   -0.856797996   -1.047197551   29.974637861   14.223546879  -12.636256546
   -0.666398442   -1.047197551   33.006051855   16.855312152  -10.574983330
   -0.475998887   -1.047197551   36.080491860   14.486850160   -8.275784727
   -0.285599332   -1.047197551   38.176906771    6.621822026   -6.268877199
   -0.095199777   -1.047197551   38.313818520   -5.807238981   -4.945683124
    0.095199777   -1.047197551   35.834597220  -20.306674092   -4.474562167
    0.285599332   -1.047197551   30.706981699  -32.846036680   -4.779581791
    0.475998887   -1.047197551   23.758415914  -38.661726981   -5.571166197
    0.666398442   -1.047197551   16.653770017  -34.101598355   -6.425526563
    0.856797996   -1.047197551   11.466389001  -18.859599999   -6.926661158
    1.047197551   -1.047197551    9.908157249    3.029475648   -6.808564548
    1.237597106   -1.047197551   12.601948674   24.547110158   -6.044129384
    1.427996661   -1.047197551   18.805823825   39.025170951   -4.823309510
    1.618396215   -1.047197551   26.798106036   43.165546342   -3.438716697
    1.808795770   -1.047197551   34.645429947   37.966805094   -2.142619526
    1.999195325   -1.047197551   40.899532627   27.152311150   -1.053951291
    2.189594880   -1.047197551   44.881961123   14.676470386   -0.146278341
    2.379994435   -1.047197551   46.549814122    3.126082643    0.689563812
    2.570393989   -1.047197551   46.200901700   -6.410435154    1.548073066
    2.760793544   -1.047197551   44.260837085  -13.536685748    2.420875765
    2.951193099   -1.047197551   41.231166570  -17.807939864    3.156517529

   -3.141592654   -0.698131701   37.959310737  -19.990023937    0.551919350
   -2.951193099   -0.698131701   34.245779599  -18.615726529   -0.707081377
   -2.760793544   -0.698131701   31.057109214  -14.587249567   -2.594624481
   -2.570393989   -0.698131701   28.754647355   -9.611424513   -4.929971815
   -2.379994435   -0.698131701   27.326424176   -5.725427500   -7.476422157
   -2.189594880   -0.698131701   26.411788693   -4.350071128  -10.056319196
   -1.999195325   -0.698131701   25.509270828   -5.448656521  -12.571649878
   -1.808795770   -0.698131701   24.281840610   -7.385584507  -14.911521625
   -1.618396215   -0.698131701   22.800128600   -7.709345014  -16.836305980
   -1.427996661   -0.698131701   21.571465566   -4.518922833  -17.967624274
   -1.237597106   -0.698131701   21.313503840    2.352429639  -17.931243199
   -1.047197551   -0.698131701   22.579545807   11.052751461  -16.574703104
   -0.856797996   -0.698131701   25.441954864   18.525191549  -14.099996136
   -0.666398442   -0.698131701   29.370214872   21.802008408  -11.008994733
   -0.475998887   -0.698131701   33.366809906   19.069497989   -7.910474193
   -0.285599332   -0.698131701   36.239249476   10.096599771   -5.290337704
   -0.095199777   -0.698131701   36.903738096   -3.758366939   -3.370642429
    0.095199777   -0.698131701   34.684397619  -19.580452738   -2.102551855
    0.285599332   -0.698131701   29.600803544  -33.025274803   -1.260867254
    0.475998887   -0.698131701   22.576918882  -39.175982926   -0.579994818
    0.666398442   -0.698131701   15.386346799  -34.419901610    0.120162934
    0.856797996   -0.698131701   10.186844802  -18.648209762    0.858076120
    1.047197551   -0.698131701    8.727190924    3.828254368    1.512387855
    1.237597106   -0.698131701   11.616546260   25.750480979    1.921287006
    1.427996661   -0.698131701   18.065957298   40.350598552    1.994727185
    1.618396215   -0.698131701   26.302299707   44.374499754    1.773129476
    1.808795770   -0.698131701   34.359308223   38.955602692    1.403351821
    1.999195325   -0.698131701   40.782350680   27.953217220    1.061814746
    2.189594880   -0.698131701   44.907149118   15.390011275    0.882339495
    2.379994435   -0.698131701   46.709135715    3.826030942    0.911521152
    2.570393989   -0.698131701   46.489375020   -5.774622193    1.089862324
    2.760793544   -0.698131701   44.647584651  -13.190049038    1.252294552
    2.951193099   -0.698131701   41.629393207  -18.101966600    1.156297585

   -3.141592654   -0.349065850   37.681712299  -22.295556645   -1.823256366
   -2.951193099   -0.349065850   33.424665227  -21.980554572   -3.592465683
   -2.760793544   -0.349065850   29.515969835  -18.714560149   -5.787915547
   -2.570393989   -0.349065850   26.389981503  -14.063440985   -8.196014343
   -2.379994435   -0.349065850   24.111819874  -10.161245610  -10.618271860
   -2.189594880   -0.349065850   22.367098892   -8.620672545  -12.954986514
   -1.999195325   -0.349065850   20.673899390   -9.458145371  -15.167174683
   -1.808795770   -0.349065850   18.728909044  -10.836673930  -17.142602350
   -1.618396215   -0.349065850   16.690038721   -9.986119899  -18.590619845
   -1.427996661   -0.349065850   15.199757620   -4.874501676  -19.088962167
   -1.237597106   -0.349065850   15.098880326    4.388925658  -18.286956661
   -1.047197551   -0.349065850   16.974080747   15.326830025  -16.137501791
   -0.856797996   -0.349065850   20.802886752   24.231821070  -12.984500939
   -0.666398442   -0.349065850   25.863885648   27.803630791   -9.427345360
   -0.475998887   -0.349065850   30.949854906   24.373265409   -6.063775448
   -0.285599332   -0.349065850   34.722174210   14.205995729   -3.246930896
   -0.095199777   -0.349065850   36.057731708   -0.766527570   -0.987043899
    0.095199777   -0.349065850   34.337868335  -17.232489685    0.970460761
    0.285599332   -0.349065850   29.685631878  -30.765350323    2.944679447
    0.475998887   -0.349065850   23.111675882  -36.694287105    5.102433634
    0.666398442   -0.349065850   16.408760615  -31.845863056    7.316350422
    0.856797996   -0.349065850   11.671325902  -16.487640993    9.180207261
    1.047197551   -0.349065850   10.537370025    4.990311950   10.201310691
    1.237597106   -0.349065850   13.524681503   25.593747269   10.073365831
    1.427996661   -0.349065850   19.826413578   39.016875200    8.852423757
    1.618396215   -0.349065850   27.736095396   42.384071410    6.935163227
    1.808795770   -0.349065850   35.402311238   36.940738450    4.863067547
    1.999195325   -0.349065850   41.478908672   26.387064520    3.086958856
    2.189594880   -0.349065850   45.364995862   14.454732290    1.827194443
    2.379994435   -0.349065850   47.042422160    3.414336266    1.061865442
    2.570393989   -0.349065850   46.768895776   -5.995462143    0.593784928
    2.760793544   -0.349065850   44.866321105  -13.690184606    0.137371894
    2.951193099   -0.349065850   41.688368496  -19.353040592   -0.597922709

   -3.141592654    0.000000000   36.777787205  -25.161084884   -3.754649955
   -2.951193099    0.000000000   31.905778413  -25.507266111   -5.655806899
   -2.760793544    0.000000000   27.290617358  -22.534283035   -7.690906302
   -2.570393989    0.000000000   23.440750109  -17.796231342   -9.660453684
   -2.379994435    0.000000000   20.477255082  -13.614560403  -11.454288451
   -2.189594880    0.000000000   18.102895134  -11.785738446  -13.085113423
   -1.999195325    0.000000000   15.836128222  -12.293398720  -14.591855083
   -1.808795770    0.000000000   13.405207513  -13.023102283  -15.883310614
   -1.618396215    0.000000000   11.059782802  -10.901673319  -16.662925056
   -1.427996661    0.000000000    9.569164312   -3.876711149  -16.528541185
   -1.237597106    0.000000000    9.865218101    7.546557806  -15.204776693
   -1.047197551    0.000000000   12.521372150   20.247704552  -12.749286480
   -0.856797996    0.000000000   17.383976350   29.995869039   -9.578300991
   -0.666398442    0.000000000   23.539798388   33.386947045   -6.274612779
   -0.475998887    0.000000000   29.615339499   29.114376767   -3.315188203
   -0.285599332    0.000000000   34.201828192   18.051696210   -0.860779682
   -0.095199777    0.000000000   36.219769532    2.664590447    1.283294870
    0.095199777    0.000000000   35.168485778  -13.537353370    3.524180390
    0.285599332    0.000000000   31.284677389  -26.360070533    6.217562345
    0.475998887    0.000000000   25.610954352  -31.732013721    9.411680811
    0.666398442    0.000000000   19.844906226  -27.161294864   12.710467277
    0.856797996    0.000000000   15.879190255  -13.284197298   15.369430108
    1.047197551    0.000000000   15.132566217    5.729847772   16.617757119
    1.237597106    0.000000000   17.999719386   23.626771619   16.051602460
    1.427996661    0.000000000   23.713683653   34.978825317   13.847172850
    1.618396215    0.000000000   30.749819736   37.463551585   10.667435357
    1.808795770    0.000000000   37.491505109   32.320707091    7.338152249
    1.999195325    0.000000000   42.779670216   22.800502579    4.498669968
    2.189594880    0.000000000   46.097720461   12.056868281    2.418906603
    2.379994435    0.000000000   47.410309411    1.903685530    1.019122216
    2.570393989    0.000000000   46.891395825   -7.158566517    0.007730293
    2.760793544    0.000000000   44.754077686  -15.080425119   -0.962885159
    2.951193099    0.000000000   41.253467873  -21.402072507   -2.173707493

   -3.141592654    0.349065850   36.017741302  -27.304425396   -4.006279362
   -2.951193099    0.349065850   30.693303042  -28.063141331   -5.464147381
   -2.760793544    0.349065850   25.568617929  -25.284648370   -6.852148298
   -2.570393989    0.349065850   21.193588740  -20.539588264   -8.061048900
   -2.379994435    0.349065850   17.714134193  -16.293472904   -9.090679111
   -2.189594880    0.349065850   14.833309311  -14.428342996  -10.035210635
   -1.999195325    0.349065850   12.072792974  -14.796486964  -10.965899864
   -1.808795770    0.349065850    9.209416757  -14.963339583  -11.793669965
   -1.618396215    0.349065850    6.602046139  -11.590577321  -12.232894947
   -1.427996661    0.349065850    5.151209335   -2.697782471  -11.924268738
   -1.237597106    0.349065850    5.865970583   10.728648865  -10.653943188
   -1.047197551    0.349065850    9.282843017   24.913842247   -8.515691548
   -0.856797996    0.349065850   15.099862203   35.183088417   -5.895894677
   -0.666398442    0.349065850   22.216431470   38.167854952   -3.273706277
   -0.475998887    0.349065850   29.123952481   33.048742740   -0.974230508
   -0.285599332    0.349065850   34.392685922   21.367027179    0.994000955
   -0.095199777    0.349065850   37.038640640    6.087814044    2.933424149
    0.095199777    0.349065850   36.715068913   -9.205913829    5.283705693
    0.285599332    0.349065850   33.777385377  -20.754742959    8.344445102
    0.475998887    0.349065850   29.263822371  -25.305592870   12.023576218
    0.666398442    0.349065850   24.703426369  -21.196792930   15.736791302
    0.856797996    0.349065850   21.699411405   -9.428175007   18.570907187
    1.047197551    0.349065850   21.382153821    6.241446182   19.671070018
    1.237597106    0.349065850   24.002534328   20.592230883   18.664843403
    1.427996661    0.349065850   28.867628018   29.331186862   15.849964105
    1.618396215    0.349065850   34.704421476   30.796350818   12.035689266
    1.808795770    0.349065850   40.203748313   26.153475337    8.156276545
    1.999195325    0.349065850   44.442978182   18.037990156    4.893059431
    2.189594880    0.349065850   47.006703301    8.871090107    2.499851433
    2.379994435    0.349065850   47.836738188   -0.066720635    0.858782495
    2.570393989    0.349065850   47.011848037   -8.503334237   -0.342884289
    2.760793544    0.349065850   44.631209515  -16.374757768   -1.433324435
    2.951193099    0.349065850   40.854914302  -23.044995151   -2.634740825

   -3.141592654    0.698131701   35.625420566  -28.248933857   -3.838319719
   -2.951193099    0.698131701   30.106185949  -29.143805867   -4.704364451
   -2.760793544    0.698131701   24.763047169  -26.492272547   -5.312226191
   -2.570393989    0.698131701   20.145083940  -21.891968746   -5.660132048
   -2.379994435    0.698131701   16.389325561  -17.855260312   -5.856289491
   -2.189594880    0.698131701   13.187893402  -16.228731847   -6.059953959
   -1.999195325    0.698131701   10.071537600  -16.688234710   -6.366917946
   -1.808795770    0.698131701    6.869491894  -16.542000162   -6.716841304
   -1.618396215    0.698131701    4.036206835  -12.289178715   -6.895491969
   -1.427996661    0.698131701    2.575617311   -2.051305766   -6.643622649
   -1.237597106    0.698131701    3.552344654   12.802296643   -5.811992822
   -1.047197551    0.698131701    7.472792444   28.025645211   -4.457680946
   -0.856797996    0.698131701   13.928133136   38.657816355   -2.817940667
   -0.666398442    0.698131701   21.691004416   41.409445952   -1.166456214
   -0.475998887    0.698131701   29.174194385   35.863781264    0.353450929
   -0.285599332    0.698131701   34.960069232   24.072654078    1.833268180
   -0.095199777    0.698131701   38.162225762    9.344860472    3.579404643
    0.095199777    0.698131701   38.563206839   -4.777474687    5.961450361
    0.285599332    0.698131701   36.596284613  -15.026517131    9.171202748
    0.475998887    0.698131701   33.251041567  -18.943660008   13.000286563
    0.666398442    0.698131701   29.856508173  -15.587564151   16.769828254
    0.856797996    0.698131701   27.721409512   -6.164710271   19.522409402
    1.047197551    0.698131701   27.711213983    6.098318274   20.420716707
    1.237597106    0.698131701   29.970466442   17.040421767   19.154380053
    1.427996661    0.698131701   33.911582110   23.419413381   16.094265204
    1.618396215    0.698131701   38.523091108   24.108692008   12.098027012
    1.808795770    0.698131701   42.791866074   20.111188964    8.106868018
    1.999195325    0.698131701   46.010869690   13.436211346    4.776853636
    2.189594880    0.698131701   47.849114485    5.823601596    2.326139743
    2.379994435    0.698131701   48.221795159   -1.900816151    0.616316497
    2.570393989    0.698131701   47.123841410   -9.618371598   -0.651375613
    2.760793544    0.698131701   44.563499667  -17.206492657   -1.749951303
    2.951193099    0.698131701   40.631548971  -23.870802016   -2.817972965

   -3.141592654    1.047197551   34.011836565  -29.985341217   -5.898500538
   -2.951193099    1.047197551   28.221049381  -30.202974451   -6.829943326
   -2.760793544    1.047197551   22.750106934  -26.777838959   -7.173253265
   -2.570393989    1.047197551   18.139195740  -21.584648753   -6.926367564
   -2.379994435    1.047197551   14.468949067  -17.333046002   -6.270613369
   -2.189594880    1.047197551   11.357869929  -15.846300165   -5.472581105
   -1.999195325    1.047197551    8.288996479  -16.566063593   -4.745675229
   -1.808795770    1.047197551    5.097603648  -16.501459448   -4.162654826
   -1.618396215    1.047197551    2.292304455  -11.972555738   -3.664189537
   -1.427996661    1.047197551    0.944861418   -1.144729923   -3.137117383
   -1.237597106    1.047197551    2.159580421   14.381037763   -2.501934677
   -1.047197551    1.047197551    6.432155116   30.091509978   -1.751869978
   -0.856797996    1.047197551   13.301624633   40.882483576   -0.935681864
   -0.666398442    1.047197551   21.482407492   43.547230798   -0.096003472
   -0.475998887    1.047197551   29.363818795   37.938105723    0.795231530
   -0.285599332    1.047197551   35.564304168   26.434021512    1.880030752
   -0.095199777    1.047197551   39.287109774   12.546960251    3.390421572
    0.095199777    1.047197551   40.416675210   -0.281491557    5.547460197
    0.285599332    1.047197551   39.432291000   -9.264308284    8.395806476
    0.475998887    1.047197551   37.250203728  -12.681270061   11.655256333
    0.666398442    1.047197551   34.987894707  -10.225405252   14.697460495
    0.856797996    1.047197551   33.664926033   -3.229187250   16.735309227
    1.047197551    1.047197551   33.899931751    5.656740104   17.150064642
    1.237597106    1.047197551   35.752248082   13.318259839   15.789205428
    1.427996661    1.047197551   38.752547753   17.499221624   13.041736427
    1.618396215    1.047197551   42.149129833   17.522401117    9.641449915
    1.808795770    1.047197551   45.207904572   14.158945314    6.328796603
    1.999195325    1.047197551   47.410825088    8.761641396    3.570218445
    2.189594880    1.047197551   48.482548887    2.396223396    1.461947195
    2.379994435    1.047197551   48.288117663   -4.516608069   -0.178397412
    2.570393989    1.047197551   46.729775961  -11.906323395   -1.628458890
    2.760793544    1.047197551   43.741168602  -19.434032712   -3.086457133
    2.951193099    1.047197551   39.391451283  -25.989169253   -4.566933213

   -3.141592654    1.396263402   31.126217953  -32.864937288   -8.954387576
   -2.951193099    1.396263402   24.907015568  -31.721402864  -10.183350905
   -2.760793544    1.396263402   19.305501836  -26.618177520  -10.421356652
   -2.570393989    1.396263402   14.873764834  -19.933667677   -9.638525210
   -2.379994435    1.396263402   11.615937904  -14.764819120   -8.087849285
   -2.189594880    1.396263402    9.027824463  -13.022434680   -6.163413912
   -1.999195325    1.396263402    6.480472407  -13.969538962   -4.223108355
   -1.808795770    1.396263402    3.742936179  -14.345931161   -2.492875534
   -1.618396215    1.396263402    1.304006413  -10.272313131   -1.078607412
   -1.427996661    1.396263402    0.242622973    0.171714811   -0.021853458
   -1.237597106    1.396263402    1.678684427   15.403081468    0.670615093
   -1.047197551    1.396263402    6.126328813   30.924659550    1.040472350
   -0.856797996    1.396263402   13.147130185   41.658765901    1.193269938
   -0.666398442    1.396263402   21.485054368   44.444795431    1.289353050
   -0.475998887    1.396263402   29.567460972   39.190357989    1.517105009
   -0.285599332    1.396263402   36.061646374   28.311910666    2.075203826
   -0.095199777    1.396263402   40.222270277   15.297602768    3.143674058
    0.095199777    1.396263402   41.967090571    3.414438338    4.830178849
    0.285599332    1.396263402   41.756763745   -4.916791826    7.076569785
    0.475998887    1.396263402   40.408915437   -8.426145737    9.580170092
    0.666398442    1.396263402   38.867568709   -7.083576548   11.804161043
    0.856797996    1.396263402   37.961582863   -2.107742189   13.147840319
    1.047197551    1.396263402   38.182705194    4.389814599   13.193608030
    1.237597106    1.396263402   39.589247833   10.019154352   11.904491867
    1.427996661    1.396263402   41.836935300   13.067316994    9.639047911
    1.618396215    1.396263402   44.363559351   12.968528852    6.971446271
    1.808795770    1.396263402   46.602436280   10.177290202    4.425271663
    1.999195325    1.396263402   48.119786639    5.528157177    2.274257727
    2.189594880    1.396263402   48.627936746   -0.362457527    0.493398473
    2.379994435    1.396263402   47.915516904   -7.278478280   -1.146695606
    2.570393989    1.396263402   45.798916008  -15.048278552   -2.908735069
    2.760793544    1.396263402   42.169683336  -22.987053192   -4.917677966
    2.951193099    1.396263402   37.132026917  -29.552206626   -7.051689794

   -3.141592654    1.745329252   27.366428052  -36.519112195  -11.367560479
   -2.951193099    1.745329252   20.615614190  -33.517985017  -12.901652188
   -2.760793544    1.745329252   14.890201681  -26.104774613  -13.121721455
   -2.570393989    1.745329252   10.763007330  -17.340091654  -11.925357341
   -2.379994435    1.745329252    8.139739869  -10.842091805   -9.570109440
   -2.189594880    1.745329252    6.353443524   -8.663675792   -6.516259942
   -1.999195325    1.745329252    4.618232583   -9.894249143   -3.231053462
   -1.808795770    1.745329252    2.592279874  -11.000020202   -0.089579077
   -1.618396215    1.745329252    0.701840041   -7.879773026    2.611397363
   -1.427996661    1.745329252    0.000000000    1.560062057    4.619004090
   -1.237597106    1.745329252    1.613889479   15.920454052    5.753160412
   -1.047197551    1.745329252    6.101752717   30.895005726    5.989933712
   -0.856797996    1.745329252   13.099273797   41.510281928    5.510521040
   -0.666398442    1.745329252   21.431618591   44.577948761    4.656558318
   -0.475998887    1.745329252   29.589791698   39.878527965    3.821110366
   -0.285599332    1.745329252   36.278728712   29.677333691    3.344645505
   -0.095199777    1.745329252   40.764946237   17.340971410    3.443328364
    0.095199777    1.745329252   42.954426451    6.000569387    4.175376959
    0.285599332    1.745329252   43.264025879   -2.116434307    5.417490565
    0.475998887    1.745329252   42.428604909   -5.950782370    6.866797843
    0.666398442    1.745329252   41.278664343   -5.541928708    8.095332529
    0.856797996    1.745329252   40.539276940   -1.940639285    8.696537198
    1.047197551    1.745329252   40.653018642    3.128158421    8.442562899
    1.237597106    1.745329252   41.709711917    7.696056223    7.377659994
    1.427996661    1.745329252   43.461768491   10.289709693    5.781118855
    1.618396215    1.745329252   45.461941274   10.289616020    4.023065850
    1.808795770    1.745329252   47.223264815    7.852895472    2.385143947
    1.999195325    1.745329252   48.325735655    3.447822632    0.949472442
    2.189594880    1.745329252   48.431437427   -2.588552951   -0.411286396
    2.379994435    1.745329252   47.243508300  -10.116938485   -1.949300111
    2.570393989    1.745329252   44.503223234  -18.778870559   -3.897688554
    2.760793544    1.745329252   40.085873791  -27.464378242   -6.314173154
    2.951193099    1.745329252   34.172476207  -34.119096303   -8.970820411

   -3.141592654    2.094395102   23.060749671  -40.805616545  -10.649874936
   -2.951193099    2.094395102   15.681814874  -35.665572524  -11.826065478
   -2.760793544    2.094395102    9.809292495  -25.454961015  -11.642514193
   -2.570393989    2.094395102    6.070474489  -13.986983098  -10.013229272
   -2.379994435    2.094395102    4.289818434   -5.494795779   -7.199941267
   -2.189594880    2.094395102    3.636131705   -2.272553006   -3.651964959
   -1.999195325    2.094395102    3.146085249   -3.338627060    0.171569255
   -1.808795770    2.094395102    2.325673771   -5.002093341    3.870263304
   -1.618396215    2.094395102    1.474782856   -3.053243844    7.068051795
   -1.427996661    2.094395102    1.540018978    4.724986753    9.389650545
   -1.237597106    2.094395102    3.577678390   17.200737622   10.534871455
   -1.047197551    2.094395102    8.141357874   30.478271492   10.419193731
   -0.856797996    2.094395102   14.941772072   39.966332641    9.257263517
   -0.666398442    2.094395102   22.933776577   42.656925970    7.502405163
   -0.475998887    2.094395102   30.746018377   38.248438340    5.683015886
   -0.285599332    2.094395102   37.187439592   28.747197628    4.232162497
   -0.095199777    2.094395102   41.574036438   17.216947547    3.380048949
    0.095199777    2.094395102   43.806273462    6.524651351    3.137937015
    0.285599332    2.094395102   44.250701730   -1.295951392    3.334383234
    0.475998887    2.094395102   43.564901306   -5.278887438    3.687725017
    0.666398442    2.094395102   42.497517285   -5.392402747    3.896905059
    0.856797996    2.094395102   41.720677937   -2.477175484    3.757680219
    1.047197551    2.094395102   41.672187060    2.009326606    3.231185047
    1.237597106    2.094395102   42.483062799    6.293385587    2.439687295
    1.427996661    2.094395102   43.967047250    8.925110624    1.580534234
    1.618396215    2.094395102   45.726189397    9.133510995    0.817183762
    1.808795770    2.094395102   47.283333898    6.833165693    0.192584014
    1.999195325    2.094395102   48.182498151    2.266691121   -0.389975727
    2.189594880    2.094395102   48.013632888   -4.369699444   -1.131085727
    2.379994435    2.094395102   46.394120636  -12.929028172   -2.261187208
    2.570393989    2.094395102   43.000819178  -22.830767514   -3.938037880
    2.760793544    2.094395102   37.708529150  -32.515860842   -6.132832661
    2.951193099    2.094395102   30.796379791  -39.381825694   -8.549289888

   -3.141592654    2.443460953   19.794128858  -43.519560976   -6.555158048
   -2.951193099    2.443460953   12.074053262  -36.413577028   -6.814257295
   -2.760793544    2.443460953    6.287685320  -23.779963621   -6.000889059
   -2.570393989    2.443460953    3.090153599  -10.050144509   -4.088183967
   -2.379994435    2.443460953    2.227603558    0.088901790   -1.283892709
   -2.189594880    2.443460953    2.733635357    4.201738274    2.095363458
   -1.999195325    2.443460953    3.504857116    3.325096854    5.729721387
   -1.808795770    2.443460953    3.918837697    1.187276297    9.298059748
   -1.618396215    2.443460953    4.145156722    1.949482312   12.414724483
   -1.427996661    2.443460953    4.993405735    7.842672558   14.621415600
   -1.237597106    2.443460953    7.407127269   17.998646479   15.508066726
   -1.047197551    2.443460953   11.903819741   29.040491032   14.907979388
   -0.856797996    2.443460953   18.264912098   36.923800923   13.020085689
   -0.666398442    2.443460953   25.600390211   38.955615432   10.351064940
   -0.475998887    2.443460953   32.719252448   34.789311214    7.517273210
   -0.285599332    2.443460953   38.574463801   26.110043723    5.017053363
   -0.095199777    2.443460953   42.554071107   15.575432778    3.090013220
    0.095199777    2.443460953   44.557603584    5.712523578    1.711150332
    0.285599332    2.443460953   44.898101377   -1.645165253    0.687495356
    0.475998887    2.443460953   44.157255930   -5.572760500   -0.201648523
    0.666398442    2.443460953   43.014742056   -5.914247256   -1.085885066
    0.856797996    2.443460953   42.108593559   -3.291120062   -1.937614115
    1.047197551    2.443460953   41.886143426    1.047915946   -2.610092600
    1.237597106    2.443460953   42.518550760    5.426217755   -2.940951844
    1.427996661    2.443460953   43.861544529    8.332607883   -2.866753211
    1.618396215    2.443460953   45.535756014    8.818217717   -2.470039860
    1.808795770    2.443460953   47.044893031    6.598039456   -1.952277310
    1.999195325    2.443460953   47.881112961    1.777427753   -1.555829452
    2.189594880    2.443460953   47.564716311   -5.491687427   -1.493636346
    2.379994435    2.443460953   45.645742700  -14.989574371   -1.904779410
    2.570393989    2.443460953   41.761966637  -25.908397290   -2.819513564
    2.760793544    2.443460953   35.807807896  -36.303226668   -4.119282357
    2.951193099    2.443460953   28.162497724  -43.138944188   -5.508949292

   -3.141592654    2.792526803   18.463521059  -44.079662344    1.211931295
   -2.951193099    2.792526803   10.750284030  -35.723467609    2.548757634
   -2.760793544    2.792526803    5.236770873  -21.594700901    4.301748095
   -2.570393989    2.792526803    2.592631686   -6.462885176    6.354816668
   -2.379994435    2.792526803    2.521199936    4.744874361    8.592784843
   -2.189594880    2.792526803    3.982286171    9.506207726   10.963319884
   -1.999195325    2.792526803    5.790421236    8.834685211   13.443454636
   -1.808795770    2.792526803    7.232097684    6.372036443   15.917738579
   -1.618396215    2.792526803    8.361367614    6.123522554   18.069592818
   -1.427996661    2.792526803    9.847757019   10.252997211   19.407859377
   -1.237597106    2.792526803   12.505500488   18.096226181   19.457863175
   -1.047197551    2.792526803   16.791627052   26.775530757   18.014097237
   -0.856797996    2.792526803   22.535636979   32.836607928   15.281708194
   -0.666398442    2.792526803   28.992788030   33.979861449   11.803152428
   -0.475998887    2.792526803   35.156918308   29.872165878    8.225555013
   -0.285599332    2.792526803   40.134048649   21.867568756    5.038988823
   -0.095199777    2.792526803   43.385506822   12.159380939    2.431868146
    0.095199777    2.792526803   44.802097289    2.911597526    0.309941833
    0.285599332    2.792526803   44.641636075   -4.153482677   -1.553281167
    0.475998887    2.792526803   43.435307708   -7.959935494   -3.329419987
    0.666398442    2.792526803   41.856459509   -8.058181642   -5.003650327
    0.856797996    2.792526803   40.590974914   -4.841549364   -6.359466591
    1.047197551    2.792526803   40.158470916    0.454079060   -7.100566933
    1.237597106    2.792526803   40.781227291    5.921791104   -7.036291254
    1.427996661    2.792526803   42.308083638    9.711656740   -6.209908095
    1.618396215    2.792526803   44.293082148   10.615277832   -4.891226477
    1.808795770    2.792526803   46.141609175    8.282291937   -3.452402069
    1.999195325    2.792526803   47.253322778    2.931054888   -2.209190534
    2.189594880    2.792526803   47.086339028   -5.098688013   -1.322586128
    2.379994435    2.792526803   45.164865372  -15.402049869   -0.786511094
    2.570393989    2.792526803   41.134953546  -26.996005108   -0.469252097
    2.760793544    2.792526803   34.933295264  -37.746958799   -0.168898628
    2.951193099    2.792526803   27.017860617  -44.439027574    0.332518132
