#! FIELDS phi psi file.free der_phi der_psi
#! SET min_phi -pi
#! SET max_phi pi
#! SET nbins_phi  33
#! SET periodic_phi true
#! SET min_psi -pi
#! SET max_psi pi
#! SET nbins_psi  18
#! SET periodic_psi true
   -3.141592654   -3.141592654   18.253557411  -55.089443635   16.698662796
   -2.951193099   -3.141592654    9.532449539  -35.790735797   19.271352358
   -2.760793544   -3.141592654    4.788577262  -14.326448114   20.854020787
   -2.570393989   -3.141592654    3.848155710    3.339966111   21.620273718
   -2.379994435   -3.141592654    5.575126254   13.341517257   22.032008117
   -2.189594880   -3.141592654    8.421539540   15.372589815   22.689187797
   -1.999195325   -3.141592654   11.115043942   12.445987712   24.087047656
   -1.808795770   -3.141592654   13.149160958    9.250967187   26.380005548
   -1.618396215   -3.141592654   14.890942725    9.899287456   29.249890226
   -1.427996661   -3.141592654   17.289139962   16.203678187   31.982412291
   -1.237597106   -3.141592654   21.362986759   27.073358066   33.720373444
   -1.047197551   -3.141592654   27.691959901   39.190136717   33.785999860
   -0.856797996   -3.141592654   36.119475993   48.422298735   31.903810055
   -0.666398442   -3.141592654   45.749106619   51.309854620   28.217105209
   -0.475998887   -3.141592654   55.162460142   45.995368119   23.145709586
   -0.285599332   -3.141592654   62.766881935   32.499172205   17.189085257
   -0.095199777   -3.141592654   67.148944104   12.609276545   10.787279193
    0.095199777   -3.141592654   67.399546936  -10.188323743    4.307220922
    0.285599332   -3.141592654   63.415759617  -30.938117461   -1.891590838
    0.475998887   -3.141592654   56.123664642  -44.055576779   -7.380083537
    0.666398442   -3.141592654   47.443263918  -44.927950640  -11.667368676
    0.856797996   -3.141592654   39.906279047  -32.208120402  -14.314642885
    1.047197551   -3.141592654   35.870864844   -9.042298050  -15.120836995
    1.237597106   -3.141592654   36.682209080   17.285308260  -14.254032374
    1.427996661   -3.141592654   42.106124200   38.037977317  -12.203381955
    1.618396215   -3.141592654   50.383177148   46.455323908   -9.567694065
    1.808795770   -3.141592654   58.853142806   40.084415038   -6.795162947
    1.999195325   -3.141592654   64.844970381   21.112571245   -4.041609190
    2.189594880   -3.141592654   66.430623410   -5.147034052   -1.194092263
    2.379994435   -3.141592654   62.832208271  -32.256094353    1.958551605
    2.570393989   -3.141592654   54.479691189  -54.186689081    5.530302300
    2.760793544   -3.141592654   42.822090229  -66.385204121    9.416909239
    2.951193099   -3.141592654   29.982232071  -66.501569519   13.287512497

   -3.141592654   -2.792526803   25.822821979  -50.156007352   24.909506923
   -2.951193099   -2.792526803   17.822981753  -33.197429066   27.324275150
   -2.760793544   -2.792526803   13.356725435  -13.917220998   28.397741787
   -2.570393989   -2.792526803   12.349174489    2.416330522   28.454600306
   -2.379994435   -2.792526803   13.874907700   12.381834421   28.126775344
   -2.189594880   -2.792526803   16.639975202   15.661362502   28.124626137
   -1.999195325   -2.792526803   19.575010002   14.762689200   28.945049094
   -1.808795770   -2.792526803   22.244605533   13.516594379   30.650277580
   -1.618396215   -2.792526803   24.910740212   15.112419664   32.790217845
   -1.427996661   -2.792526803   28.262645244   20.708285060   34.542790470
   -1.237597106   -2.792526803   32.982455870   29.090383127   35.003138326
   -1.047197551   -2.792526803   39.346492855   37.400453716   33.520861235
   -0.856797996   -2.792526803   47.026105660   42.369337214   29.922007544
   -0.666398442   -2.792526803   55.127182204   41.464523139   24.518165376
   -0.475998887   -2.792526803   62.391663067   33.512786327   17.944234739
   -0.285599332   -2.792526803   67.482305571   18.831708081   10.920159451
   -0.095199777   -2.792526803   69.262905106   -0.821537911    4.055671661
    0.095199777   -2.792526803   67.075700022  -22.180190664   -2.196449442
    0.285599332   -2.792526803   61.022869270  -40.534437702   -7.494688363
    0.475998887   -2.792526803   52.189200840  -50.551168938  -11.531221931
    0.666398442   -2.792526803   42.600839818  -47.933535918  -14.024879608
    0.856797996   -2.792526803   34.820870202  -31.796936162  -14.812697616
    1.047197551   -2.792526803   31.140792677   -5.852718800  -13.970654133
    1.237597106   -2.792526803   32.740064542   22.191679706  -11.866592095
    1.427996661   -2.792526803   39.170133934   43.546125684   -9.039348363
    1.618396215   -2.792526803   48.488159903   51.816278087   -5.978089548
    1.808795770   -2.792526803   57.947703017   45.146635575   -2.919453448
    1.999195325   -2.792526803   64.900969522   26.238571047    0.193474042
    2.189594880   -2.792526803   67.512336229    0.582616921    3.604449540
    2.379994435   -2.792526803   65.092515770  -25.592111101    7.536201293
    2.570393989   -2.792526803   58.091628068  -46.726917739   12.005335599
    2.760793544   -2.792526803   47.882275466  -58.789802509   16.743667287
    2.951193099   -2.792526803   36.425435285  -59.759205498   21.239297641

   -3.141592654   -2.443460953   34.194597672  -44.807070548   22.596371973
   -2.951193099   -2.443460953   27.002671415  -30.101777267   24.595878985
   -2.760793544   -2.443460953   22.916458802  -12.941574443   25.414127616
   -2.570393989   -2.443460953   21.948592453    2.025159924   25.326738611
   -2.379994435   -2.443460953   23.356961448   11.732461604   24.841130397
   -2.189594880   -2.443460953   26.057351922   15.764465594   24.497594147
   -1.999195325   -2.443460953   29.126161096   16.082277060   24.631838384
   -1.808795770   -2.443460953   32.141398737   15.700341699   25.220915680
   -1.618396215   -2.443460953   35.221575790   17.049816549   25.852021175
   -1.427996661   -2.443460953   38.800033454   20.902460686   25.867507868
   -1.237597106   -2.443460953   43.281493193   26.230624272   24.606179430
   -1.047197551   -2.443460953   48.753202011   30.878595332   21.671668699
   -0.856797996   -2.443460953   54.861116046   32.524024677   17.096108345
   -0.666398442   -2.443460953   60.856687937   29.441329720   11.323989491
   -0.475998887   -2.443460953   65.744062895   20.845413615    5.049940327
   -0.285599332   -2.443460953   68.477083320    6.952670887   -1.010371701
   -0.095199777   -2.443460953   68.156319295  -10.876719417   -6.324624429
    0.095199777   -2.443460953   64.274899533  -29.854574022  -10.591373625
    0.285599332   -2.443460953   57.005693488  -45.613617159  -13.694849183
    0.475998887   -2.443460953   47.454223592  -53.007606656  -15.600776652
    0.666398442   -2.443460953   37.640169387  -47.870878357  -16.290220906
    0.856797996   -2.443460953   30.088879733  -29.512245475  -15.786785438
    1.047197551   -2.443460953   27.010537104   -1.918777206  -14.215847326
    1.237597106   -2.443460953   29.455172072   27.020631399  -11.848525261
    1.427996661   -2.443460953   36.832634807   48.578958254   -9.032102278
    1.618396215   -2.443460953   47.096152776   56.698496958   -6.060627366
    1.808795770   -2.443460953   57.475605716   49.972039313   -3.052407509
    1.999195325   -2.443460953   65.374761691   31.428479269    0.055483888
    2.189594880   -2.443460953   69.047265574    6.596614395    3.428918624
    2.379994435   -2.443460953   67.871421604  -18.548045717    7.195414892
    2.570393989   -2.443460953   62.295765009  -38.885470831   11.318437822
    2.760793544   -2.443460953   53.604781713  -50.837813809   15.551698219
    2.951193099   -2.443460953   43.598106203  -52.655245628   19.467887730

   -3.141592654   -2.094395102   40.331005318  -40.849160187   13.175448005
   -2.951193099   -2.094395102   33.740784827  -27.763187750   14.487787984
   -2.760793544   -2.094395102   29.951064163  -12.110850572   15.127253706
   -2.570393989   -2.094395102   29.034720186    1.841255847   15.215956212
   -2.379994435   -2.094395102   30.364582761   11.200920194   14.962270045
   -2.189594880   -2.094395102   32.974413514   15.398935526   14.558653461
   -1.999195325   -2.094395102   35.999552702   15.961544201   14.071849782
   -1.808795770   -2.094395102   38.981596015   15.354385210   13.396658576
   -1.618396215   -2.094395102   41.906010054   15.599038385   12.277231343
   -1.427996661   -2.094395102   45.025552895   17.392708694   10.420440219
   -1.237597106   -2.094395102   48.589747498   20.063604598    7.628786838
   -1.047197551   -2.094395102   52.633077260   22.134133881    3.920417544
   -0.856797996   -2.094395102   56.891338804   22.039427594   -0.433178522
   -0.666398442   -2.094395102   60.830177763   18.572839842   -4.975875130
   -0.475998887   -2.094395102   63.725568982   11.022805517   -9.199998542
   -0.285599332   -2.094395102   64.774093176   -0.790914694  -12.691642989
   -0.095199777   -2.094395102   63.214490874  -16.124959594  -15.258719404
    0.095199777   -2.094395102   58.561003858  -32.772154120  -16.925586447
    0.285599332   -2.094395102   50.922238461  -46.654436145  -17.859512614
    0.475998887   -2.094395102   41.314992093  -52.599440730  -18.234908069
    0.666398442   -2.094395102   31.695890014  -46.249389670  -18.121469209
    0.856797996   -2.094395102   24.560730318  -26.763395706  -17.476787589
    1.047197551   -2.094395102   22.103661655    1.837119825  -16.213107887
    1.237597106   -2.094395102   25.339606431   31.528691346  -14.309700231
    1.427996661   -2.094395102   33.620567005   53.500496365  -11.861213904
    1.618396215   -2.094395102   44.837711138   61.758405837   -9.050641098
    1.808795770   -2.094395102   56.186137791   55.081017888   -6.062034746
    1.999195325   -2.094395102   65.070424618   36.684771696   -3.028244356
    2.189594880   -2.094395102   69.771898334   12.165889783   -0.004483295
    2.379994435   -2.094395102   69.694841993  -12.590493945    2.994757953
    2.570393989   -2.094395102   65.281821755  -32.682905049    5.936495940
    2.760793544   -2.094395102   57.765012914  -44.801691464    8.729660969
    2.951193099   -2.094395102   48.846165429  -47.374805563   11.207092398

   -3.141592654   -1.745329252   42.984070086  -38.296210351    4.773661753
   -2.951193099   -1.745329252   36.804035217  -26.047203114    5.452639135
   -2.760793544   -1.745329252   33.249112438  -11.372351849    5.823397505
   -2.570393989   -1.745329252   32.380523435    1.617006670    5.863354875
   -2.379994435   -1.745329252   33.584645628   10.121429112    5.540734265
   -2.189594880   -1.745329252   35.913082171   13.516915664    4.793456930
   -1.999195325   -1.745329252   38.495043576   13.156169779    3.520400105
   -1.808795770   -1.745329252   40.832716340   11.339389733    1.613543485
   -1.618396215   -1.745329252   42.853850636   10.095426084   -0.987355579
   -1.427996661   -1.745329252   44.777958260   10.364484739   -4.222646784
   -1.237597106   -1.745329252   46.885876334   11.902228906   -7.881490167
   -1.047197551   -1.745329252   49.328880998   13.660435592  -11.615706487
   -0.856797996   -1.745329252   52.028481467   14.328446969  -15.009279040
   -0.666398442   -1.745329252   54.655274379   12.651639697  -17.682195555
   -0.475998887   -1.745329252   56.650580962    7.571311539  -19.383368832
   -0.285599332   -1.745329252   57.290589131   -1.659402689  -20.046047448
   -0.095199777   -1.745329252   55.779021726  -14.867529043  -19.826967189
    0.095199777   -1.745329252   51.499385511  -30.263724864  -19.049865169
    0.285599332   -1.745329252   44.379487979  -43.858423562  -18.109524556
    0.475998887   -1.745329252   35.272707255  -50.208106295  -17.320733207
    0.666398442   -1.745329252   26.051178795  -44.449742963  -16.784268515
    0.856797996   -1.745329252   19.224454471  -25.239022760  -16.360100191
    1.047197551   -1.745329252   17.075526142    3.645147285  -15.742996917
    1.237597106   -1.745329252   20.722671789   34.088602061  -14.637374859
    1.427996661   -1.745329252   29.579667420   56.974690047  -12.901819491
    1.618396215   -1.745329252   41.533883908   65.964408330  -10.609986969
    1.808795770   -1.745329252   53.724890345   59.641261595   -7.990468285
    1.999195325   -1.745329252   63.481713628   41.225166662   -5.331907419
    2.189594880   -1.745329252   69.026820284   16.456960689   -2.866814038
    2.379994435   -1.745329252   69.738904791   -8.599673180   -0.720420067
    2.570393989   -1.745329252   66.061284237  -28.942902423    1.083452104
    2.760793544   -1.745329252   59.234636068  -41.300924423    2.581548684
    2.951193099   -1.745329252   50.951591833  -44.228094778    3.809026324

   -3.141592654   -1.396263402   41.339006003  -38.152661342    2.572853682
   -2.951193099   -1.396263402   35.211774909  -25.646580435    2.510550060
   -2.760793544   -1.396263402   31.746803766  -10.881292068    2.234063538
   -2.570393989   -1.396263402   30.951299122    1.810605963    1.691228158
   -2.379994435   -1.396263402   32.123921359    9.501527024    0.748196981
   -2.189594880   -1.396263402   34.214717210   11.555613915   -0.794692268
   -1.999195325   -1.396263402   36.261825824    9.454474507   -3.129547442
   -1.808795770   -1.396263402   37.716957200    5.786234450   -6.326817072
   -1.618396215   -1.396263402   38.526521224    3.019367926  -10.234087431
   -1.427996661   -1.396263402   39.019906670    2.581971393  -14.447655845
   -1.237597106   -1.396263402   39.671423426    4.599475800  -18.398644284
   -1.047197551   -1.396263402   40.869726901    8.085748688  -21.515595557
   -0.856797996   -1.396263402   42.751775183   11.428948690  -23.387045266
   -0.666398442   -1.396263402   45.116486556   12.796831890  -23.858435572
   -0.475998887   -1.396263402   47.411595414   10.480596574  -23.036054780
   -0.285599332   -1.396263402   48.805085806    3.167120431  -21.223369218
   -0.095199777   -1.396263402   48.302834361   -9.301550826  -18.861593700
    0.095199777   -1.396263402   45.052689868  -25.216770693  -16.435175470
    0.285599332   -1.396263402   38.759973623  -40.353352398  -14.373239059
    0.475998887   -1.396263402   30.129192606  -48.733927798  -12.936120035
    0.666398442   -1.396263402   21.007787996  -44.776605087  -12.126517537
    0.856797996   -1.396263402   14.015096873  -26.470093738  -11.708582930
    1.047197551   -1.396263402   11.642108120    2.713099551  -11.307754777
    1.237597106   -1.396263402   15.225790463   34.469881589  -10.577715880
    1.427996661   -1.396263402   24.321976597   59.097745435   -9.332076622
    1.618396215   -1.396263402   36.830096597   69.551165773   -7.593649408
    1.808795770   -1.396263402   49.784309627   63.901355558   -5.545780577
    1.999195325   -1.396263402   60.343037160   45.235988544   -3.447926939
    2.189594880   -1.396263402   66.570002191   19.519465118   -1.536656388
    2.379994435   -1.396263402   67.750753684   -6.752444098    0.031745257
    2.570393989   -1.396263402   64.319021923  -28.152533035    1.195414650
    2.760793544   -1.396263402   57.574359944  -41.147219405    1.969306905
    2.951193099   -1.396263402   49.297366061  -44.243446358    2.407798733

   -3.141592654   -1.047197551   38.530965551  -40.445499419    4.672856106
   -2.951193099   -1.047197551   32.014316476  -27.399784370    3.619074015
   -2.760793544   -1.047197551   28.277964478  -12.002937777    2.228049299
   -2.570393989   -1.047197551   27.305349371    0.977574690    0.561046405
   -2.379994435   -1.047197551   28.292983887    8.249878511   -1.423881558
   -2.189594880   -1.047197551   30.041248229    9.085376436   -3.880292625
   -1.999195325   -1.047197551   31.456539258    5.245090164   -6.987543722
   -1.808795770   -1.047197551   31.945740850   -0.072646319  -10.791708477
   -1.618396215   -1.047197551   31.542149417   -3.674820808  -15.053461622
   -1.427996661   -1.047197551   30.785851481   -3.605183221  -19.216264716
   -1.237597106   -1.047197551   30.422976250    0.347742074  -22.548096569
   -1.047197551   -1.047197551   31.081359139    6.781188722  -24.402726349
   -0.856797996   -1.047197551   33.024361583   13.350834399  -24.460743187
   -0.666398442   -1.047197551   36.029797281   17.460363596  -22.831780276
   -0.475998887   -1.047197551   39.395058105   16.852000345  -19.982194956
   -0.285599332   -1.047197551   42.063291430    9.962794638  -16.549439445
   -0.095199777   -1.047197551   42.795911714   -3.315830467  -13.152317321
    0.095199777   -1.047197551   40.530014346  -20.986290992  -10.238715301
    0.285599332   -1.047197551   34.835375941  -38.330043811   -8.014411260
    0.475998887   -1.047197551   26.387951952  -48.751875035   -6.450508608
    0.666398442   -1.047197551   17.124713302  -46.095345381   -5.350801657
    0.856797996   -1.047197551    9.843365341  -28.009276311   -4.478019122
    1.047197551   -1.047197551    7.242433133    1.991654660   -3.642565295
    1.237597106   -1.047197551   10.822626891   35.201296075   -2.742949625
    1.427996661   -1.047197551   20.206766751   61.338945958   -1.742699921
    1.618396215   -1.047197551   33.251727274   72.828872044   -0.636720740
    1.808795770   -1.047197551   46.869003969   67.439059409    0.568535452
    1.999195325   -1.047197551   58.061840509   48.231259540    1.837255821
    2.189594880   -1.047197551   64.757228240   21.367132353    3.087681729
    2.379994435   -1.047197551   66.155713176   -6.330284690    4.193374390
    2.570393989   -1.047197551   62.671203072  -29.089907858    5.007376503
    2.760793544   -1.047197551   55.644706198  -43.087906134    5.398196403
    2.951193099   -1.047197551   46.944716687  -46.647795140    5.288370869

   -3.141592654   -0.698131701   38.752337862  -43.767103182    4.751585251
   -2.951193099   -0.698131701   31.543714776  -31.273685987    2.449015419
   -2.760793544   -0.698131701   27.046760776  -16.067809656   -0.157003352
   -2.570393989   -0.698131701   25.295357554   -3.141301537   -2.883494725
   -2.379994435   -0.698131701   25.481575089    3.894242857   -5.693276652
   -2.189594880   -0.698131701   26.347588588    4.107093451   -8.706227465
   -1.999195325   -0.698131701   26.732074697   -0.616123514  -12.070767714
   -1.808795770   -0.698131701   26.034743276   -6.575808570  -15.758943233
   -1.618396215   -0.698131701   24.399010197   -9.909369943  -19.404033866
   -1.427996661   -0.698131701   22.587736898   -8.209925822  -22.330392103
   -1.237597106   -0.698131701   21.608091797   -1.352899174  -23.794125662
   -1.047197551   -0.698131701   22.274638300    8.595629635  -23.323627649
   -0.856797996   -0.698131701   24.878543960   18.346479278  -20.955180883
   -0.666398442   -0.698131701   29.051966321   24.493785071  -17.231487905
   -0.475998887   -0.698131701   33.830578654   24.403555520  -12.978268103
   -0.285599332   -0.698131701   37.872117813   16.632599304   -8.991514495
   -0.095199777   -0.698131701   39.714087180    1.567360340   -5.772821001
    0.095199777   -0.698131701   38.183923593  -18.125543551   -3.416351358
    0.285599332   -0.698131701   32.868448938  -37.104966140   -1.663087832
    0.475998887   -0.698131701   24.559150893  -48.381290696   -0.098674095
    0.666398442   -0.698131701   15.352080109  -45.764856601    1.602899169
    0.856797996   -0.698131701    8.178497561  -27.168252163    3.487046206
    1.047197551   -0.698131701    5.803087734    3.496573999    5.320222162
    1.237597106   -0.698131701    9.722716739   37.207292533    6.768382434
    1.427996661   -0.698131701   19.516021918   63.578803029    7.624676590
    1.618396215   -0.698131701   32.992582737   75.090835274    7.934899189
    1.808795770   -0.698131701   47.033015863   69.603982123    7.944172436
    1.999195325   -0.698131701   58.620771913   50.192345511    7.927720566
    2.189594880   -0.698131701   65.656412177   22.943220934    8.021679394
    2.379994435   -0.698131701   67.297104299   -5.411039588    8.160404903
    2.570393989   -0.698131701   63.900653874  -29.129943270    8.122326446
    2.760793544   -0.698131701   56.757175919  -44.294605730    7.639863716
    2.951193099   -0.698131701   47.714155968  -49.027877726    6.527083610

   -3.141592654   -0.349065850   40.114910774  -48.564544831    3.837268299
   -2.951193099   -0.349065850   31.908883088  -36.848112105    0.690060641
   -2.760793544   -0.349065850   26.318506192  -21.890846755   -2.627427592
   -2.570393989   -0.349065850   23.463113276   -8.884572156   -5.847996700
   -2.379994435   -0.349065850   22.564968679   -1.780353283   -8.879474201
   -2.189594880   -0.349065850   22.339599934   -1.716271908  -11.814412094
   -1.999195325   -0.349065850   21.593219372   -6.644222874  -14.774766553
   -1.808795770   -0.349065850   19.761068655  -12.328647696  -17.683038323
   -1.618396215   -0.349065850   17.139304866  -14.287181029  -20.110152299
   -1.427996661   -0.349065850   14.733301962   -9.858819744  -21.368208999
   -1.237597106   -0.349065850   13.781508865    0.680785107  -20.824298694
   -1.047197551   -0.349065850   15.192904455   14.284772332  -18.272828271
   -0.856797996   -0.349065850   19.145095878   26.552053973  -14.117720463
   -0.666398442   -0.349065850   24.975482426   33.359519131   -9.242661718
   -0.475998887   -0.349065850   31.353149427   32.051454854   -4.649003556
   -0.285599332   -0.349065850   36.630992318   21.843629192   -1.065890793
   -0.095199777   -0.349065850   39.209858840    4.153690370    1.314155534
    0.095199777   -0.349065850   37.981364899  -17.341083473    2.840330993
    0.285599332   -0.349065850   32.754512703  -36.713148744    4.188158896
    0.475998887   -0.349065850   24.592574086  -47.049876760    5.996547671
    0.666398442   -0.349065850   15.785473838  -42.886114140    8.526290882
    0.856797996   -0.349065850    9.287848401  -23.103740118   11.495552775
    1.047197551   -0.349065850    7.720382824    7.701232134   14.222493036
    1.237597106   -0.349065850   12.364874529   40.457133750   16.002695776
    1.427996661   -0.349065850   22.636737925   65.325032829   16.477794504
    1.618396215   -0.349065850   36.311397870   75.505109710   15.790359720
    1.808795770   -0.349065850   50.352121553   69.314149140   14.442977054
    1.999195325   -0.349065850   61.867250541   49.800192550   12.998424140
    2.189594880   -0.349065850   68.839678317   22.671915512   11.794104256
    2.379994435   -0.349065850   70.424564655   -5.792573262   10.832512856
    2.570393989   -0.349065850   66.904239397  -30.146178169    9.850965653
    2.760793544   -0.349065850   59.464593021  -46.460335070    8.492137645
    2.951193099   -0.349065850   49.878146791  -52.586763593    6.501167469

   -3.141592654    0.000000000   41.293578970  -54.313547443    1.898066205
   -2.951193099    0.000000000   31.932263212  -43.102046663   -1.248964816
   -2.760793544    0.000000000   25.155633333  -27.984631730   -4.326226200
   -2.570393989    0.000000000   21.193172468  -14.372606302   -7.119031954
   -2.379994435    0.000000000   19.314975899   -6.604195493   -9.585184052
   -2.189594880    0.000000000   18.219156096   -6.063875635  -11.831772485
   -1.999195325    0.000000000   16.683729665  -10.556053935  -13.943845381
   -1.808795770    0.000000000   14.180307587  -15.335584958  -15.780668327
   -1.618396215    0.000000000   11.147377554  -15.405865067  -16.888094361
   -1.427996661    0.000000000    8.792824452   -8.051035347  -16.665131402
   -1.237597106    0.000000000    8.504717578    5.832504884  -14.703533075
   -1.047197551    0.000000000   11.172402726   22.123028394  -11.105436398
   -0.856797996    0.000000000   16.748639312   35.447217979   -6.545678725
   -0.666398442    0.000000000   24.215281335   41.339804782   -2.012358807
   -0.475998887    0.000000000   31.898848221   37.600611901    1.620931368
   -0.285599332    0.000000000   37.956731847   24.507892475    3.951327585
   -0.095199777    0.000000000   40.818292854    4.665491591    5.208241924
    0.095199777    0.000000000   39.604421587  -17.401008680    6.111535321
    0.285599332    0.000000000   34.452071162  -35.619224271    7.531530181
    0.475998887    0.000000000   26.702566766  -43.726489070   10.061232431
    0.666398442    0.000000000   18.741487971  -37.463891498   13.691786060
    0.856797996    0.000000000   13.382343465  -16.874937516   17.752735895
    1.047197551    0.000000000   12.935248623   12.930004952   21.196168984
    1.237597106    0.000000000   18.360296644   43.262702308   23.097796369
    1.427996661    0.000000000   28.894006224   65.306356749   23.074024072
    1.618396215    0.000000000   42.341530885   73.318268206   21.401142043
    1.808795770    0.000000000   55.853472663   66.164547939   18.788917399
    1.999195325    0.000000000   66.764470494   46.746069584   15.999497318
    2.189594880    0.000000000   73.206126185   20.168869461   13.512014914
    2.379994435    0.000000000   74.353944858   -7.959858619   11.407153657
    2.570393989    0.000000000   70.403740791  -32.615666972    9.461402668
    2.760793544    0.000000000   62.412127965  -49.877902655    7.343746658
    2.951193099    0.000000000   52.056633530  -57.261730435    4.827468778

   -3.141592654    0.349065850   42.936268943  -59.166349531    1.350551257
   -2.951193099    0.349065850   32.611171917  -48.274518472   -0.759230924
   -2.760793544    0.349065850   24.854804210  -33.016420965   -2.675243250
   -2.570393989    0.349065850   19.976127253  -18.919997980   -4.342429402
   -2.379994435    0.349065850   17.287407344  -10.565962281   -5.807439279
   -2.189594880    0.349065850   15.489784316   -9.467537355   -7.175185011
   -1.999195325    0.349065850   13.367361075  -13.264968596   -8.477267768
   -1.808795770    0.349065850   10.452669106  -16.821467223   -9.542098965
   -1.618396215    0.349065850    7.317027280  -14.857455274   -9.975133858
   -1.427996661    0.349065850    5.313332329   -4.853423118   -9.341350765
   -1.237597106    0.349065850    5.883032641   11.540707025   -7.446006663
   -1.047197551    0.349065850    9.796282050   29.238693561   -4.538361808
   -0.856797996    0.349065850   16.727216728   42.262534443   -1.264577152
   -0.666398442    0.349065850   25.333983199   46.300137659    1.634504867
   -0.475998887    0.349065850   33.721923798   40.009383546    3.693267321
   -0.285599332    0.349065850   40.026143324   24.858133552    4.938974549
   -0.095199777    0.349065850   42.869333592    4.415661298    5.896256796
    0.095199777    0.349065850   41.697538504  -16.414088678    7.332226617
    0.285599332    0.349065850   36.971543335  -31.965887168    9.900146866
    0.475998887    0.349065850   30.209949011  -37.063269149   13.791485779
    0.666398442    0.349065850   23.732347334  -28.835362491   18.560972508
    0.856797996    0.349065850   20.043216506   -8.378406618   23.224444376
    1.047197551    0.349065850   21.018106184   19.021139437   26.630149578
    1.237597106    0.349065850   27.246636843   45.477475764   27.946494140
    1.427996661    0.349065850   37.812496941   63.543058844   26.987031007
    1.618396215    0.349065850   50.628543890   68.713472415   24.224147544
    1.808795770    0.349065850   63.126853893   60.414585379   20.500927051
    1.999195325    0.349065850   72.953185134   41.294684557   16.656497467
    2.189594880    0.349065850   78.448030163   15.720351066   13.226583498
    2.379994435    0.349065850   78.842942113  -11.486123837   10.363579653
    2.570393989    0.349065850   74.265203739  -35.799106346    7.939781308
    2.760793544    0.349065850   65.647171763  -53.367692925    5.721769217
    2.951193099    0.349065850   54.564198190  -61.444370514    3.537701176

   -3.141592654    0.698131701   44.917185859  -61.049010598    0.460657266
   -2.951193099    0.698131701   34.216560593  -50.329287822   -0.155794776
   -2.760793544    0.698131701   26.047607095  -35.279801843   -0.491570529
   -2.570393989    0.698131701   20.719718894  -21.359080862   -0.702978131
   -2.379994435    0.698131701   17.554740160  -13.104624329   -0.947470059
   -2.189594880    0.698131701   15.273633253  -11.966716502   -1.330130072
   -1.999195325    0.698131701   12.700175748  -15.439151531   -1.850412117
   -1.808795770    0.698131701    9.437598599  -18.212719583   -2.379440107
   -1.618396215    0.698131701    6.151327975  -14.976353235   -2.691451841
   -1.427996661    0.698131701    4.267816493   -3.469590831   -2.578317472
   -1.237597106    0.698131701    5.225904640   14.139158876   -1.974912024
   -1.047197551    0.698131701    9.690140071   32.260872293   -1.014945836
   -0.856797996    0.698131701   17.161174752   44.771281048    0.046797689
   -0.666398442    0.698131701   26.145666645   47.725736176    1.023373478
   -0.475998887    0.698131701   34.708406101   40.509948195    1.961308921
   -0.285599332    0.698131701   41.087724928   25.347143274    3.175013529
   -0.095199777    0.698131701   44.126129030    6.198474647    5.152032087
    0.095199777    0.698131701   43.512556837  -12.185929769    8.316011992
    0.285599332    0.698131701   39.865868786  -24.871588373   12.785830221
    0.475998887    0.698131701   34.684986153  -27.758884693   18.194781936
    0.666398442    0.698131701   30.061838694  -19.010525447   23.689353553
    0.856797996    0.698131701   28.120110480   -0.224516552   28.150555536
    1.047197551    0.698131701   30.333749968   23.630139267   30.582669080
    1.237597106    0.698131701   37.024581274   45.695264354   30.498729819
    1.427996661    0.698131701   47.237534843   59.795310550   28.083314907
    1.618396215    0.698131701   59.068647680   62.395152032   24.061685889
    1.808795770    0.698131701   70.256151541   53.244913843   19.357564155
    1.999195325    0.698131701   78.752306716   34.678169595   14.767546362
    2.189594880    0.698131701   83.106149196   10.415633556   10.762585866
    2.379994435    0.698131701   82.629469210  -15.362889810    7.494099640
    2.570393989    0.698131701   77.426979601  -38.558155905    4.920271760
    2.760793544    0.698131701   68.353436870  -55.468275777    2.938552435
    2.951193099    0.698131701   56.898866221  -63.296493502    1.469687660

   -3.141592654    1.047197551   43.541088550  -61.892933422   -4.062677421
   -2.951193099    1.047197551   32.787163435  -50.076341192   -3.441019777
   -2.760793544    1.047197551   24.740282589  -34.317555154   -2.382915331
   -2.570393989    1.047197551   19.626205867  -20.145887691   -1.230986771
   -2.379994435    1.047197551   16.683366962  -12.030090614   -0.274069671
   -2.189594880    1.047197551   14.573771731  -11.253031711    0.331529532
   -1.999195325    1.047197551   12.098126036  -15.115305254    0.569802806
   -1.808795770    1.047197551    8.868067007  -18.171886771    0.510700948
   -1.618396215    1.047197551    5.573164252  -15.092652184    0.247185478
   -1.427996661    1.047197551    3.657237425   -3.699372230   -0.147395204
   -1.237597106    1.047197551    4.557071256   13.735924626   -0.605421702
   -1.047197551    1.047197551    8.923855560   31.628333767   -1.019072067
   -0.856797996    1.047197551   16.261481520   44.046120540   -1.199691067
   -0.666398442    1.047197551   25.133856197   47.385474923   -0.864046251
   -0.475998887    1.047197551   33.730672651   41.355856589    0.315612857
   -0.285599332    1.047197551   40.457636127   28.296827833    2.620219375
   -0.095199777    1.047197551   44.314338250   11.910179749    6.190473203
    0.095199777    1.047197551   45.060490347   -3.678065872   10.912074815
    0.285599332    1.047197551   43.240786569  -14.403115311   16.353066911
    0.475998887    1.047197551   40.113556967  -16.984509810   21.764130337
    0.666398442    1.047197551   37.406310146  -10.008383675   26.207482986
    0.856797996    1.047197551   36.858990000    5.170592887   28.817739469
    1.047197551    1.047197551   39.672995637   24.481282500   29.090538217
    1.237597106    1.047197551   46.104242343   42.254389169   27.064718101
    1.427996661    1.047197551   55.344155057   53.271957714   23.277679659
    1.618396215    1.047197551   65.766245079   54.371501276   18.525669815
    1.808795770    1.047197551   75.394920482   45.077258368   13.562126437
    1.999195325    1.047197551   82.391219355   27.173952723    8.915965766
    2.189594880    1.047197551   85.406682488    3.876272741    4.853855548
    2.379994435    1.047197551   83.780483093  -20.900476324    1.475583258
    2.570393989    1.047197551   77.619623530  -43.075879208   -1.164702001
    2.760793544    1.047197551   67.790222960  -58.861457059   -3.000108198
    2.951193099    1.047197551   55.806710368  -65.427216044   -3.964159932

   -3.141592654    1.396263402   38.652733065  -61.318431227  -10.546718537
   -2.951193099    1.396263402   28.210413163  -47.460290904   -9.512834295
   -2.760793544    1.396263402   20.798849333  -30.408872151   -7.809549057
   -2.570393989    1.396263402   16.478013005  -15.874279197   -5.805092684
   -2.379994435    1.396263402   14.316490738   -8.202684042   -3.824404496
   -2.189594880    1.396263402   12.850077928   -8.378920700   -2.064793376
   -1.999195325    1.396263402   10.812129119  -13.413215263   -0.609294710
   -1.808795770    1.396263402    7.790117636  -17.692276933    0.488529949
   -1.618396215    1.396263402    4.472213130  -15.808057148    1.148403377
   -1.427996661    1.396263402    2.317945328   -5.452742183    1.294071181
   -1.237597106    1.396263402    2.816107780   11.356653739    0.970462249
   -1.047197551    1.396263402    6.729384251   29.383185413    0.439608476
   -0.856797996    1.396263402   13.733243643   42.961114761    0.162080467
   -0.666398442    1.396263402   22.593888225   48.501607554    0.662933101
   -0.475998887    1.396263402   31.675853634   45.413858108    2.339206221
   -0.285599332    1.396263402   39.474248900   35.464805552    5.320814130
   -0.095199777    1.396263402   44.953228302   21.623310591    9.427251080
    0.095199777    1.396263402   47.694954236    7.303057503   14.172147999
    0.285599332    1.396263402   47.945817886   -3.961914232   18.830100579
    0.475998887    1.396263402   46.600426554   -9.015712984   22.557955431
    0.666398442    1.396263402   45.049217862   -6.015691057   24.591561843
    0.856797996    1.396263402   44.828236613    4.607719771   24.498496930
    1.047197551    1.396263402   47.135735651   19.897064278   22.334006142
    1.237597106    1.396263402   52.416330151   35.014488287   18.616191641
    1.427996661    1.396263402   60.151618952   44.946474326   14.097390556
    1.618396215    1.396263402   68.984514635   46.135003240    9.467126263
    1.808795770    1.396263402   77.099095251   37.435736375    5.142183476
    1.999195325    1.396263402   82.698278572   20.106616355    1.258226175
    2.189594880    1.396263402   84.408843580   -2.783402339   -2.207328142
    2.379994435    1.396263402   81.553450701  -27.110784591   -5.268379151
    2.570393989    1.396263402   74.281395652  -48.438061139   -7.829128708
    2.760793544    1.396263402   63.561653001  -62.726260169   -9.689994879
    2.951193099    1.396263402   51.032927224  -67.189954063  -10.633244250

   -3.141592654    1.745329252   32.114125430  -60.061246356  -16.850795415
   -2.951193099    1.745329252   22.119224906  -44.113266639  -15.891404308
   -2.760793544    1.745329252   15.485659095  -25.744777332  -13.985878288
   -2.570393989    1.745329252   12.102073075  -10.851300766  -11.441556098
   -2.379994435    1.745329252   10.864645178   -3.628187990   -8.569868127
   -2.189594880    1.745329252   10.186003789   -4.732154866   -5.593052065
   -1.999195325    1.745329252    8.735791196  -10.916012918   -2.650097233
   -1.808795770    1.745329252    6.070054850  -16.471883270    0.116506152
   -1.618396215    1.745329252    2.857102767  -15.935163866    2.498826999
   -1.427996661    1.745329252    0.561919027   -6.752317310    4.268588742
   -1.237597106    1.745329252    0.749147717    9.532526841    5.330193578
   -1.047197551    1.745329252    4.354007004   28.170781073    5.852500603
   -0.856797996    1.745329252   11.288760967   43.641411803    6.257189857
   -0.666398442    1.745329252   20.536736746   51.979566613    7.052387687
   -0.475998887    1.745329252   30.566084862   51.833368021    8.597268289
   -0.285599332    1.745329252   39.816962084   44.122746900   10.942024150
   -0.095199777    1.745329252   47.052194133   31.142150142   13.798527146
    0.095199777    1.745329252   51.552414961   15.951533517   16.602125777
    0.285599332    1.745329252   53.228525886    2.094398666   18.652608815
    0.475998887    1.745329252   52.681975880   -6.841895190   19.303326455
    0.666398442    1.745329252   51.131971933   -8.153228398   18.169850151
    0.856797996    1.745329252   50.134315679   -1.213845474   15.316900799
    1.047197551    1.745329252   51.096998107   11.887158066   11.263885231
    1.237597106    1.745329252   54.785866369   26.571400574    6.791875168
    1.427996661    1.745329252   60.982764519   37.372608761    2.618027207
    1.618396215    1.745329252   68.499413874   39.875029561   -0.874505000
    1.808795770    1.745329252   75.525002108   32.159016135   -3.714026307
    1.999195325    1.745329252   80.161995844   15.172765533   -6.188889166
    2.189594880    1.745329252   80.927184376   -7.812182517   -8.604032097
    2.379994435    1.745329252   77.104631313  -32.177374495  -11.079072793
    2.570393989    1.745329252   68.905029233  -52.982735288  -13.479236697
    2.760793544    1.745329252   57.433615301  -65.924195004  -15.477012332
    2.951193099    1.745329252   44.483115136  -68.311289437  -16.692581027

   -3.141592654    2.094395102   24.969032627  -59.904238837  -18.963318504
   -2.951193099    2.094395102   15.192247757  -42.019857572  -17.822368749
   -2.760793544    2.094395102    9.118373904  -22.049958717  -15.673691879
   -2.570393989    2.094395102    6.549209241   -6.089022710  -12.777549404
   -2.379994435    2.094395102    6.279436546    1.698909341   -9.415805557
   -2.189594880    2.094395102    6.640253665    0.809081683   -5.788718830
   -1.999195325    2.094395102    6.245024102   -5.425878499   -2.013794627
   -1.808795770    2.094395102    4.596082040  -11.349020322    1.775800073
   -1.618396215    2.094395102    2.293033083  -11.573103905    5.341810365
   -1.427996661    2.094395102    0.732541179   -3.426344485    8.366932002
   -1.237597106    2.094395102    1.459160394   11.920989447   10.610927219
   -1.047197551    2.094395102    5.471750046   30.178859020   12.068498307
   -0.856797996    2.094395102   12.814828281   46.042455107   12.992517254
   -0.666398442    2.094395102   22.606463217   55.338653671   13.745552444
   -0.475998887    2.094395102   33.373675303   56.164846415   14.574582631
   -0.285599332    2.094395102   43.497472537   48.808397045   15.463234870
   -0.095199777    2.094395102   51.574056432   35.083619019   16.120578864
    0.095199777    2.094395102   56.654119462   17.892035403   16.082152486
    0.285599332    2.094395102   58.423567414    1.000049136   14.880524484
    0.475998887    2.094395102   57.340387252  -11.392462493   12.239162866
    0.666398442    2.094395102   54.625420026  -15.670777988    8.231489148
    0.856797996    2.094395102   52.014604458  -10.346025383    3.361853267
    1.047197551    2.094395102   51.226313959    2.932021675   -1.565371075
    1.237597106    2.094395102   53.354460835   19.325578218   -5.740005550
    1.427996661    2.094395102   58.395829307   32.503266947   -8.679562119
    1.618396215    2.094395102   65.190323764   37.028253456  -10.403520896
    1.808795770    2.094395102   71.786149205   30.299167073  -11.357514289
    1.999195325    2.094395102   76.072792611   13.198229245  -12.141521697
    2.189594880    2.094395102   76.393127593  -10.558706007  -13.214338690
    2.379994435    2.094395102   71.967358889  -35.705446309  -14.716267020
    2.570393989    2.094395102   63.061793276  -56.736561666  -16.459513367
    2.760793544    2.094395102   50.919348557  -69.065737892  -18.037175578
    2.951193099    2.094395102   37.493068516  -70.046237001  -18.989734859

   -3.141592654    2.443460953   18.739239187  -59.321442018  -13.760797397
   -2.951193099    2.443460953    9.235315411  -39.759384493  -12.466477629
   -2.760793544    2.443460953    3.740621794  -18.291130249  -10.439285850
   -2.570393989    2.443460953    2.003481604   -1.174480218   -7.809419273
   -2.379994435    2.443460953    2.754408337    7.459711677   -4.706545856
   -2.189594880    2.443460953    4.278080793    7.235449861   -1.190633143
   -1.999195325    2.443460953    5.158553327    1.508137582    2.728039347
   -1.808795770    2.443460953    4.855554886   -4.224396493    6.974499464
   -1.618396215    2.443460953    3.885516656   -4.807783751   11.295584458
   -1.427996661    2.443460953    3.530094531    2.370820657   15.262736149
   -1.237597106    2.443460953    5.235951189   16.375231084   18.421035862
   -1.047197551    2.443460953    9.969911328   33.337744161   20.481232399
   -0.856797996    2.443460953   17.818405279   48.257250333   21.416251988
   -0.666398442    2.443460953   27.970559175   56.939214002   21.388956011
   -0.475998887    2.443460953   38.988313548   57.156720587   20.580176351
   -0.285599332    2.443460953   49.213732976   48.785437033   19.047338042
   -0.095199777    2.443460953   57.137099846   33.374619669   16.690271963
    0.095199777    2.443460953   61.679026975   13.857644902   13.334140105
    0.285599332    2.443460953   62.432099261   -5.644650355    8.886020177
    0.475998887    2.443460953   59.856126532  -20.317996351    3.498770759
    0.666398442    2.443460953   55.302128301  -25.826396031   -2.347724360
    0.856797996    2.443460953   50.760658551  -20.174384706   -7.885444944
    1.047197551    2.443460953   48.259016280   -4.993776656  -12.292558401
    1.237597106    2.443460953   49.145326198   14.303393310  -15.002430007
    1.427996661    2.443460953   53.517722260   30.425881046  -15.939749581
    1.618396215    2.443460953   60.133522613   37.037713001  -15.533160779
    1.808795770    2.443460953   66.825204374   31.080968536  -14.501616976
    1.999195325    2.443460953   71.236306417   13.569900752  -13.542265187
    2.189594880    2.443460953   71.531402850  -11.237752018  -13.082350023
    2.379994435    2.443460953   66.871125492  -37.429663766  -13.197521778
    2.570393989    2.443460953   57.576208589  -58.978603502  -13.678304516
    2.760793544    2.443460953   45.018995698  -71.042219506  -14.164562264
    2.951193099    2.443460953   31.303314122  -70.998073568  -14.285059561

   -3.141592654    2.792526803   15.330509349  -58.300312080    1.007055174
   -2.951193099    2.792526803    6.108603851  -37.813542070    3.127875708
   -2.760793544    2.792526803    1.081419694  -15.338509953    5.077118341
   -2.570393989    2.792526803    0.000000000    2.743519427    6.850187988
   -2.379994435    2.792526803    1.584132396   12.282582621    8.619796395
   -2.189594880    2.792526803    4.112164908   12.959839472   10.697813125
   -1.999195325    2.792526803    6.168920631    8.125127107   13.390360651
   -1.808795770    2.792526803    7.199121043    3.104663852   16.795034544
   -1.618396215    2.792526803    7.656469106    2.745671597   20.652088015
   -1.427996661    2.792526803    8.702695058    9.404422609   24.370117558
   -1.237597106    2.792526803   11.635134852   22.107700769   27.235414002
   -1.047197551    2.792526803   17.289066248   37.200470572   28.690968637
   -0.856797996    2.792526803   25.670767594   49.966709752   28.518473796
   -0.666398442    2.792526803   35.934803843   56.385059203   26.820522994
   -0.475998887    2.792526803   46.623350816   54.225441023   23.862828813
   -0.285599332    2.792526803   56.049996403   43.293379965   19.904865735
   -0.095199777    2.792526803   62.672274629   25.196931516   15.120621097
    0.095199777    2.792526803   65.412793086    3.185359018    9.640646642
    0.285599332    2.792526803   63.950740367  -18.060534027    3.666953636
    0.475998887    2.792526803   58.949371504  -33.110197769   -2.416718018
    0.666398442    2.792526803   52.062690525  -37.223728085   -8.030638716
    0.856797996    2.792526803   45.618159591  -28.516668920  -12.498973501
    1.047197551    2.792526803   41.903547209   -9.294791346  -15.279604870
    1.237597106    2.792526803   42.359105780   13.992378730  -16.192359064
    1.427996661    2.792526803   46.975854987   33.080154197  -15.503997409
    1.618396215    2.792526803   54.257504067   41.124502169  -13.805500610
    1.808795770    2.792526803   61.744250907   35.149244460  -11.747008795
    1.999195325    2.792526803   66.848791927   16.693542103   -9.790058434
    2.189594880    2.792526803   67.619808542   -9.356566417   -8.089260889
    2.379994435    2.792526803   63.210147618  -36.614110239   -6.546755454
    2.570393989    2.792526803   54.001785373  -58.803395276   -4.960152663
    2.760793544    2.792526803   41.456304263  -71.017570052   -3.170136662
    2.951193099    2.792526803   27.769120867  -70.664349168   -1.147661442
