#! FIELDS phi psi file.free der_phi der_psi
#! SET min_phi -pi
#! SET max_phi pi
#! SET nbins_phi  33
#! SET periodic_phi true
#! SET min_psi -pi
#! SET max_psi pi
#! SET nbins_psi  18
#! SET periodic_psi true
   -3.141592654   -3.141592654   18.647910978  -55.494504156   14.848897895
   -2.951193099   -3.141592654    9.776237723  -36.769928104   17.528602388
   -2.760793544   -3.141592654    4.869958333  -14.889603231   19.399028462
   -2.570393989   -3.141592654    3.909072148    3.752628611   20.546414141
   -2.379994435   -3.141592654    5.800367011   14.604617027   21.325744885
   -2.189594880   -3.141592654    8.920434520   16.879792782   22.234000462
   -1.999195325   -3.141592654   11.866665242   13.502843916   23.680074884
   -1.808795770   -3.141592654   14.017779441    9.371743182   25.757994001
   -1.618396215   -3.141592654   15.674466424    8.886078065   28.135722463
   -1.427996661   -3.141592654   17.766929012   14.027784728   30.146891934
   -1.237597106   -3.141592654   21.316521462   23.779727149   31.050138707
   -1.047197551   -3.141592654   26.916947993   34.875612680   30.339059192
   -0.856797996   -3.141592654   34.440987552   43.315533414   27.930479718
   -0.666398442   -3.141592654   43.056579720   45.874900591   24.128451027
   -0.475998887   -3.141592654   51.460219980   40.984626882   19.430749408
   -0.285599332   -3.141592654   58.226133317   28.890602810   14.295894267
   -0.095199777   -3.141592654   62.131737466   11.382427158    8.999261399
    0.095199777   -3.141592654   62.427556421   -8.405404981    3.658645399
    0.285599332   -3.141592654   59.072829289  -26.159476753   -1.630088696
    0.475998887   -3.141592654   52.917766143  -37.062478147   -6.633667885
    0.666398442   -3.141592654   45.671188176  -37.115705788  -10.922217083
    0.856797996   -3.141592654   39.565532689  -25.241484329  -13.962626630
    1.047197551   -3.141592654   36.651067515   -4.426824854  -15.342522288
    1.237597106   -3.141592654   38.038093147   18.652052388  -14.990415094
    1.427996661   -3.141592654   43.407186284   36.211538062  -13.223712157
    1.618396215   -3.141592654   51.108459852   42.506855689  -10.600031269
    1.808795770   -3.141592654   58.761533758   35.785036912   -7.656537414
    1.999195325   -3.141592654   64.045877277   18.243490908   -4.708975896
    2.189594880   -3.141592654   65.310430782   -5.570964743   -1.796109216
    2.379994435   -3.141592654   61.857914231  -30.428379221    1.217034152
    2.570393989   -3.141592654   53.975666893  -51.318819252    4.473008481
    2.760793544   -3.141592654   42.840919600  -63.976899573    7.981217797
    2.951193099   -3.141592654   30.330588510  -65.509835212   11.551703557

   -3.141592654   -2.792526803   25.652024494  -49.926287284   22.710246307
   -2.951193099   -2.792526803   17.645190508  -33.330090054   25.397808653
   -2.760793544   -2.792526803   13.185426148  -13.580478743   26.837130677
   -2.570393989   -2.792526803   12.321393303    3.626041718   27.257338686
   -2.379994435   -2.792526803   14.142738761   14.204103813   27.203247240
   -2.189594880   -2.792526803   17.255047192   17.361796275   27.314743466
   -1.999195325   -2.792526803   20.434778544   15.521935743   28.034263322
   -1.808795770   -2.792526803   23.111126229   12.771226751   29.390790235
   -1.618396215   -2.792526803   25.474791970   12.700191174   30.951409645
   -1.427996661   -2.792526803   28.219022130   16.806678919   31.983221066
   -1.237597106   -2.792526803   32.083750235   24.117716093   31.745254753
   -1.047197551   -2.792526803   37.440348665   31.911357257   29.792171893
   -0.856797996   -2.792526803   44.074094662   36.996428468   26.135307969
   -0.666398442   -2.792526803   51.215389806   36.877475406   21.183431142
   -0.475998887   -2.792526803   57.733167427   30.376628558   15.535979419
   -0.285599332   -2.792526803   62.411287614   17.736950814    9.739401936
   -0.095199777   -2.792526803   64.208999591    0.514817354    4.131036539
    0.095199777   -2.792526803   62.509606564  -18.407512866   -1.132030256
    0.285599332   -2.792526803   57.370701427  -34.808231799   -5.940836799
    0.475998887   -2.792526803   49.739131952  -43.818729945  -10.084771126
    0.666398442   -2.792526803   41.431943393  -41.404926581  -13.209784932
    0.856797996   -2.792526803   34.776966109  -26.672345545  -14.931402088
    1.047197551   -2.792526803   31.859183819   -3.073253779  -15.032439955
    1.237597106   -2.792526803   33.723232935   22.183791507  -13.623860413
    1.427996661   -2.792526803   39.898880572   41.001526024  -11.115235210
    1.618396215   -2.792526803   48.562175971   47.717255292   -8.029320879
    1.808795770   -2.792526803   57.209560779   40.993290096   -4.760654596
    1.999195325   -2.792526803   63.487382292   23.518470708   -1.446231594
    2.189594880   -2.792526803   65.790968541    0.135739743    2.016284577
    2.379994435   -2.792526803   63.495522015  -23.950264248    5.813933369
    2.570393989   -2.792526803   56.925303622  -44.053068713   10.034242017
    2.760793544   -2.792526803   47.216746154  -56.386588529   14.539957143
    2.951193099   -2.792526803   36.117439058  -58.454044026   18.940194896

   -3.141592654   -2.443460953   33.546799321  -44.098756509   21.555130520
   -2.951193099   -2.443460953   26.451185841  -29.655778779   23.733383235
   -2.760793544   -2.443460953   22.479494714  -12.072643688   24.736201401
   -2.570393989   -2.443460953   21.742362262    3.601372133   24.785524852
   -2.379994435   -2.443460953   23.493958281   13.675384908   24.357744761
   -2.189594880   -2.443460953   26.536069082   17.276997115   23.972340221
   -1.999195325   -2.443460953   29.780117445   16.292287601   23.942000214
   -1.808795770   -2.443460953   32.662602348   14.047408299   24.223291319
   -1.618396215   -2.443460953   35.241715624   13.490666580   24.423298695
   -1.427996661   -2.443460953   37.991860785   15.885089261   23.972231551
   -1.237597106   -2.443460953   41.438589844   20.551136019   22.364689717
   -1.047197551   -2.443460953   45.837035082   25.455827495   19.382682669
   -0.856797996   -2.443460953   51.003209264   28.191883305   15.187112730
   -0.666398442   -2.443460953   56.326577446   26.798210729   10.236208240
   -0.475998887   -2.443460953   60.896724327   20.196096055    5.095836251
   -0.285599332   -2.443460953   63.698782605    8.326405021    0.234350266
   -0.095199777   -2.443460953   63.815389450   -7.688349296   -4.112695858
    0.095199777   -2.443460953   60.677824758  -25.299937094   -7.898053934
    0.285599332   -2.443460953   54.353047658  -40.349429789  -11.134559242
    0.475998887   -2.443460953   45.807369225  -47.820904404  -13.744751290
    0.666398442   -2.443460953   36.910417670  -43.529778408  -15.503570274
    0.856797996   -2.443460953   30.052675399  -26.634810246  -16.131847519
    1.047197551   -2.443460953   27.346620023   -0.917470906  -15.459384196
    1.237597106   -2.443460953   29.788941733   26.009706030  -13.571255800
    1.427996661   -2.443460953   36.797858669   45.812548779  -10.794696447
    1.618396215   -2.443460953   46.420988194   52.913995773   -7.556202121
    1.808795770   -2.443460953   56.071186185   46.316082313   -4.182378682
    1.999195325   -2.443460953   63.381685777   29.086101847   -0.797564165
    2.189594880   -2.443460953   66.793997094    6.267247594    2.668088978
    2.379994435   -2.443460953   65.742367128  -17.002259820    6.354550926
    2.570393989   -2.443460953   60.571694904  -36.349140777   10.317378967
    2.760793544   -2.443460953   52.366471312  -48.426381425   14.423658858
    2.951193099   -2.443460953   42.741747970  -51.094005173   18.322728436

   -3.141592654   -2.094395102   39.745697543  -40.070023476   13.769245709
   -2.951193099   -2.094395102   33.262482794  -27.291102808   14.957506771
   -2.760793544   -2.094395102   29.583902071  -11.308137684   15.434030472
   -2.570393989   -2.094395102   28.876563078    3.258493209   15.336863279
   -2.379994435   -2.094395102   30.512489593   12.914589616   14.910790122
   -2.189594880   -2.094395102   33.414174471   16.616336460   14.376456620
   -1.999195325   -2.094395102   36.550312082   15.786668794   13.800752390
   -1.808795770   -2.094395102   39.317371971   13.228995850   13.055475963
   -1.618396215   -2.094395102   41.648795975   11.572072947   11.879100877
   -1.427996661   -2.094395102   43.867412923   12.123495028   10.020619798
   -1.237597106   -2.094395102   46.391231612   14.621017675    7.373844543
   -1.047197551   -2.094395102   49.470775188   17.646868865    4.055196076
   -0.856797996   -2.094395102   53.035282883   19.359826554    0.378429960
   -0.666398442   -2.094395102   56.667703377   18.059808507   -3.260902329
   -0.475998887   -2.094395102   59.661666381   12.521962469   -6.525107512
   -0.285599332   -2.094395102   61.146491749    2.201631761   -9.238111640
   -0.095199777   -2.094395102   60.244075489  -12.307636695  -11.436428250
    0.095199777   -2.094395102   56.340608807  -28.791412424  -13.281473128
    0.285599332   -2.094395102   49.428884686  -43.052406705  -14.928032469
    0.475998887   -2.094395102   40.438621618  -49.744287924  -16.378849441
    0.666398442   -2.094395102   31.275554191  -44.316040717  -17.421504961
    0.856797996   -2.094395102   24.415270707  -25.793670525  -17.713339327
    1.047197551   -2.094395102   22.046904004    1.802921874  -16.952052300
    1.237597106   -2.094395102   25.173843607   30.414344706  -15.058363790
    1.427996661   -2.094395102   33.138609883   51.328689797  -12.232205283
    1.618396215   -2.094395102   43.864170643   58.872919282   -8.866228922
    1.808795770   -2.094395102   54.652526896   52.251318580   -5.362760012
    1.999195325   -2.094395102   63.078760226   34.870142890   -1.998291111
    2.189594880   -2.094395102   67.587566993   12.029794153    1.136731636
    2.379994435   -2.094395102   67.647382442  -11.077123012    4.079587951
    2.570393989   -2.094395102   63.624237789  -30.245195632    6.886469052
    2.760793544   -2.094395102   56.578084535  -42.436251601    9.540509739
    2.951193099   -2.094395102   48.040649687  -45.776354871   11.903971973

   -3.141592654   -1.745329252   42.852788340  -38.116446841    6.382551410
   -2.951193099   -1.745329252   36.657998307  -26.248441347    6.649907624
   -2.760793544   -1.745329252   33.085041705  -11.236795015    6.552471419
   -2.570393989   -1.745329252   32.307497914    2.480975196    6.149014383
   -2.379994435   -1.745329252   33.730740153   11.486658228    5.502385458
   -2.189594880   -1.745329252   36.307052185   14.622385254    4.617683159
   -1.999195325   -1.745329252   38.999331116   13.078466102    3.407729097
   -1.808795770   -1.745329252   41.157673147    9.490077052    1.728071427
   -1.618396215   -1.745329252   42.656807673    6.550081495   -0.531207895
   -1.427996661   -1.745329252   43.798684858    5.882313277   -3.339939712
   -1.237597106   -1.745329252   45.054181656    7.661953562   -6.485753449
   -1.047197551   -1.745329252   46.803949869   10.801231553   -9.612210631
   -0.856797996   -1.745329252   49.148259850   13.531689182  -12.328078844
   -0.666398442   -1.745329252   51.824111771   13.919728249  -14.336172187
   -0.475998887   -1.745329252   54.211939222   10.301200904  -15.523944183
   -0.285599332   -1.745329252   55.437965867    1.621616198  -15.982647175
   -0.095199777   -1.745329252   54.531705257  -11.893558695  -15.986927194
    0.095199777   -1.745329252   50.739633722  -28.154638249  -15.880863905
    0.285599332   -1.745329252   43.921867407  -42.761441112  -15.948900000
    0.475998887   -1.745329252   34.940525226  -49.905623816  -16.276361278
    0.666398442   -1.745329252   25.733042380  -44.515450824  -16.681519279
    0.856797996   -1.745329252   18.889202790  -25.292033492  -16.784541958
    1.047197551   -1.745329252   16.738778097    3.674562794  -16.172294310
    1.237597106   -1.745329252   20.377213573   33.904872797  -14.608947606
    1.427996661   -1.745329252   29.143996101   56.166994739  -12.148981897
    1.618396215   -1.745329252   40.870274996   64.417999797   -9.109597342
    1.808795770   -1.745329252   52.726665533   57.807690147   -5.912186365
    1.999195325   -1.745329252   62.171836020   39.954490338   -2.928100017
    2.189594880   -1.745329252   67.588176412   16.469445774   -0.365008420
    2.379994435   -1.745329252   68.437559045   -7.206615469    1.731127274
    2.570393989   -1.745329252   65.110205451  -26.786291810    3.409895531
    2.760793544   -1.745329252   58.689891346  -39.326497048    4.737433543
    2.951193099   -1.745329252   50.704206379  -43.124611308    5.735277643

   -3.141592654   -1.396263402   41.990182978  -39.011053962    3.582282432
   -2.951193099   -1.396263402   35.639502218  -26.983188332    3.058262450
   -2.760793544   -1.396263402   31.943067406  -11.821213249    2.262478087
   -2.570393989   -1.396263402   31.054383821    1.848453252    1.243016925
   -2.379994435   -1.396263402   32.325241583   10.446692295   -0.017592820
   -2.189594880   -1.396263402   34.628918324   12.720836288   -1.630491411
   -1.999195325   -1.396263402   36.842541741    9.898366912   -3.760730199
   -1.808795770   -1.396263402   38.255715675    4.843616526   -6.517338091
   -1.618396215   -1.396263402   38.744973022    0.672020353   -9.824230265
   -1.427996661   -1.396263402   38.704503872   -0.502054190  -13.359462830
   -1.237597106   -1.396263402   38.780280943    1.848245044  -16.621717262
   -1.047197551   -1.396263402   39.565138882    6.644978858  -19.097957482
   -0.856797996   -1.396263402   41.337901209   11.757744598  -20.441872764
   -0.666398442   -1.396263402   43.918092059   14.647225874  -20.576677596
   -0.475998887   -1.396263402   46.647675867   13.040133439  -19.690934162
   -0.285599332   -1.396263402   48.514745888    5.435220968  -18.150014803
   -0.095199777   -1.396263402   48.350437136   -8.091558142  -16.403457087
    0.095199777   -1.396263402   45.202920680  -25.321775267  -14.866256166
    0.285599332   -1.396263402   38.784817370  -41.443136181  -13.815607326
    0.475998887   -1.396263402   29.909083005  -50.047417124  -13.300273328
    0.666398442   -1.396263402   20.585057427  -45.447003054  -13.110315899
    0.856797996   -1.396263402   13.572577449  -25.948730893  -12.865265322
    1.047197551   -1.396263402   11.407534861    4.308870322  -12.170871436
    1.237597106   -1.396263402   15.338125425   36.360461143  -10.795177500
    1.427996661   -1.396263402   24.739939329   60.282319849   -8.758758240
    1.618396215   -1.396263402   37.352487166   69.449567816   -6.302973938
    1.808795770   -1.396263402   50.177484471   62.777171599   -3.760409955
    1.999195325   -1.396263402   60.494884871   44.030079239   -1.430738675
    2.189594880   -1.396263402   66.562532099   19.190848943    0.503415197
    2.379994435   -1.396263402   67.795226138   -5.885091905    1.976013882
    2.570393989   -1.396263402   64.605223859  -26.604840446    2.992924905
    2.760793544   -1.396263402   58.142469116  -39.881555669    3.583012438
    2.951193099   -1.396263402   50.013987246  -44.006503449    3.771206385

   -3.141592654   -1.047197551   39.832116034  -42.294000998    4.355487382
   -2.951193099   -1.047197551   32.885144439  -29.895205078    3.108254179
   -2.760793544   -1.047197551   28.695108862  -14.079681858    1.428698151
   -2.570393989   -1.047197551   27.433642150    0.137806384   -0.554098798
   -2.379994435   -1.047197551   28.393963607    8.785429133   -2.773029791
   -2.189594880   -1.047197551   30.331250382   10.420243827   -5.275802757
   -1.999195325   -1.047197551   32.000240840    6.422524586   -8.183605102
   -1.808795770   -1.047197551   32.631199326    0.152081392  -11.550922277
   -1.618396215   -1.047197551   32.154737604   -4.627004590  -15.205579964
   -1.427996661   -1.047197551   31.133115386   -5.300730858  -18.693269419
   -1.237597106   -1.047197551   30.439706974   -1.250030308  -21.393064208
   -1.047197551   -1.047197551   30.866001336    6.063796285  -22.762944398
   -0.856797996   -1.047197551   32.784999326   13.836586195  -22.567361777
   -0.666398442   -1.047197551   35.976492968   18.843556778  -20.965049631
   -0.475998887   -1.047197551   39.630317803   18.359447535  -18.425344801
   -0.285599332   -1.047197551   42.526597300   10.734466717  -15.538053929
   -0.095199777   -1.047197551   43.287833052   -3.814092921  -12.830155007
    0.095199777   -1.047197551   40.802960148  -22.708962049  -10.631697128
    0.285599332   -1.047197551   34.709621568  -40.620221036   -9.025032009
    0.475998887   -1.047197551   25.851109818  -50.573078429   -7.869576123
    0.666398442   -1.047197551   16.367054380  -46.440850953   -6.892273442
    0.856797996   -1.047197551    9.204080011  -26.389369222   -5.834046160
    1.047197551   -1.047197551    7.074702829    5.202941363   -4.556751493
    1.237597106   -1.047197551   11.328446445   38.841896539   -3.079362627
    1.427996661   -1.047197551   21.333175943   64.028586016   -1.526134702
    1.618396215   -1.047197551   34.724360840   73.738721497   -0.039750940
    1.808795770   -1.047197551   48.352229287   66.781204552    1.294602443
    1.999195325   -1.047197551   59.349219841   47.067312180    2.457869172
    2.189594880   -1.047197551   65.868007063   20.845902034    3.465140239
    2.379994435   -1.047197551   67.271352345   -5.750490148    4.312584603
    2.570393989   -1.047197551   63.967798687  -27.899907324    4.941061786
    2.760793544   -1.047197551   57.143261426  -42.322655109    5.235340536
    2.951193099   -1.047197551   48.475709549  -47.144264575    5.068042298

   -3.141592654   -0.698131701   40.061700418  -45.544948214    3.524052938
   -2.951193099   -0.698131701   32.417319944  -33.902973407    1.386661193
   -2.760793544   -0.698131701   27.423381046  -18.448338165   -1.212244698
   -2.570393989   -0.698131701   25.320528986   -4.301488741   -4.053919505
   -2.379994435   -0.698131701   25.432784475    4.296098502   -7.000328456
   -2.189594880   -0.698131701   26.493413432    5.654211824  -10.052422230
   -1.999195325   -0.698131701   27.209756308    1.166110014  -13.276420528
   -1.808795770   -0.698131701   26.800594644   -5.443991435  -16.629084554
   -1.618396215   -0.698131701   25.278232882   -9.852317407  -19.802448042
   -1.427996661   -0.698131701   23.383931128   -9.041459612  -22.233617855
   -1.237597106   -0.698131701   22.205768734   -2.461322492  -23.309838873
   -1.047197551   -0.698131701   22.684879926    7.841316250  -22.672306506
   -0.856797996   -0.698131701   25.203844306   18.236086654  -20.417251868
   -0.666398442   -0.698131701   29.403365507   24.820844806  -17.071945076
   -0.475998887   -0.698131701   34.242205150   24.610917715  -13.372620831
   -0.285599332   -0.698131701   38.262892650   16.136415403   -9.976737216
   -0.095199777   -0.698131701   39.916174481    0.091625885   -7.242293743
    0.095199777   -0.698131701   38.023325858  -20.362338334   -5.161185766
    0.285599332   -0.698131701   32.260870078  -39.388394272   -3.438764182
    0.475998887   -0.698131701   23.587966699  -49.726397315   -1.687525182
    0.666398442   -0.698131701   14.285710823  -45.291258233    0.348672348
    0.856797996   -0.698131701    7.405851423  -24.555448902    2.628398948
    1.047197551   -0.698131701    5.692699118    7.687118394    4.828315308
    1.237597106   -0.698131701   10.455853611   41.625720979    6.531825689
    1.427996661   -0.698131701   20.985595166   66.687682279    7.465367653
    1.618396215   -0.698131701   34.846865715   75.983525831    7.639693454
    1.808795770   -0.698131701   48.855338002   68.534108162    7.317710741
    1.999195325   -0.698131701   60.143710373   48.387364052    6.852649901
    2.189594880   -0.698131701   66.877492064   21.785478807    6.505275534
    2.379994435   -0.698131701   68.419237144   -5.259328868    6.339616470
    2.570393989   -0.698131701   65.150293195  -28.072254358    6.217051233
    2.760793544   -0.698131701   58.208189751  -43.425354228    5.868923673
    2.951193099   -0.698131701   49.227409761  -49.347922610    5.025134711

   -3.141592654   -0.349065850   40.973811300  -49.454361590    2.363550635
   -2.951193099   -0.349065850   32.476716599  -38.868488555   -0.208278243
   -2.760793544   -0.349065850   26.472637815  -24.001105570   -3.181200074
   -2.570393989   -0.349065850   23.292090054  -10.011117067   -6.291683791
   -2.379994435   -0.349065850   22.319159332   -1.383254340   -9.365260001
   -2.189594880   -0.349065850   22.299499868   -0.023123914  -12.371642342
   -1.999195325   -0.349065850   21.935731277   -4.471640748  -15.329411444
   -1.808795770   -0.349065850   20.486633550  -10.612226216  -18.116999882
   -1.618396215   -0.349065850   18.094917196  -13.628388183  -20.340138308
   -1.427996661   -0.349065850   15.703481833  -10.308493792  -21.408374966
   -1.237597106   -0.349065850   14.587709151   -0.476227129  -20.806661578
   -1.047197551   -0.349065850   15.752527909   12.953594462  -18.417923530
   -0.856797996   -0.349065850   19.463448024   25.403490432  -14.662284071
   -0.666398442   -0.349065850   25.095549047   32.418882432  -10.349120036
   -0.475998887   -0.349065850   31.296850748   31.101273764   -6.333821411
   -0.285599332   -0.349065850   36.371351960   20.637521442   -3.174626743
   -0.095199777   -0.349065850   38.687341024    2.628306517   -0.929929491
    0.095199777   -0.349065850   37.152054801  -18.958923151    0.794755369
    0.285599332   -0.349065850   31.645613922  -37.903372740    2.615620067
    0.475998887   -0.349065850   23.348290763  -47.148965153    5.031937058
    0.666398442   -0.349065850   14.670883944  -41.345478354    8.133206702
    0.856797996   -0.349065850    8.632542703  -19.848604717   11.488467019
    1.047197551   -0.349065850    7.799174116   11.997004699   14.322949875
    1.237597106   -0.349065850   13.256087633   44.454664856   15.907888444
    1.427996661   -0.349065850   24.141209239   67.582294206   15.920333720
    1.618396215   -0.349065850   38.008811736   75.263360969   14.580075811
    1.808795770   -0.349065850   51.789085835   67.011044772   12.495412238
    1.999195325   -0.349065850   62.777737404   46.877961750   10.353003163
    2.189594880   -0.349065850   69.264577738   20.734188989    8.622454837
    2.379994435   -0.349065850   70.648412604   -5.913345563    7.423809054
    2.570393989   -0.349065850   67.257365435  -28.801855503    6.559560971
    2.760793544   -0.349065850   60.119737759  -44.851177725    5.649509528
    2.951193099   -0.349065850   50.761331275  -51.951753724    4.322773265

   -3.141592654    0.000000000   41.732994828  -53.601549931    0.694172836
   -2.951193099    0.000000000   32.351782771  -43.911676400   -1.688369945
   -2.760793544    0.000000000   25.342526954  -29.409911211   -4.279784493
   -2.570393989    0.000000000   21.138202886  -15.287483955   -6.876254121
   -2.379994435    0.000000000   19.194345479   -6.286306326   -9.361694943
   -2.189594880    0.000000000   18.278716781   -4.530009765  -11.726482513
   -1.999195325    0.000000000   17.100384941   -8.479346175  -13.950610354
   -1.808795770    0.000000000   14.969908775  -13.641600749  -15.839151333
   -1.618396215    0.000000000   12.161377460  -14.815446828  -16.956525939
   -1.427996661    0.000000000    9.789801662   -8.797200389  -16.777345673
   -1.237597106    0.000000000    9.247396565    4.006520197  -14.981671275
   -1.047197551    0.000000000   11.503755911   19.743020631  -11.721146228
   -0.856797996    0.000000000   16.615156689   33.044318395   -7.644214321
   -0.666398442    0.000000000   23.649686008   39.259388585   -3.633178661
   -0.475998887    0.000000000   30.979942209   35.989101443   -0.411716105
   -0.285599332    0.000000000   36.776738264   23.387709034    1.758021500
   -0.095199777    0.000000000   39.469475215    4.031366268    3.183771975
    0.095199777    0.000000000   38.181816957  -17.513413197    4.567736663
    0.285599332    0.000000000   33.065453439  -35.074135312    6.667559245
    0.475998887    0.000000000   25.496642697  -42.314284261    9.898554001
    0.666398442    0.000000000   17.900105387  -35.017780730   14.056804718
    0.856797996    0.000000000   13.096656712  -13.528897081   18.312822791
    1.047197551    0.000000000   13.321912913   16.502952738   21.537991877
    1.237597106    0.000000000   19.357177417   45.899059573   22.828032977
    1.427996661    0.000000000   30.205542634   65.836093292   21.911722694
    1.618396215    0.000000000   43.505608668   71.274354928   19.233169592
    1.808795770    0.000000000   56.428148812   62.246645795   15.680343354
    1.999195325    0.000000000   66.541424799   42.620871758   12.167856101
    2.189594880    0.000000000   72.323086470   17.627902028    9.286920593
    2.379994435    0.000000000   73.222637155   -7.960045869    7.184651148
    2.570393989    0.000000000   69.495264650  -30.420985357    5.645242667
    2.760793544    0.000000000   62.025976852  -46.844231281    4.269386090
    2.951193099    0.000000000   52.201036703  -54.931747673    2.686660488

   -3.141592654    0.349065850   42.955744364  -56.600154036    0.290282744
   -2.951193099    0.349065850   32.925664447  -47.664382518   -1.110616482
   -2.760793544    0.349065850   25.153513589  -33.592431503   -2.578089620
   -2.570393989    0.349065850   20.141564079  -19.528752711   -4.062287312
   -2.379994435    0.349065850   17.404878224  -10.340500987   -5.553245007
   -2.189594880    0.349065850   15.746837529   -8.242374385   -7.065529841
   -1.999195325    0.349065850   13.914283562  -11.570445067   -8.542588718
   -1.808795770    0.349065850   11.297761441  -15.532587173   -9.755906522
   -1.618396215    0.349065850    8.304893582  -14.734570915  -10.304695050
   -1.427996661    0.349065850    6.183596189   -6.202274766   -9.787946995
   -1.237597106    0.349065850    6.368616837    8.949527573   -8.053982053
   -1.047197551    0.349065850    9.714843931   26.011276572   -5.369329402
   -0.856797996    0.349065850   16.026118512   39.120578579   -2.353275111
   -0.666398442    0.349065850   24.089001537   43.824446395    0.318228094
   -0.475998887    0.349065850   32.096721886   38.534074760    2.254218364
   -0.285599332    0.349065850   38.222095276   24.462767531    3.538195836
   -0.095199777    0.349065850   41.082792696    4.982468255    4.712729877
    0.095199777    0.349065850   40.091110631  -15.113264265    6.514083617
    0.285599332    0.349065850   35.662838042  -30.145674656    9.516085077
    0.475998887    0.349065850   29.283319652  -34.864530411   13.789331355
    0.666398442    0.349065850   23.251667295  -26.351497144   18.747085626
    0.856797996    0.349065850   20.044421575   -5.845344409   23.280775160
    1.047197551    0.349065850   21.461785977   21.023563635   26.178998412
    1.237597106    0.349065850   27.949697188   46.053970501   26.652033246
    1.427996661    0.349065850   38.420322122   61.888222258   24.657881173
    1.618396215    0.349065850   50.690190329   64.718877563   20.871910476
    1.808795770    0.349065850   62.272230355   55.047876104   16.333293434
    1.999195325    0.349065850   71.086256569   36.380515184   12.015145404
    2.189594880    0.349065850   75.840065434   13.123446311    8.508317856
    2.379994435    0.349065850   76.046763513  -10.802602683    5.955162377
    2.570393989    0.349065850   71.887261804  -32.255754553    4.168343090
    2.760793544    0.349065850   64.097737898  -48.507158082    2.812790430
    2.951193099    0.349065850   53.915770399  -57.104474842    1.582072614

   -3.141592654    0.698131701   44.518078369  -56.885194850   -0.779817538
   -2.951193099    0.698131701   34.384737575  -48.481254709   -0.966162227
   -2.760793544    0.698131701   26.392080059  -35.086874526   -1.033799557
   -2.570393989    0.698131701   21.031405894  -21.676301469   -1.141387157
   -2.379994435    0.698131701   17.834448943  -12.987991730   -1.426484791
   -2.189594880    0.698131701   15.644703236  -11.120001787   -1.953216887
   -1.999195325    0.698131701   13.274849590  -14.251986807   -2.661622544
   -1.808795770    0.698131701   10.210947707  -17.448302795   -3.356063964
   -1.618396215    0.698131701    6.972229618  -15.322911608   -3.758570474
   -1.427996661    0.698131701    4.890757022   -5.189050433   -3.636156385
   -1.237597106    0.698131701    5.405991685   11.312641923   -2.927668457
   -1.047197551    0.698131701    9.274354800   28.971319516   -1.792779574
   -0.856797996    0.698131701   16.132626751   41.766830264   -0.525062775
   -0.666398442    0.698131701   24.617961910   45.578547543    0.645127353
   -0.475998887    0.698131701   32.877336804   39.503327300    1.724644248
   -0.285599332    0.698131701   39.174272528   25.484128467    3.004816982
   -0.095199777    0.698131701   42.330744202    7.276253758    4.976345186
    0.095199777    0.698131701   41.985603135  -10.482517002    8.087777099
    0.285599332    0.698131701   38.695272283  -22.856720659   12.483193477
    0.475998887    0.698131701   33.904149937  -25.696073703   17.791615328
    0.666398442    0.698131701   29.659311508  -17.119954460   23.111535685
    0.856797996    0.698131701   28.035923898    1.179482427   27.248438251
    1.047197551    0.698131701   30.428127459   24.007697411   29.150231781
    1.237597106    0.698131701   37.036168202   44.345335016   28.343453257
    1.427996661    0.698131701   46.782760493   56.224661090   25.116656962
    1.618396215    0.698131701   57.730854709   56.829878908   20.359277269
    1.808795770    0.698131701   67.756559939   46.900461752   15.155558656
    1.999195325    0.698131701   75.120464668   29.487462345   10.396281041
    2.189594880    0.698131701   78.746738673    8.227221454    6.558081143
    2.379994435    0.698131701   78.217444209  -13.682477477    3.728704399
    2.570393989    0.698131701   73.668119153  -33.570724891    1.767557828
    2.760793544    0.698131701   65.726767889  -48.894557033    0.467950141
    2.951193099    0.698131701   55.508137931  -57.188575681   -0.339903800

   -3.141592654    1.047197551   43.027007887  -57.238793597   -5.343661989
   -2.951193099    1.047197551   32.914176487  -47.938604768   -4.719567560
   -2.760793544    1.047197551   25.080896946  -34.022282434   -3.659653482
   -2.570393989    1.047197551   19.935911508  -20.547207155   -2.507794995
   -2.379994435    1.047197551   16.927656643  -12.181483431   -1.581194746
   -2.189594880    1.047197551   14.844256679  -10.814446785   -1.058624632
   -1.999195325    1.047197551   12.489189581  -14.370197677   -0.937961795
   -1.808795770    1.047197551    9.382491990  -17.729609645   -1.082502090
   -1.618396215    1.047197551    6.098288297  -15.481433390   -1.314408145
   -1.427996661    1.047197551    4.012322807   -5.071532625   -1.499645285
   -1.237597106    1.047197551    4.574450345   11.660096198   -1.571975623
   -1.047197551    1.047197551    8.519574416   29.391319500   -1.498424765
   -0.856797996    1.047197551   15.457888515   42.189324735   -1.219568082
   -0.666398442    1.047197551   24.037593826   46.214052584   -0.592718196
   -0.475998887    1.047197551   32.479945320   40.903523495    0.610963354
   -0.285599332    1.047197551   39.177604376   28.427839591    2.655590345
   -0.095199777    1.047197551   43.098685862   12.449826566    5.756870510
    0.095199777    1.047197551   43.973407316   -2.866192107    9.937796163
    0.285599332    1.047197551   42.325868476  -13.393360965   14.908428331
    0.475998887    1.047197551   39.401755125  -15.858053215   20.004112077
    0.666398442    1.047197551   36.906035944   -8.938643782   24.282590771
    0.856797996    1.047197551   36.526097384    5.790314565   26.796850913
    1.047197551    1.047197551   39.363949047   24.003271743   26.939577534
    1.237597106    1.047197551   45.539959188   39.955532971   24.693134892
    1.427996661    1.047197551   54.132227851   48.776204959   20.625199062
    1.618396215    1.047197551   63.513833236   48.117468725   15.634990176
    1.808795770    1.047197551   71.888023537   38.475117822   10.590765014
    1.999195325    1.047197551   77.751345072   22.234923683    6.079386609
    2.189594880    1.047197551   80.130976999    2.378875114    2.337269138
    2.379994435    1.047197551   78.611813752  -18.267230971   -0.633450436
    2.570393989    1.047197551   73.294056847  -37.079635198   -2.894719368
    2.760793544    1.047197551   64.780822027  -51.385719482   -4.461620472
    2.951193099    1.047197551   54.187194293  -58.613058651   -5.287391478

   -3.141592654    1.396263402   38.360898332  -57.387194251  -11.620219874
   -2.951193099    1.396263402   28.420427489  -46.027557544  -10.887330396
   -2.760793544    1.396263402   21.102350111  -30.657547732   -9.323341700
   -2.570393989    1.396263402   16.664698813  -16.640809170   -7.324205041
   -2.379994435    1.396263402   14.380467897   -8.605279803   -5.306216684
   -2.189594880    1.396263402   12.899155321   -8.124106801   -3.554680754
   -1.999195325    1.396263402   10.955578844  -12.743094706   -2.172271003
   -1.808795770    1.396263402    8.062587769  -17.090497821   -1.143970856
   -1.618396215    1.396263402    4.819425705  -15.663735590   -0.436914241
   -1.427996661    1.396263402    2.636960916   -5.870005375   -0.040327810
   -1.237597106    1.396263402    3.011794836   10.547161977    0.088560993
   -1.047197551    1.396263402    6.753366968   28.449671154    0.103221206
   -0.856797996    1.396263402   13.580907212   42.079181084    0.285669274
   -0.666398442    1.396263402   22.276011305   47.644044114    0.981213958
   -0.475998887    1.396263402   31.184839704   44.442135494    2.481302205
   -0.285599332    1.396263402   38.779329887   34.314868739    4.930151014
   -0.095199777    1.396263402   44.029083151   20.426758076    8.281781151
    0.095199777    1.396263402   46.559791714    6.360614515   12.258735171
    0.285599332    1.396263402   46.680860653   -4.312792214   16.343847953
    0.475998887    1.396263402   45.338104388   -8.614910029   19.824605196
    0.666398442    1.396263402   43.922896551   -5.034745602   21.948048836
    0.856797996    1.396263402   43.898165884    5.574631297   22.180479213
    1.047197551    1.396263402   46.315037203   19.927013213   20.422084367
    1.237597106    1.396263402   51.435328787   33.184270719   17.060701532
    1.427996661    1.396263402   58.604041433   40.843740514   12.801165365
    1.618396215    1.396263402   66.471251021   40.301202303    8.371979643
    1.808795770    1.396263402   73.424459570   31.411124912    4.262754791
    1.999195325    1.396263402   78.019693817   15.940001436    0.646332049
    2.189594880    1.396263402   79.252355687   -3.423480383   -2.538057326
    2.379994435    1.396263402   76.658212530  -23.756560730   -5.401046370
    2.570393989    1.396263402   70.335477473  -42.079609058   -7.945388023
    2.760793544    1.396263402   60.956867569  -55.356231552  -10.006959579
    2.951193099    1.396263402   49.757000848  -60.888902514  -11.310994381

   -3.141592654    1.745329252   31.917244307  -57.535823691  -17.049766637
   -2.951193099    1.745329252   22.189711181  -43.698590728  -16.588221649
   -2.760793544    1.745329252   15.503507288  -26.510680681  -14.938061111
   -2.570393989    1.745329252   11.945652941  -11.734016357  -12.428760802
   -2.379994435    1.745329252   10.584901091   -3.956796776   -9.480611518
   -2.189594880    1.745329252    9.909662412   -4.375464431   -6.436072244
   -1.999195325    1.745329252    8.573852358  -10.122033155   -3.489949848
   -1.808795770    1.745329252    6.072848411  -15.587624003   -0.749539872
   -1.618396215    1.745329252    3.016803221  -15.186159809    1.663490051
   -1.427996661    1.745329252    0.843556817   -6.203948185    3.588437114
   -1.237597106    1.745329252    1.113772463    9.880176599    4.917367175
   -1.047197551    1.745329252    4.758705444   28.237894470    5.716557922
   -0.856797996    1.745329252   11.660984291   43.205839962    6.256603154
   -0.666398442    1.745329252   20.752283852   50.738171527    6.913335413
   -0.475998887    1.745329252   30.451684918   49.616500552    7.998913197
   -0.285599332    1.745329252   39.197339792   41.115330146    9.632419642
   -0.095199777    1.745329252   45.826740824   27.934692255   11.696974760
    0.095199777    1.745329252   49.760092790   13.365983846   13.848949601
    0.285599332    1.745329252   51.063277377    0.883830362   15.583829671
    0.475998887    1.745329252   50.446900439   -6.338107782   16.354005906
    0.666398442    1.745329252   49.138211566   -6.210177906   15.744045997
    0.856797996    1.745329252   48.577232772    1.250859720   13.672783327
    1.047197551    1.745329252   49.953544119   13.553081919   10.463670425
    1.237597106    1.745329252   53.780996571   26.209356709    6.732355265
    1.427996661    1.745329252   59.663779100   34.453555190    3.119889468
    1.618396215    1.745329252   66.415707070   34.987719127    0.029680650
    1.808795770    1.745329252   72.445231559   26.937680682   -2.499828516
    1.999195325    1.745329252   76.219484838   11.675845552   -4.711631164
    2.189594880    1.745329252   76.612519819   -8.042595091   -6.932613748
    2.379994435    1.745329252   73.088693885  -28.874129439   -9.363248992
    2.570393989    1.745329252   65.773013546  -47.271946506  -11.955055721
    2.760793544    1.745329252   55.464946061  -59.749020845  -14.402109348
    2.951193099    1.745329252   43.583049535  -63.494348471  -16.245187654

   -3.141592654    2.094395102   24.944429293  -58.748898476  -18.276198918
   -2.951193099    2.094395102   15.215841110  -42.500336844  -17.693353532
   -2.760793544    2.094395102    8.973485215  -23.140490994  -15.838929156
   -2.570393989    2.094395102    6.214008720   -6.849705985  -12.989397547
   -2.379994435    2.094395102    5.867294648    1.694106899   -9.532224614
   -2.189594880    2.094395102    6.294619425    1.480643122   -5.794101798
   -1.999195325    2.094395102    6.065806915   -4.396949110   -1.971798143
   -1.808795770    2.094395102    4.622887488  -10.247784297    1.795083634
   -1.618396215    2.094395102    2.524145546  -10.528510941    5.306174898
   -1.427996661    2.094395102    1.150748766   -2.497281171    8.275496680
   -1.237597106    2.094395102    2.031084934   12.598138914   10.446159509
   -1.047197551    2.094395102    6.123111474   30.288204659   11.751017565
   -0.856797996    2.094395102   13.396121638   45.137834050   12.373647771
   -0.666398442    2.094395102   22.885084949   53.031944857   12.646326831
   -0.475998887    2.094395102   33.070616565   52.406056532   12.859056202
   -0.285599332    2.094395102   42.374020286   44.097654634   13.112118199
   -0.095199777    2.094395102   49.538652817   30.438695769   13.274565523
    0.095199777    2.094395102   53.836523178   14.541962507   13.037397371
    0.285599332    2.094395102   55.173484403   -0.048833558   12.030595923
    0.475998887    2.094395102   54.142536169   -9.789225767    9.976848648
    0.666398442    2.094395102   51.950668751  -11.924998493    6.846355090
    0.856797996    2.094395102   50.156234628   -5.766525120    2.970483258
    1.047197551    2.094395102   50.180924782    6.618944878   -1.023715718
    1.237597106    2.094395102   52.799568991   20.608767312   -4.445524213
    1.427996661    2.094395102   57.795537120   30.764485362   -6.840701009
    1.618396215    2.094395102   64.010279865   32.923869795   -8.178755528
    1.808795770    2.094395102   69.731010384   25.583120251   -8.832907292
    1.999195325    2.094395102   73.230019086    9.983203802   -9.367454013
    2.189594880    2.094395102   73.206645105  -10.793347133  -10.276146413
    2.379994435    2.094395102   69.041221559  -32.827102989  -11.787652796
    2.570393989    2.094395102   60.890847876  -51.959555083  -13.798074934
    2.760793544    2.094395102   49.689764391  -64.261480259  -15.912325933
    2.951193099    2.094395102   37.048859495  -66.778628910  -17.579457695

   -3.141592654    2.443460953   19.051113399  -59.260521606  -12.865985393
   -2.951193099    2.443460953    9.422921132  -40.928395653  -12.025828291
   -2.760793544    2.443460953    3.674095029  -19.596533815  -10.211332451
   -2.570393989    2.443460953    1.742878439   -1.789522220   -7.567149982
   -2.379994435    2.443460953    2.461897687    7.745864741   -4.312568038
   -2.189594880    2.443460953    4.104676155    8.143352421   -0.623024293
   -1.999195325    2.443460953    5.182024727    2.614435401    3.398073741
   -1.808795770    2.443460953    5.083229522   -3.214629656    7.625676899
   -1.618396215    2.443460953    4.285836316   -3.998882625   11.790772753
   -1.427996661    2.443460953    4.058454458    2.910468924   15.462091345
   -1.237597106    2.443460953    5.825012127   16.454118677   18.181608926
   -1.047197551    2.443460953   10.499712793   32.583443112   19.669267107
   -0.856797996    2.443460953   18.088610812   46.233960465   19.941440811
   -0.666398442    2.443460953   27.710146325   53.385307487   19.249455988
   -0.475998887    2.443460953   37.914236159   52.252750120   17.899013630
   -0.285599332    2.443460953   47.132791107   43.306698229   16.075987338
   -0.095199777    2.443460953   54.053533298   28.578280500   13.771146482
    0.095199777    2.443460953   57.854016319   11.095207214   10.833845159
    0.285599332    2.443460953   58.354784830   -5.410856233    7.115428525
    0.475998887    2.443460953   56.126039274  -16.945269058    2.643341007
    0.666398442    2.443460953   52.454030447  -20.137241750   -2.261307539
    0.856797996    2.443460953   49.089988424  -13.791991511   -6.974232419
    1.047197551    2.443460953   47.712539684    0.136189023  -10.755397997
    1.237597106    2.443460953   49.323133078   16.601285783  -13.040820769
    1.427996661    2.443460953   53.807322592   29.343744585  -13.694716934
    1.618396215    2.443460953   59.944958114   33.364514803  -13.064671657
    1.808795770    2.443460953   65.831301111   26.675240469  -11.818509479
    1.999195325    2.443460953   69.503862515   10.550285696  -10.660456380
    2.189594880    2.443460953   69.474560747  -11.490087951  -10.082933219
    2.379994435    2.443460953   65.040279104  -34.918364076  -10.251359450
    2.570393989    2.443460953   56.390725214  -54.991296177  -11.018569530
    2.760793544    2.443460953   44.588732133  -67.377982355  -12.014145144
    2.951193099    2.443460953   31.424880035  -68.995503997  -12.772677883

   -3.141592654    2.792526803   15.956014483  -58.815359856    0.741035392
   -2.951193099    2.792526803    6.530464279  -39.229175466    2.623445797
   -2.760793544    2.792526803    1.234687754  -16.556963533    4.555029268
   -2.570393989    2.792526803    0.000000000    2.446834103    6.494935214
   -2.379994435    2.792526803    1.622146454   12.957349735    8.524483158
   -2.189594880    2.792526803    4.336434426   14.161482500   10.843963834
   -1.999195325    2.792526803    6.625834900    9.296142159   13.657999939
   -1.808795770    2.792526803    7.842787972    3.854313315   16.989976085
   -1.618396215    2.792526803    8.386668231    2.903033342   20.542795600
   -1.427996661    2.792526803    9.396377635    8.864434070   23.728199343
   -1.237597106    2.792526803   12.144663698   20.705961757   25.878764722
   -1.047197551    2.792526803   17.428672179   34.696994754   26.532928782
   -0.856797996    2.792526803   25.211673283   46.181896806   25.611683066
   -0.666398442    2.792526803   34.636097164   51.407580422   23.377120275
   -0.475998887    2.792526803   44.300660759   48.589383213   20.236171499
   -0.285599332    2.792526803   52.667343860   38.014156060   16.524916231
   -0.095199777    2.792526803   58.418425553   21.567831467   12.393901845
    0.095199777    2.792526803   60.717614119    2.356757136    7.847850186
    0.285599332    2.792526803   59.414374606  -15.517461431    2.890732344
    0.475998887    2.792526803   55.198918595  -27.512406973   -2.305741390
    0.666398442    2.792526803   49.578474804  -29.772575548   -7.318277883
    0.856797996    2.792526803   44.586742272  -21.012239824  -11.521163462
    1.047197551    2.792526803   42.151339347   -3.632315512  -14.303753003
    1.237597106    2.792526803   43.392463536   16.443316010  -15.338416078
    1.427996661    2.792526803   48.133862469   32.015218848  -14.734978939
    1.618396215    2.792526803   54.941706361   37.491888693  -12.987106114
    1.808795770    2.792526803   61.636446028   30.833186884  -10.745000474
    1.999195325    2.792526803   66.017860070   13.722644592   -8.555940870
    2.189594880    2.792526803   66.459402547   -9.735252246   -6.701739416
    2.379994435    2.792526803   62.227150955  -34.498415655   -5.193048477
    2.570393989    2.792526803   53.562492365  -55.478364139   -3.866951499
    2.760793544    2.792526803   41.628745158  -68.170844360   -2.515145388
    2.951193099    2.792526803   28.336990934  -69.450959876   -0.991944496
