#! FIELDS phi psi file.free der_phi der_psi
#! SET min_phi -pi
#! SET max_phi pi
#! SET nbins_phi  33
#! SET periodic_phi true
#! SET min_psi -pi
#! SET max_psi pi
#! SET nbins_psi  18
#! SET periodic_psi true
   -3.141592654   -3.141592654   19.497477861  -49.795337602   10.032716342
   -2.951193099   -3.141592654   11.048286743  -37.639104798   12.747886329
   -2.760793544   -3.141592654    5.557235090  -19.538695121   15.095938913
   -2.570393989   -3.141592654    3.622151843   -1.274081870   16.902133670
   -2.379994435   -3.141592654    4.732948904   11.751420666   18.231116746
   -2.189594880   -3.141592654    7.602114259   17.115057483   19.344711511
   -1.999195325   -3.141592654   10.844219282   16.169685798   20.518281484
   -1.808795770   -3.141592654   13.605363892   12.802318904   21.818123867
   -1.618396215   -3.141592654   15.828031269   11.088597219   22.984902280
   -1.427996661   -3.141592654   18.079517337   13.263181247   23.513821493
   -1.237597106   -3.141592654   21.103179164   18.933119819   22.900462740
   -1.047197551   -3.141592654   25.357886781   25.678641959   20.917465594
   -0.856797996   -3.141592654   30.758156410   30.435758457   17.750105957
   -0.666398442   -3.141592654   36.690578778   30.947098519   13.912407978
   -0.475998887   -3.141592654   42.242173678   26.437487925   10.002828522
   -0.285599332   -3.141592654   46.496254394   17.564452619    6.437217535
   -0.095199777   -3.141592654   48.765234304    5.939126623    3.305326573
    0.095199777   -3.141592654   48.729440473   -6.256367741    0.421274045
    0.285599332   -3.141592654   46.518453585  -16.445519661   -2.467921237
    0.475998887   -3.141592654   42.768834649  -22.023779104   -5.439016010
    0.666398442   -3.141592654   38.564635938  -20.989882045   -8.249715806
    0.856797996   -3.141592654   35.228257125  -13.076253185  -10.400173281
    1.047197551   -3.141592654   33.906336976   -0.334669468  -11.379497031
    1.237597106   -3.141592654   35.156938640   13.196791189  -10.962162591
    1.427996661   -3.141592654   38.702709846   23.142019343   -9.342158848
    1.618396215   -3.141592654   43.548741937   26.550335889   -7.035292218
    1.808795770   -3.141592654   48.350360426   22.753700690   -4.616458903
    1.999195325   -3.141592654   51.829126136   12.943224965   -2.467054496
    2.189594880   -3.141592654   53.018271453   -0.965729513   -0.664996798
    2.379994435   -3.141592654   51.322460228  -17.030428019    0.964322965
    2.570393989   -3.141592654   46.532060584  -33.056537321    2.703380926
    2.760793544   -3.141592654   38.921013557  -46.093035406    4.785793988
    2.951193099   -3.141592654   29.398127082  -52.586400669    7.276994892

   -3.141592654   -2.792526803   24.227453575  -43.838525988   15.838651174
   -2.951193099   -2.792526803   16.822274454  -32.783094581   19.225500012
   -2.760793544   -2.792526803   12.100661247  -16.365120411   21.656806531
   -2.570393989   -2.792526803   10.606557547    0.246476672   22.965067990
   -2.379994435   -2.792526803   11.895845643   12.244732221   23.372192200
   -2.189594880   -2.792526803   14.830274502   17.444173820   23.354061936
   -1.999195325   -2.792526803   18.171543908   16.938098262   23.356693781
   -1.808795770   -2.792526803   21.125619465   14.000749756   23.534645351
   -1.618396215   -2.792526803   23.570212926   12.074548603   23.664746528
   -1.427996661   -2.792526803   25.913302760   13.079722260   23.278337281
   -1.237597106   -2.792526803   28.723854647   16.789236346   21.929679556
   -1.047197551   -2.792526803   32.359414917   21.343811121   19.448969018
   -0.856797996   -2.792526803   36.755556677   24.347800711   16.039069313
   -0.666398442   -2.792526803   41.428646701   23.977918845   12.166956905
   -0.475998887   -2.792526803   45.640309412   19.470727114    8.330983404
   -0.285599332   -2.792526803   48.612994513   11.126749411    4.826946518
   -0.095199777   -2.792526803   49.713457910    0.081203068    1.648585787
    0.095199777   -2.792526803   48.598549913  -11.773862153   -1.420381212
    0.285599332   -2.792526803   45.353422328  -21.785415300   -4.578311952
    0.475998887   -2.792526803   40.617973425  -26.952654402   -7.778476837
    0.666398442   -2.792526803   35.564286394  -24.841451957  -10.637022577
    0.856797996   -2.792526803   31.660497751  -15.050912214  -12.570224797
    1.047197551   -2.792526803   30.181002877    0.022693442  -13.086873555
    1.237597106   -2.792526803   31.711161516   15.693412568  -12.078133929
    1.427996661   -2.792526803   35.876696895   26.996768977   -9.885937183
    1.618396215   -2.792526803   41.507532995   30.786221372   -7.129367002
    1.808795770   -2.792526803   47.092156283   26.664634385   -4.392012861
    1.999195325   -2.792526803   51.266488355   16.355662558   -1.971746317
    2.189594880   -2.792526803   53.080855629    2.272335255    0.189830611
    2.379994435   -2.792526803   52.030195777  -13.394693975    2.401183202
    2.570393989   -2.792526803   48.011051851  -28.533969049    5.019683925
    2.760793544   -2.792526803   41.359498644  -40.562269943    8.247111182
    2.951193099   -2.792526803   32.959277169  -46.436545468   11.987815227

   -3.141592654   -2.443460953   30.155732885  -36.750588076   16.586568761
   -2.951193099   -2.443460953   23.964342209  -27.310298365   19.750787669
   -2.760793544   -2.443460953   20.067886731  -13.233593114   21.741221563
   -2.570393989   -2.443460953   18.943477754    1.072829195   22.419261028
   -2.379994435   -2.443460953   20.225244927   11.500203274   22.055081669
   -2.189594880   -2.443460953   22.947294734   16.111388530   21.158279687
   -1.999195325   -2.443460953   26.037289943   15.696130224   20.187512376
   -1.808795770   -2.443460953   28.772644772   12.897944789   19.322163565
   -1.618396215   -2.443460953   30.982129066   10.591127242   18.421429797
   -1.427996661   -2.443460953   32.949277899   10.507131973   17.167528467
   -1.237597106   -2.443460953   35.126855836   12.686216695   15.287861133
   -1.047197551   -2.443460953   37.838615170   15.817081372   12.728501955
   -0.856797996   -2.443460953   41.092971128   18.018700857    9.693565574
   -0.666398442   -2.443460953   44.548452397   17.659508692    6.532666488
   -0.475998887   -2.443460953   47.607223945   13.758869416    3.559280203
   -0.285599332   -2.443460953   49.562491874    6.136402823    0.885788904
   -0.095199777   -2.443460953   49.757225644   -4.516737658   -1.623400585
    0.095199777   -2.443460953   47.765630140  -16.442869669   -4.231374313
    0.285599332   -2.443460953   43.605750748  -26.705624647   -7.105672042
    0.475998887   -2.443460953   37.934902294  -31.734296379  -10.117637030
    0.666398442   -2.443460953   32.051259623  -28.598171291  -12.788150291
    0.856797996   -2.443460953   27.607769841  -16.811592413  -14.468513444
    1.047197551   -2.443460953   26.028760084    0.769234278  -14.653713670
    1.237597106   -2.443460953   27.926082258   18.703334356  -13.266928610
    1.427996661   -2.443460953   32.813280814   31.386853920  -10.704396051
    1.618396215   -2.443460953   39.326811381   35.505219370   -7.631145093
    1.808795770   -2.443460953   45.780951059   31.005789876   -4.647036396
    1.999195325   -2.443460953   50.733166727   20.218982513   -2.036513063
    2.189594880   -2.443460953   53.269775833    6.100111769    0.291119125
    2.379994435   -2.443460953   52.998941352   -8.919076490    2.675647588
    2.570393989   -2.443460953   49.939191293  -22.876290565    5.484921278
    2.760793544   -2.443460953   44.486811413  -33.672208305    8.896898985
    2.951193099   -2.443460953   37.474455235  -38.901680014   12.756863166

   -3.141592654   -2.094395102   35.449590627  -30.880902792   12.967702068
   -2.951193099   -2.094395102   30.229634156  -23.139617052   15.125273435
   -2.760793544   -2.094395102   26.915159263  -11.332514626   16.232296364
   -2.570393989   -2.094395102   25.940431956    0.822615722   16.215042624
   -2.379994435   -2.094395102   27.021463875    9.782770505   15.310300234
   -2.189594880   -2.094395102   29.343163881   13.744923641   13.911521231
   -1.999195325   -2.094395102   31.965291956   13.192988864   12.348474668
   -1.808795770   -2.094395102   34.216670436   10.285032462   10.748814588
   -1.618396215   -2.094395102   35.894468826    7.555718162    9.056375560
   -1.427996661   -2.094395102   37.215837156    6.723351145    7.162685352
   -1.237597106   -2.094395102   38.594147401    8.102570671    5.045587934
   -1.047197551   -2.094395102   40.378678168   10.749135129    2.824764486
   -0.856797996   -2.094395102   42.664885626   13.020205672    0.716413582
   -0.666398442   -2.094395102   45.216144607   13.234631366   -1.090170617
   -0.475998887   -2.094395102   47.502965251   10.079945268   -2.547760180
   -0.285599332   -2.094395102   48.808793345    2.917651192   -3.813567696
   -0.095199777   -2.094395102   48.387089807   -7.881192168   -5.213494639
    0.095199777   -2.094395102   45.693055966  -20.516833528   -7.085169791
    0.285599332   -2.094395102   40.676592050  -31.581736349   -9.565606058
    0.475998887   -2.094395102   34.044907404  -36.777468658  -12.425057774
    0.666398442   -2.094395102   27.278262176  -32.598346055  -15.055681213
    0.856797996   -2.094395102   22.274930728  -18.506482765  -16.690037672
    1.047197551   -2.094395102   20.652509739    2.044930230  -16.745067991
    1.237597106   -2.094395102   23.060950248   22.670818842  -15.115685194
    1.427996661   -2.094395102   28.879353794   36.978062689  -12.221378421
    1.618396215   -2.094395102   36.508236759   41.426373108   -8.784733748
    1.808795770   -2.094395102   44.044271891   36.347114948   -5.476929559
    1.999195325   -2.094395102   49.936075738   24.769492185   -2.649533686
    2.189594880   -2.094395102   53.292892220   10.268951366   -0.267033703
    2.379994435   -2.094395102   53.834133453   -4.444590108    1.965517089
    2.570393989   -2.094395102   51.701362453  -17.558172933    4.381958403
    2.760793544   -2.094395102   47.351147567  -27.459864047    7.147985129
    2.951193099   -2.094395102   41.567209237  -32.356833559   10.140391202

   -3.141592654   -1.745329252   38.960292940  -27.430119940    8.433246450
   -2.951193099   -1.745329252   34.267890162  -21.166556622    9.416635802
   -2.760793544   -1.745329252   31.155016134  -11.211254602    9.548628849
   -2.570393989   -1.745329252   30.033046795   -0.783136646    8.842165291
   -2.379994435   -1.745329252   30.682278099    6.952110603    7.507772730
   -2.189594880   -1.745329252   32.393484228   10.241146199    5.819188041
   -1.999195325   -1.745329252   34.312457795    9.339394455    3.968575125
   -1.808795770   -1.745329252   35.802927267    6.143102688    2.015354670
   -1.618396215   -1.745329252   36.663696490    3.124532177   -0.046099540
   -1.427996661   -1.745329252   37.125340639    2.177497508   -2.172112838
   -1.237597106   -1.745329252   37.659229424    3.871071477   -4.203452980
   -1.047197551   -1.745329252   38.710376264    7.371932132   -5.900885000
   -0.856797996   -1.745329252   40.468200696   10.890078786   -7.048981424
   -0.666398442   -1.745329252   42.736691860   12.365696311   -7.580102370
   -0.475998887   -1.745329252   44.945619474   10.031700438   -7.638745204
   -0.285599332   -1.745329252   46.258919309    2.899481891   -7.568488158
   -0.095199777   -1.745329252   45.766417839   -8.740005997   -7.818168575
    0.095199777   -1.745329252   42.777370696  -22.809905382   -8.767907850
    0.285599332   -1.745329252   37.182882552  -35.290447883  -10.540690994
    0.475998887   -1.745329252   29.766422257  -41.117213382  -12.871452379
    0.666398442   -1.745329252   22.218053273  -36.221358734  -15.128628886
    0.856797996   -1.745329252   16.705895025  -20.032885353  -16.536263404
    1.047197551   -1.745329252   15.061556600    3.389483724  -16.501780993
    1.237597106   -1.745329252   17.992430593   26.692000123  -14.893170085
    1.427996661   -1.745329252   24.755284291   42.655915968  -12.085258963
    1.618396215   -1.745329252   33.518407009   47.450893307   -8.757249853
    1.808795770   -1.745329252   42.151947443   41.731748611   -5.561557493
    1.999195325   -1.745329252   48.976336652   29.179928259   -2.869258276
    2.189594880   -1.745329252   53.097797212   13.970361911   -0.698895452
    2.379994435   -1.745329252   54.319935175   -0.899525782    1.168800737
    2.570393989   -1.745329252   52.886059620  -13.712123451    2.995859341
    2.760793544   -1.745329252   49.306858991  -23.236654670    4.910464092
    2.951193099   -1.745329252   44.335272029  -28.154117543    6.818027706

   -3.141592654   -1.396263402   39.860969599  -27.381925820    5.310055697
   -2.951193099   -1.396263402   35.097986269  -21.979454401    5.348235876
   -2.760793544   -1.396263402   31.750598225  -12.840491235    4.610726679
   -2.570393989   -1.396263402   30.256157390   -3.023235995    3.176139482
   -2.379994435   -1.396263402   30.439980248    4.336170639    1.246436241
   -2.189594880   -1.396263402   31.627711387    7.362950739   -0.981104014
   -1.999195325   -1.396263402   32.971387665    6.160625914   -3.399806164
   -1.808795770   -1.396263402   33.822636623    2.608490941   -5.965974426
   -1.618396215   -1.396263402   33.984930741   -0.630029778   -8.584357822
   -1.427996661   -1.396263402   33.743014570   -1.359818186  -11.017420698
   -1.237597106   -1.396263402   33.674416936    1.194138504  -12.907258932
   -1.047197551   -1.396263402   34.344979507    6.132405088  -13.917101446
   -0.856797996   -1.396263402   36.025235784   11.313493590  -13.892692858
   -0.666398442   -1.396263402   38.514293993   14.169142745  -12.959212676
   -0.475998887   -1.396263402   41.141765498   12.474368661  -11.497998354
   -0.285599332   -1.396263402   42.903052292    4.990534578  -10.030696337
   -0.095199777   -1.396263402   42.699732913   -7.924833435   -9.065695403
    0.095199777   -1.396263402   39.697147736  -23.810905978   -8.938732041
    0.285599332   -1.396263402   33.742001694  -37.999271436   -9.690390179
    0.475998887   -1.396263402   25.707487837  -44.708492167  -11.019900865
    0.666398442   -1.396263402   17.494430010  -39.376405140  -12.356183890
    0.856797996   -1.396263402   11.531701347  -21.425489016  -13.066370033
    1.047197551   -1.396263402    9.858425339    4.528081829  -12.711221405
    1.237597106   -1.396263402   13.246330767   30.252654464  -11.229047936
    1.427996661   -1.396263402   20.852843536   47.760318959   -8.937228036
    1.618396215   -1.396263402   30.640312003   52.907995166   -6.354039282
    1.808795770   -1.396263402   40.266418640   46.572975219   -3.947933837
    1.999195325   -1.396263402   47.913925857   32.956374576   -1.961422132
    2.189594880   -1.396263402   52.653743813   16.727860525   -0.379936953
    2.379994435   -1.396263402   54.327488673    1.142167460    0.965687419
    2.570393989   -1.396263402   53.237592830  -12.107437804    2.246028809
    2.760793544   -1.396263402   49.930766860  -21.987570933    3.505018904
    2.951193099   -1.396263402   45.154458074  -27.392448668    4.612152917

   -3.141592654   -1.047197551   39.341930122  -29.509141772    3.956372253
   -2.951193099   -1.047197551   34.106191037  -24.781894947    3.394098544
   -2.760793544   -1.047197551   30.186150583  -15.994185643    1.998745827
   -2.570393989   -1.047197551   28.084525324   -6.202677938   -0.100134994
   -2.379994435   -1.047197551   27.673738123    1.271301468   -2.657427357
   -2.189594880   -1.047197551   28.281853590    4.305746698   -5.452487859
   -1.999195325   -1.047197551   29.027206985    2.904504028   -8.363192213
   -1.808795770   -1.047197551   29.234437850   -0.876025731  -11.309715923
   -1.618396215   -1.047197551   28.736345092   -3.988375946  -14.120455185
   -1.427996661   -1.047197551   27.920655917   -3.892944591  -16.455275050
   -1.237597106   -1.047197551   27.509790033    0.243911289  -17.876319006
   -1.047197551   -1.047197551   28.188226653    7.198856239  -18.049552046
   -0.856797996   -1.047197551   30.257707425   14.265418278  -16.931699029
   -0.666398442   -1.047197551   33.436835456   18.311289820  -14.830179394
   -0.475998887   -1.047197551   36.886223731   16.778544068  -12.299239137
   -0.285599332   -1.047197551   39.398962795    8.416460511   -9.938890698
   -0.095199777   -1.047197551   39.701511662   -6.127843534   -8.199801314
    0.095199777   -1.047197551   36.861973482  -23.888067246   -7.259112073
    0.285599332   -1.047197551   30.737623238  -39.593074656   -6.999312963
    0.475998887   -1.047197551   22.322398646  -46.937729952   -7.079313464
    0.666398442   -1.047197551   13.714046082  -41.119786024   -7.078716924
    0.856797996   -1.047197551    7.545625079  -21.732436205   -6.676783838
    1.047197551   -1.047197551    5.990027776    6.071541779   -5.771900294
    1.237597106   -1.047197551    9.833367496   33.391113031   -4.493992947
    1.427996661   -1.047197551   18.132877193   51.749598228   -3.103913204
    1.618396215   -1.047197551   28.691611927   56.884237890   -1.849385900
    1.808795770   -1.047197551   39.020755004   49.902641184   -0.852070543
    1.999195325   -1.047197551   47.217237342   35.379914677   -0.081493204
    2.189594880   -1.047197551   52.333666518   18.283346568    0.596818173
    2.379994435   -1.047197551   54.232695126    1.976606887    1.328892223
    2.570393989   -1.047197551   53.240442409  -11.913451847    2.179336915
    2.760793544   -1.047197551   49.906517080  -22.483396107    3.067567267
    2.951193099   -1.047197551   44.961835980  -28.689753161    3.763784515

   -3.141592654   -0.698131701   39.641443033  -31.129498075    1.222898221
   -2.951193099   -0.698131701   33.977722822  -27.645155685   -0.119593837
   -2.760793544   -0.698131701   29.408709752  -19.886404500   -2.203911470
   -2.570393989   -0.698131701   26.500703011  -10.705718917   -4.841223538
   -2.379994435   -0.698131701   25.206217324   -3.458973663   -7.772072808
   -2.189594880   -0.698131701   24.908533208   -0.463425288  -10.792622669
   -1.999195325   -0.698131701   24.747198402   -1.836709580  -13.783092899
   -1.808795770   -0.698131701   24.067778715   -5.389381456  -16.611691623
   -1.618396215   -0.698131701   22.771662729   -7.738730742  -19.008226085
   -1.427996661   -0.698131701   21.376654052   -6.087981721  -20.549371987
   -1.237597106   -0.698131701   20.754205361    0.299271247  -20.808371699
   -1.047197551   -0.698131701   21.677109578    9.685639971  -19.596348876
   -0.856797996   -0.698131701   24.415895954   18.675295678  -17.114063432
   -0.666398442   -0.698131701   28.537700252   23.610015273  -13.908264595
   -0.475998887   -0.698131701   32.987876380   21.809791322  -10.656760668
   -0.285599332   -0.698131701   36.360783687   12.310584888   -7.903198884
   -0.095199777   -0.698131701   37.264842657   -3.715292648   -5.870225286
    0.095199777   -0.698131701   34.756085306  -22.755670041   -4.430650799
    0.285599332   -0.698131701   28.770834678  -39.150663170   -3.231052370
    0.475998887   -0.698131701   20.430562512  -46.484067485   -1.901202492
    0.666398442   -0.698131701   11.953447928  -40.145775273   -0.265676014
    0.856797996   -0.698131701    6.035292165  -20.105557488    1.543516358
    1.047197551   -0.698131701    4.836255364    8.112252964    3.155463410
    1.237597106   -0.698131701    9.074471470   35.414478440    4.175307633
    1.427996661   -0.698131701   17.727108030   53.385033556    4.405565309
    1.618396215   -0.698131701   28.546646671   57.984577728    3.943252659
    1.808795770   -0.698131701   39.040581479   50.563510423    3.107993058
    1.999195325   -0.698131701   47.339037505   35.833984582    2.272364522
    2.189594880   -0.698131701   52.540629448   18.754696395    1.712129484
    2.379994435   -0.698131701   54.540220841    2.561666916    1.530660118
    2.570393989   -0.698131701   53.663127806  -11.325922019    1.652904884
    2.760793544   -0.698131701   50.417027522  -22.216365713    1.853763036
    2.951193099   -0.698131701   45.458520480  -29.182929939    1.816886211

   -3.141592654   -0.349065850   39.572790770  -33.369300882   -0.880225534
   -2.951193099   -0.349065850   33.361896751  -31.123184487   -2.569619004
   -2.760793544   -0.349065850   28.029241947  -24.359698554   -4.829924980
   -2.570393989   -0.349065850   24.209363308  -15.734138912   -7.467565629
   -2.379994435   -0.349065850   21.937638677   -8.642428858  -10.261795467
   -2.189594880   -0.349065850   20.658429069   -5.560055658  -13.056311508
   -1.999195325   -0.349065850   19.549753602   -6.648874320  -15.740426284
   -1.808795770   -0.349065850   18.009587101   -9.526876666  -18.131921639
   -1.618396215   -0.349065850   16.042940990  -10.508115423  -19.882160034
   -1.427996661   -0.349065850   14.315273066   -6.689665426  -20.531272604
   -1.237597106   -0.349065850   13.828105821    2.348852215  -19.719387296
   -1.047197551   -0.349065850   15.383653497   14.177989565  -17.432088069
   -0.856797996   -0.349065850   19.140356770   24.676831699  -14.088687955
   -0.666398442   -0.349065850   24.444679542   29.813109898  -10.392522451
   -0.475998887   -0.349065850   30.001444970   27.076365803   -7.032313921
   -0.285599332   -0.349065850   34.240950148   16.116310235   -4.395318561
   -0.095199777   -0.349065850   35.743061551   -1.147097043   -2.427837033
    0.095199777   -0.349065850   33.664752785  -20.651960785   -0.716835280
    0.285599332   -0.349065850   28.108766217  -36.619123537    1.255147698
    0.475998887   -0.349065850   20.336708529  -43.020462658    3.798787514
    0.666398442   -0.349065850   12.597387911  -35.968017856    6.787316491
    0.856797996   -0.349065850    7.477881309  -16.095979080    9.644461128
    1.047197551   -0.349065850    6.939957350   10.864685108   11.599442946
    1.237597106   -0.349065850   11.521057427   36.193197359   12.088758064
    1.427996661   -0.349065850   20.129880582   52.213122091   11.045544630
    1.618396215   -0.349065850   30.591457808   55.549020175    8.915073038
    1.808795770   -0.349065850   40.577298539   47.818413145    6.405252332
    1.999195325   -0.349065850   48.388212680   33.559602605    4.157720414
    2.189594880   -0.349065850   53.234457552   17.321660975    2.533309099
    2.379994435   -0.349065850   55.040094013    1.918190585    1.573916714
    2.570393989   -0.349065850   54.087815839  -11.554102405    1.083696060
    2.760793544   -0.349065850   50.794104843  -22.589525866    0.736571571
    2.951193099   -0.349065850   45.704441737  -30.283910087    0.178706549

   -3.141592654    0.000000000   39.046259959  -35.884126099   -2.783462620
   -2.951193099    0.000000000   32.264850986  -34.551375936   -4.430010736
   -2.760793544    0.000000000   26.212520459  -28.420620456   -6.332708395
   -2.570393989    0.000000000   21.590967173  -20.031511428   -8.345129371
   -2.379994435    0.000000000   18.504209749  -12.868778111  -10.356627950
   -2.189594880    0.000000000   16.441537412   -9.537798352  -12.322576440
   -1.999195325    0.000000000   14.614577054  -10.164752296  -14.187803959
   -1.808795770    0.000000000   12.482452618  -12.128126868  -15.760828228
   -1.618396215    0.000000000   10.161789054  -11.501176574  -16.669071186
   -1.427996661    0.000000000    8.451058570   -5.440174552  -16.482009969
   -1.237597106    0.000000000    8.433406901    5.992723081  -14.953034795
   -1.047197551    0.000000000   10.871330708   19.641807250  -12.225411018
   -0.856797996    0.000000000   15.752751409   30.814241290   -8.837709093
   -0.666398442    0.000000000   22.189616063   35.394887275   -5.496623167
   -0.475998887    0.000000000   28.690528365   31.338156312   -2.755602616
   -0.285599332    0.000000000   33.612012324   19.082757661   -0.767992715
   -0.095199777    0.000000000   35.611094433    1.274568864    0.777570534
    0.095199777    0.000000000   34.027750653  -17.701395968    2.487592142
    0.285599332    0.000000000   29.154203304  -32.322869625    4.934626820
    0.475998887    0.000000000   22.338119786  -37.359820166    8.307858276
    0.666398442    0.000000000   15.737061854  -29.915840614   12.201552053
    0.856797996    0.000000000   11.682151189  -11.269182808   15.697352568
    1.047197551    0.000000000   11.824696470   12.979976070   17.754865485
    1.237597106    0.000000000   16.493008714   34.988814959   17.727780264
    1.427996661    0.000000000   24.591585226   48.238556187   15.677602646
    1.618396215    0.000000000   34.137638101   50.169364951   12.309309761
    1.808795770    0.000000000   43.085668652   42.520499966    8.593702895
    1.999195325    0.000000000   49.981024730   29.355604542    5.334563354
    2.189594880    0.000000000   54.162096808   14.539258452    2.923181693
    2.379994435    0.000000000   55.557695264    0.319670440    1.340249336
    2.570393989    0.000000000   54.370656679  -12.528670663    0.310223255
    2.760793544    0.000000000   50.898633365  -23.594906413   -0.528667081
    2.951193099    0.000000000   45.568425034  -31.884472227   -1.494360018

   -3.141592654    0.349065850   38.669943380  -37.523688843   -3.147713112
   -2.951193099    0.349065850   31.519496819  -36.753886410   -4.246644353
   -2.760793544    0.349065850   25.001425831  -31.073778522   -5.351549506
   -2.570393989    0.349065850   19.846196694  -22.957574077   -6.424138098
   -2.379994435    0.349065850   16.187225238  -15.936783810   -7.485743458
   -2.189594880    0.349065850   13.535593298  -12.629407804   -8.590274782
   -1.999195325    0.349065850   11.137301424  -13.005938499   -9.722327135
   -1.808795770    0.349065850    8.530234727  -14.159023894  -10.693769079
   -1.618396215    0.349065850    5.958998012  -11.979377134  -11.146853325
   -1.427996661    0.349065850    4.353279545   -3.803800450  -10.706402884
   -1.237597106    0.349065850    4.853457078    9.724979256   -9.206528390
   -1.047197551    0.349065850    8.148656252   24.731848226   -6.839634117
   -0.856797996    0.349065850   14.035279712   36.077911570   -4.108952516
   -0.666398442    0.349065850   21.401343732   39.756315713   -1.586226623
   -0.475998887    0.349065850   28.604923831   34.345468216    0.375311944
   -0.285599332    0.349065850   33.995769609   21.133504514    1.820761846
   -0.095199777    0.349065850   36.374723876    3.420562571    3.188788912
    0.095199777    0.349065850   35.306367349  -14.261329554    5.093685027
    0.285599332    0.349065850   31.273570476  -26.892562117    7.987892123
    0.475998887    0.349065850   25.663977339  -30.276068078   11.843004694
    0.666398442    0.349065850   20.460875811  -22.642293022   16.016108044
    0.856797996    0.349065850   17.646318685   -5.879497849   19.428884703
    1.047197551    0.349065850   18.491844150   14.755840387   21.022555070
    1.237597106    0.349065850   23.098707086   32.600073968   20.270873360
    1.427996661    0.349065850   30.404091958   42.543673856   17.423934444
    1.618396215    0.349065850   38.688632252   42.942001196   13.351212277
    1.808795770    0.349065850   46.262637273   35.583063262    9.103949427
    1.999195325    0.349065850   51.965065145   23.890588109    5.478581303
    2.189594880    0.349065850   55.279155070   10.890950133    2.806606771
    2.379994435    0.349065850   56.133039877   -1.806553295    1.008458836
    2.570393989    0.349065850   54.639358804  -13.733033964   -0.211315436
    2.760793544    0.349065850   50.974629804  -24.512802968   -1.176554464
    2.951193099    0.349065850   45.455223957  -33.019710935   -2.121032870

   -3.141592654    0.698131701   38.718711776  -37.659605102   -3.573421470
   -2.951193099    0.698131701   31.523348037  -37.093751285   -4.052194900
   -2.760793544    0.698131701   24.908724828  -31.762157789   -4.259829787
   -2.570393989    0.698131701   19.580418946  -24.103497563   -4.281210716
   -2.379994435    0.698131701   15.654616606  -17.595485009   -4.282959941
   -2.189594880    0.698131701   12.642836599  -14.723892884   -4.428503481
   -1.999195325    0.698131701    9.826625701  -15.226894871   -4.764924868
   -1.808795770    0.698131701    6.827367519  -15.949425946   -5.157169852
   -1.618396215    0.698131701    4.008300167  -12.691369640   -5.329648728
   -1.427996661    0.698131701    2.408111355   -2.996325745   -5.005173166
   -1.237597106    0.698131701    3.208674466   12.014329914   -4.066351718
   -1.047197551    0.698131701    7.040507862   27.944632602   -2.634913285
   -0.856797996    0.698131701   13.561045630   39.385643234   -1.014639441
   -0.666398442    0.698131701   21.509152111   42.490869200    0.486752024
   -0.475998887    0.698131701   29.162435507   36.364187077    1.746540890
   -0.285599332    0.698131701   34.904576516   22.934192702    2.930248409
   -0.095199777    0.698131701   37.676898186    5.917599742    4.454198518
    0.095199777    0.698131701   37.221802586  -10.207192346    6.784069002
    0.285599332    0.698131701   34.136609115  -21.026163154   10.149431852
    0.475998887    0.698131701   29.768008721  -23.312029316   14.292200606
    0.666398442    0.698131701   25.872990476  -16.187613251   18.412087306
    0.856797996    0.698131701   24.087068909   -1.835750811   21.408037415
    1.047197551    0.698131701   25.359817692   15.060251775   22.340369115
    1.237597106    0.698131701   29.647869836   29.040638164   20.880587552
    1.427996661    0.698131701   35.987305573   36.222109961   17.461518964
    1.618396215    0.698131701   42.943670718   35.618148060   13.043082193
    1.808795770    0.698131701   49.160824294   28.882181128    8.656446397
    1.999195325    0.698131701   53.728475575   18.765123780    5.006326739
    2.189594880    0.698131701   56.237750553    7.542991688    2.320364963
    2.379994435    0.698131701   56.601914898   -3.676608427    0.454663380
    2.570393989    0.698131701   54.854903144  -14.605622027   -0.884254211
    2.760793544    0.698131701   51.082529089  -24.835675979   -1.947774537
    2.951193099    0.698131701   45.525613720  -33.128757231   -2.849776885

   -3.141592654    1.047197551   37.004150174  -38.866591306   -6.625573356
   -2.951193099    1.047197551   29.658139605  -37.430155031   -7.150951021
   -2.760793544    1.047197551   23.060759801  -31.274849745   -6.975668951
   -2.570393989    1.047197551   17.879092651  -23.126466891   -6.219858854
   -2.379994435    1.047197551   14.148006942  -16.604944087   -5.173328664
   -2.189594880    1.047197551   11.295291304  -14.081476843   -4.151507422
   -1.999195325    1.047197551    8.561360214  -14.983428257   -3.346961894
   -1.808795770    1.047197551    5.590124481  -15.834079557   -2.768635740
   -1.618396215    1.047197551    2.813774217  -12.291330170   -2.294186785
   -1.427996661    1.047197551    1.343198575   -2.008050494   -1.778819187
   -1.237597106    1.047197551    2.392550891   13.611190863   -1.146231694
   -1.047197551    1.047197551    6.568481100   29.897012555   -0.408507301
   -0.856797996    1.047197551   13.466425079   41.339607450    0.374274689
   -0.666398442    1.047197551   21.768962911   44.249365220    1.175301007
   -0.475998887    1.047197551   29.747181554   38.072623885    2.069272933
   -0.285599332    1.047197551   35.848232466   25.104216674    3.261588584
   -0.095199777    1.047197551   39.131731471    9.225527889    5.038849457
    0.095199777    1.047197551   39.455657903   -5.296110640    7.623499452
    0.285599332    1.047197551   37.451755477  -14.676311672   10.984189573
    0.475998887    1.047197551   34.355675784  -16.532778811   14.692983908
    0.666398442    1.047197551   31.664197997  -10.626227742   17.958031385
    0.856797996    1.047197551   30.686179726    0.849705760   19.886411979
    1.047197551    1.047197551   32.116063028   13.967273861   19.863658879
    1.237597106    1.047197551   35.849488474   24.458067821   17.849594338
    1.427996661    1.047197551   41.082824591   29.462192370   14.395684800
    1.618396215    1.047197551   46.679782567   28.370266042   10.373810135
    1.808795770    1.047197551   51.581564921   22.480598384    6.586573580
    1.999195325    1.047197551   55.063340592   13.791873143    3.484811921
    2.189594880    1.047197551   56.756669571    3.882933073    1.108065732
    2.379994435    1.047197551   56.512185246   -6.496416561   -0.773293712
    2.570393989    1.047197551   54.271149623  -17.031025112   -2.438615927
    2.760793544    1.047197551   50.057632165  -27.043127341   -4.036464283
    2.951193099    1.047197551   44.108865987  -34.983326042   -5.506724556

   -3.141592654    1.396263402   33.485006926  -41.544668193  -10.725634622
   -2.951193099    1.396263402   25.791170351  -38.315669403  -11.591108941
   -2.760793544    1.396263402   19.214294972  -30.196201385  -11.275823619
   -2.570393989    1.396263402   14.396315111  -20.496179685   -9.894167145
   -2.379994435    1.396263402   11.252912508  -13.202878171   -7.838369940
   -2.189594880    1.396263402    9.058465563  -10.678594858   -5.577108749
   -1.999195325    1.396263402    6.931372964  -12.062273586   -3.462396303
   -1.808795770    1.396263402    4.456638321  -13.542911117   -1.662651954
   -1.618396215    1.396263402    2.060247030  -10.575275258   -0.220850415
   -1.427996661    1.396263402    0.870991477   -0.754295356    0.861409138
   -1.237597106    1.396263402    2.123999261   14.512434855    1.593922132
   -1.047197551    1.396263402    6.449139907   30.585153221    2.029254724
   -0.856797996    1.396263402   13.474025561   42.021158046    2.290101298
   -0.666398442    1.396263402   21.929484588   45.220125299    2.566856330
   -0.475998887    1.396263402   30.149235190   39.697459250    3.083217635
   -0.285599332    1.396263402   36.650875779   27.740653891    4.062487603
   -0.095199777    1.396263402   40.551732839   13.084337575    5.673896495
    0.095199777    1.396263402   41.720432126   -0.343883251    7.944619832
    0.285599332    1.396263402   40.717257363   -9.268667153   10.661537180
    0.475998887    1.396263402   38.609001477  -11.778295134   13.330990054
    0.666398442    1.396263402   36.660548483   -7.767944385   15.278454366
    0.856797996    1.396263402   35.971717490    0.944580548   15.903567539
    1.047197551    1.396263402   37.143389251   11.225937512   14.949685410
    1.237597106    1.396263402   40.140287369   19.647008183   12.636206111
    1.427996661    1.396263402   44.357369994   23.814063867    9.554341182
    1.618396215    1.396263402   48.893035837   23.024021223    6.388367663
    1.808795770    1.396263402   52.859009673   18.045052927    3.623042724
    1.999195325    1.396263402   55.585353209   10.241148016    1.394626967
    2.189594880    1.396263402   56.651697753    0.750132338   -0.473653009
    2.379994435    1.396263402   55.804542651   -9.776284521   -2.301165894
    2.570393989    1.396263402   52.896270707  -20.777819812   -4.345121566
    2.760793544    1.396263402   47.931515439  -31.116402404   -6.636588926
    2.951193099    1.396263402   41.220070456  -38.775682459   -8.918628417

   -3.141592654    1.745329252   28.732926001  -45.026674836  -13.705787925
   -2.951193099    1.745329252   20.600948054  -39.322939270  -14.980728022
   -2.760793544    1.745329252   14.093423080  -28.496610103  -14.720511032
   -2.570393989    1.745329252    9.816991596  -16.658137884  -12.953199190
   -2.379994435    1.745329252    7.526003232   -8.274597349  -10.067609928
   -2.189594880    1.745329252    6.289428436   -5.695025571   -6.597903351
   -1.999195325    1.745329252    5.057780642   -7.723689987   -3.011646279
   -1.808795770    1.745329252    3.318584445  -10.189310742    0.363044245
   -1.618396215    1.745329252    1.457049105   -8.317720165    3.281835892
   -1.427996661    1.745329252    0.595640084    0.448601067    5.524391749
   -1.237597106    1.745329252    1.993253298   14.881224487    6.920538898
   -1.047197551    1.745329252    6.342337822   30.549641856    7.446821262
   -0.856797996    1.745329252   13.365815658   42.126177541    7.283450656
   -0.666398442    1.745329252   21.896630932   45.961697050    6.779741483
   -0.475998887    1.745329252   30.345043323   41.382196782    6.340632698
   -0.285599332    1.745329252   37.263680487   30.424687160    6.310242433
   -0.095199777    1.745329252   41.757025535   16.567192852    6.872313355
    0.095199777    1.745329252   43.630019009    3.464932587    7.984456358
    0.285599332    1.745329252   43.326479017   -5.870655490    9.360157384
    0.475998887    1.745329252   41.758082149   -9.648399782   10.528057142
    0.666398442    1.745329252   40.038778952   -7.562588735   10.987415397
    0.856797996    1.745329252   39.189210606   -0.909982198   10.429679637
    1.047197551    1.745329252   39.846664128    7.816190515    8.885884588
    1.237597106    1.745329252   42.118882921   15.613802364    6.712740732
    1.427996661    1.745329252   45.584421676   20.080778958    4.413583195
    1.618396215    1.745329252   49.483085924   20.105373218    2.402943858
    1.808795770    1.745329252   52.970032031   15.879396879    0.833128214
    1.999195325    1.745329252   55.317327106    8.313382684   -0.429995336
    2.189594880    1.745329252   55.984006601   -1.633891089   -1.711157509
    2.379994435    1.745329252   54.592090298  -13.180109477   -3.364145666
    2.570393989    1.745329252   50.922536651  -25.347180187   -5.605444180
    2.760793544    1.745329252   45.006838916  -36.403747465   -8.376185540
    2.951193099    1.745329252   37.295647382  -43.778307825  -11.287898071

   -3.141592654    2.094395102   23.474026696  -49.351952712  -13.027125475
   -2.951193099    2.094395102   14.753478486  -41.032294761  -14.024925826
   -2.760793544    2.094395102    8.216666066  -27.087478810  -13.448677943
   -2.570393989    2.094395102    4.485387082  -12.457410349  -11.320581509
   -2.379994435    2.094395102    3.190892428   -2.181191814   -8.010733060
   -2.189594880    2.094395102    3.212651101    1.268991858   -4.025984379
   -1.999195325    2.094395102    3.321209088   -0.730425640    0.179342360
   -1.808795770    2.094395102    2.865067903   -3.800104658    4.243761491
   -1.618396215    2.094395102    2.120114078   -3.062347857    7.824212391
   -1.427996661    2.094395102    2.115938303    4.137523406   10.551072792
   -1.237597106    2.094395102    4.048717353   16.810465201   12.104914628
   -1.047197551    2.094395102    8.610100633   30.914036639   12.377426797
   -0.856797996    2.094395102   15.596812279   41.481060416   11.568097624
   -0.666398442    2.094395102   23.967183737   45.024788530   10.134868451
   -0.475998887    2.094395102   32.261489754   40.774039359    8.619753156
   -0.285599332    2.094395102   39.124660984   30.472188436    7.458180487
   -0.095199777    2.094395102   43.688527759   17.216984144    6.838890592
    0.095199777    2.094395102   45.712520770    4.302699669    6.664723683
    0.285599332    2.094395102   45.536189945   -5.488958126    6.610422818
    0.475998887    2.094395102   43.946987049  -10.336591510    6.267044952
    0.666398442    2.094395102   41.970166411   -9.575389585    5.333383149
    0.856797996    2.094395102   40.628073678   -3.966049738    3.786554394
    1.047197551    2.094395102   40.658593715    4.439710205    1.907969290
    1.237597106    2.094395102   42.323482089   12.734914234    0.142566098
    1.427996661    2.094395102   45.332393020   18.210802267   -1.134087367
    1.618396215    2.094395102   48.973530481   19.225285493   -1.794758176
    1.808795770    2.094395102   52.349543144   15.484625182   -2.006323131
    1.999195325    2.094395102   54.608861812    7.651517312   -2.134850190
    2.189594880    2.094395102   55.064068353   -3.302505087   -2.596642504
    2.379994435    2.094395102   53.215516450  -16.359672003   -3.717055917
    2.570393989    2.094395102   48.787181937  -30.101180862   -5.622148086
    2.760793544    2.094395102   41.852699207  -42.207973633   -8.153998306
    2.951193099    2.094395102   33.019131350  -49.537666877  -10.848569125

   -3.141592654    2.443460953   19.401170442  -52.227927317   -8.292884371
   -2.951193099    2.443460953   10.343984927  -41.579927702   -8.519506145
   -2.760793544    2.443460953    3.960267920  -24.934771142   -7.522481836
   -2.570393989    2.443460953    0.877128189   -7.898325529   -5.323443187
   -2.379994435    2.443460953    0.624534679    4.070525761   -2.180629087
   -2.189594880    2.443460953    1.935313075    8.435753489    1.565396023
   -1.999195325    2.443460953    3.441868027    6.684013269    5.602249423
   -1.808795770    2.443460953    4.371737847    3.233763879    9.627306517
   -1.618396215    2.443460953    4.873886754    2.875161535   13.258310845
   -1.427996661    2.443460953    5.835975629    8.233874412   16.013065928
   -1.237597106    2.443460953    8.329816646   18.561797841   17.434994866
   -1.047197551    2.443460953   12.998472056   30.342607262   17.307979463
   -0.856797996    2.443460953   19.699519112   39.182974660   15.793246043
   -0.666398442    2.443460953   27.542876702   41.939006709   13.385518012
   -0.475998887    2.443460953   35.248796128   37.801465616   10.706430357
   -0.285599332    2.443460953   41.603493938   28.152838793    8.259297306
   -0.095199777    2.443460953   45.795794393   15.599134372    6.257336605
    0.095199777    2.443460953   47.551372397    3.009987607    4.601384775
    0.285599332    2.443460953   47.114304585   -7.032102571    3.000504278
    0.475998887    2.443460953   45.168891058  -12.586653282    1.177486312
    0.666398442    2.443460953   42.688394361  -12.576334873   -0.935373758
    0.856797996    2.443460953   40.734183959   -7.269790150   -3.103274470
    1.047197551    2.443460953   40.163229314    1.569962921   -4.886313694
    1.237597106    2.443460953   41.376417903   10.946642662   -5.871223090
    1.427996661    2.443460953   44.169174750   17.725084676   -5.900613670
    1.618396215    2.443460953   47.820689998   19.733471341   -5.153463342
    1.808795770    2.443460953   51.335085836   16.302685680   -4.056483186
    1.999195325    2.443460953   53.717385441    8.000699346   -3.096659491
    2.189594880    2.443460953   54.141855411   -4.059538248   -2.661112786
    2.379994435    2.443460953   52.013473003  -18.567450356   -2.954113899
    2.570393989    2.443460953   47.028140277  -33.692158912   -3.973529804
    2.760793544    2.443460953   39.318487006  -46.624109998   -5.501844251
    2.951193099    2.443460953   29.642003217  -53.778420619   -7.121453201

   -3.141592654    2.792526803   17.616162085  -52.950352775    0.954714100
   -2.951193099    2.792526803    8.555269485  -40.841017282    2.251799888
   -2.760793544    2.792526803    2.472268085  -22.516864870    3.984240565
   -2.570393989    2.792526803    0.000000000   -3.948726520    6.053102541
   -2.379994435    2.792526803    0.616989608    9.186962846    8.369054599
   -2.189594880    2.792526803    2.980695986   14.313239051   10.909517076
   -1.999195325    2.792526803    5.647031472   12.916511035   13.673859576
   -1.808795770    2.792526803    7.758152575    9.306559360   16.546928674
   -1.618396215    2.792526803    9.345396895    8.062911220   19.182871976
   -1.427996661    2.792526803   11.143631074   11.691565472   21.035712011
   -1.237597106    2.792526803   14.074681560   19.622772709   21.563902275
   -1.047197551    2.792526803   18.699635427   28.850820103   20.504488833
   -0.856797996    2.792526803   24.906884583   35.609147264   18.028516446
   -0.666398442    2.792526803   31.942380331   37.185802641   14.676761500
   -0.475998887    2.792526803   38.707217545   32.803966817   11.113744396
   -0.285599332    2.792526803   44.137777463   23.500567265    7.846486785
   -0.095199777    2.792526803   47.488335958   11.386998081    5.051078080
    0.095199777    2.792526803   48.463358012   -1.038023689    2.584102311
    0.285599332    2.792526803   47.243701122  -11.242892287    0.158338538
    0.475998887    2.792526803   44.474896695  -16.992991819   -2.416009857
    0.666398442    2.792526803   41.166990286  -16.745018515   -5.049522879
    0.856797996    2.792526803   38.499516324  -10.442704139   -7.353124662
    1.047197551    2.792526803   37.476228031    0.097713859   -8.819414470
    1.237597106    2.792526803   38.595112117   11.429720425   -9.106299837
    1.427996661    2.792526803   41.641783227   19.808785448   -8.233751737
    1.618396215    2.792526803   45.780116914   22.612640493   -6.575719481
    1.808795770    2.792526803   49.845275835   19.069584815   -4.671831736
    1.999195325    2.792526803   52.685980841    9.959471388   -2.989376143
    2.189594880    2.792526803   53.375620199   -3.262821411   -1.777193055
    2.379994435    2.792526803   51.283583821  -18.963091056   -1.049659860
    2.570393989    2.792526803   46.126635904  -35.038472916   -0.653190270
    2.760793544    2.792526803   38.106445078  -48.442748200   -0.347796183
    2.951193099    2.792526803   28.090604773  -55.406421370    0.120033222
