#! FIELDS phi psi file.free der_phi der_psi
#! SET min_phi -pi
#! SET max_phi pi
#! SET nbins_phi  33
#! SET periodic_phi true
#! SET min_psi -pi
#! SET max_psi pi
#! SET nbins_psi  18
#! SET periodic_psi true
   -3.141592654   -3.141592654   17.948101039  -54.347390551   17.862793837
   -2.951193099   -3.141592654    9.377655828  -35.001805169   20.361220177
   -2.760793544   -3.141592654    4.769059652  -13.732761032   21.808697851
   -2.570393989   -3.141592654    3.911580556    3.602873957   22.429987010
   -2.379994435   -3.141592654    5.656253350   13.265406876   22.732128656
   -2.189594880   -3.141592654    8.462416135   15.040381867   23.340567132
   -1.999195325   -3.141592654   11.076894174   11.961683476   24.755440181
   -1.808795770   -3.141592654   13.012897626    8.715626803   27.125174965
   -1.618396215   -3.141592654   14.656432562    9.417591227   30.122064331
   -1.427996661   -3.141592654   16.977699648   15.891217708   33.019706013
   -1.237597106   -3.141592654   21.019471616   27.062433469   34.940825043
   -1.047197551   -3.141592654   27.383700616   39.575738806   35.171916722
   -0.856797996   -3.141592654   35.923664786   49.201269631   33.388286443
   -0.666398442   -3.141592654   45.728852227   52.333099226   29.684019532
   -0.475998887   -3.141592654   55.338741236   46.979891765   24.449571475
   -0.285599332   -3.141592654   63.101733183   33.126113816   18.193827869
   -0.095199777   -3.141592654   67.550813133   12.660879490   11.410488187
    0.095199777   -3.141592654   67.754051758  -10.725479970    4.550372683
    0.285599332   -3.141592654   63.626793251  -31.863952018   -1.941756595
    0.475998887   -3.141592654   56.146923541  -45.051371904   -7.582309722
    0.666398442   -3.141592654   47.295817039  -45.686219958  -11.874746635
    0.856797996   -3.141592654   39.653252174  -32.548015814  -14.418757969
    1.047197551   -3.141592654   35.595707254   -8.952885480  -15.074581943
    1.237597106   -3.141592654   36.455279293   17.667341173  -14.066313042
    1.427996661   -3.141592654   41.962794626   38.486147828  -11.915756034
    1.618396215   -3.141592654   50.313635774   46.743474534   -9.224143240
    1.808795770   -3.141592654   58.810026149   40.053147149   -6.418145664
    1.999195325   -3.141592654   64.761752878   20.725672744   -3.618537658
    2.189594880   -3.141592654   66.247554022   -5.783087830   -0.680273290
    2.379994435   -3.141592654   62.521484976  -32.920973405    2.619727319
    2.570393989   -3.141592654   54.060826875  -54.621403819    6.377090275
    2.760793544   -3.141592654   42.359030284  -66.400052916   10.442135419
    2.951193099   -3.141592654   29.560829450  -66.065437325   14.430310093

   -3.141592654   -2.792526803   25.859130782  -49.630967572   26.165905898
   -2.951193099   -2.792526803   17.959609921  -32.705748976   28.430138344
   -2.760793544   -2.792526803   13.571740216  -13.608405070   29.330226985
   -2.570393989   -2.792526803   12.600762824    2.487443882   29.248316235
   -2.379994435   -2.792526803   14.120242117   12.249559002   28.857539420
   -2.189594880   -2.792526803   16.847687244   15.411037225   28.882994832
   -1.999195325   -2.792526803   19.730924839   14.479297336   29.812411410
   -1.808795770   -2.792526803   22.350139128   13.278266965   31.686617422
   -1.618396215   -2.792526803   24.981928837   14.999997361   34.029985643
   -1.427996661   -2.792526803   28.331106853   20.798133320   35.991041807
   -1.237597106   -2.792526803   33.092905230   29.440636317   36.628317496
   -1.047197551   -2.792526803   39.548604219   37.997846911   35.243307607
   -0.856797996   -2.792526803   47.357457084   43.096076915   31.610886637
   -0.666398442   -2.792526803   55.592516086   42.097065267   26.007928686
   -0.475998887   -2.792526803   62.947142098   33.781593087   19.072142763
   -0.285599332   -2.792526803   68.037758091   18.536371173   11.576785051
   -0.095199777   -2.792526803   69.705649825   -1.698709592    4.227503462
    0.095199777   -2.792526803   67.310985497  -23.436830459   -2.413582164
    0.285599332   -2.792526803   61.010580185  -41.817201564   -7.921722757
    0.475998887   -2.792526803   51.959661723  -51.504319803  -11.963807731
    0.666398442   -2.792526803   42.240938827  -48.332589420  -14.297469383
    0.856797996   -2.792526803   34.441725907  -31.617743503  -14.840783958
    1.047197551   -2.792526803   30.840576674   -5.243693950  -13.755734423
    1.237597106   -2.792526803   32.577974511   22.987378877  -11.466521133
    1.427996661   -2.792526803   39.157219321   44.271730212   -8.525285619
    1.618396215   -2.792526803   48.590926762   52.276902441   -5.397034387
    1.808795770   -2.792526803   58.104618535   45.246337226   -2.278574279
    1.999195325   -2.792526803   65.043673144   26.001369912    0.922853323
    2.189594880   -2.792526803   67.588136919    0.143110324    4.466964482
    2.379994435   -2.792526803   65.081571794  -26.032274140    8.565121022
    2.570393989   -2.792526803   58.013481487  -46.969676194   13.198267614
    2.760793544   -2.792526803   47.787392217  -58.720475785   18.050721719
    2.951193099   -2.792526803   36.373865216  -59.394046505   22.571198163

   -3.141592654   -2.443460953   34.587240745  -44.565586218   23.510923204
   -2.951193099   -2.443460953   27.435444284  -29.940881551   25.344979042
   -2.760793544   -2.443460953   23.368608703  -12.904847995   26.016916616
   -2.570393989   -2.443460953   22.398129097    1.966926960   25.847117586
   -2.379994435   -2.443460953   23.792506404   11.650275174   25.367417170
   -2.189594880   -2.443460953   26.481190916   15.731183716   25.117817206
   -1.999195325   -2.443460953   29.552039732   16.139039734   25.414379548
   -1.808795770   -2.443460953   32.588898200   15.868842042   26.205935345
   -1.618396215   -2.443460953   35.713661423   17.348320375   27.048706171
   -1.427996661   -2.443460953   39.362263591   21.334532522   27.250077480
   -1.237597106   -2.443460953   43.936992910   26.761950533   26.108629607
   -1.047197551   -2.443460953   49.511512785   31.396419185   23.182429502
   -0.856797996   -2.443460953   55.702449484   32.837611972   18.465171469
   -0.666398442   -2.443460953   61.720573030   29.324209433   12.390045711
   -0.475998887   -2.443460953   66.530405734   20.128009089    5.683691305
   -0.285599332   -2.443460953   69.067937790    5.628160328   -0.859385376
   -0.095199777   -2.443460953   68.453116922  -12.591815666   -6.599481833
    0.095199777   -2.443460953   64.238772608  -31.566989289  -11.134230087
    0.285599332   -2.443460953   56.678654089  -46.895167098  -14.291982949
    0.475998887   -2.443460953   46.949525818  -53.567446765  -16.050678182
    0.666398442   -2.443460953   37.104270250  -47.654647328  -16.464305154
    0.856797996   -2.443460953   29.656001077  -28.694949333  -15.656844045
    1.047197551   -2.443460953   26.767660419   -0.798136810  -13.838057393
    1.237597106   -2.443460953   29.430411210   28.144055067  -11.316175504
    1.427996661   -2.443460953   37.003875908   49.481334565   -8.425187030
    1.618396215   -2.443460953   47.408629856   57.266748838   -5.413926055
    1.808795770   -2.443460953   57.862991063   50.194606713   -2.355389928
    1.999195325   -2.443460953   65.776996580   31.377193520    0.837686937
    2.189594880   -2.443460953   69.424133183    6.400730549    4.326571446
    2.379994435   -2.443460953   68.209614738  -18.740588923    8.210930086
    2.570393989   -2.443460953   62.608076047  -38.956350347   12.416838703
    2.760793544   -2.443460953   53.920026012  -50.743294582   16.665873511
    2.951193099   -2.443460953   43.944978239  -52.437456425   20.516629036

   -3.141592654   -2.094395102   40.960057801  -40.900752524   13.565742984
   -2.951193099   -2.094395102   34.355350088  -27.869036956   14.749172454
   -2.760793544   -2.094395102   30.542676439  -12.241395213   15.303910303
   -2.570393989   -2.094395102   29.605300882    1.761217052   15.376921474
   -2.379994435   -2.094395102   30.931743492   11.249830369   15.182283247
   -2.189594880   -2.094395102   33.567424505   15.622707884   14.900016871
   -1.999195325   -2.094395102   36.651831705   16.354301646   14.572452800
   -1.808795770   -2.094395102   39.722484388   15.881460408   14.066190049
   -1.618396215   -2.094395102   42.756980112   16.215099409   13.097008557
   -1.427996661   -2.094395102   45.997532798   18.029707401   11.341580580
   -1.237597106   -2.094395102   49.676774670   20.606505040    8.572175220
   -1.047197551   -2.094395102   53.801059966   22.401972846    4.779337367
   -0.856797996   -2.094395102   58.067445438   21.818023979    0.221167988
   -0.666398442   -2.094395102   61.903222264   17.687103218   -4.631720740
   -0.475998887   -2.094395102   64.562765992    9.440338912   -9.222543781
   -0.285599332   -2.094395102   65.257160768   -2.882488396  -13.059167874
   -0.095199777   -2.094395102   63.282450655  -18.316858922  -15.863916600
    0.095199777   -2.094395102   58.242997175  -34.554823013  -17.598158583
    0.285599332   -2.094395102   50.339029419  -47.608345871  -18.415770364
    0.475998887   -2.094395102   40.644828608  -52.563456086  -18.535835215
    0.666398442   -2.094395102   31.118058020  -45.364750396  -18.112639598
    0.856797996   -2.094395102   24.205369441  -25.383573654  -17.193745918
    1.047197551   -2.094395102   22.026939433    3.320192788  -15.750449399
    1.237597106   -2.094395102   25.530849146   32.822466835  -13.771413181
    1.427996661   -2.094395102   34.028002541   54.462452714  -11.318178160
    1.618396215   -2.094395102   45.394803759   62.369821815   -8.521738803
    1.808795770   -2.094395102   56.830048668   55.390969463   -5.525817819
    1.999195325   -2.094395102   65.750887154   36.770004031   -2.450601623
    2.189594880   -2.094395102   70.454785506   12.114741399    0.632910095
    2.379994435   -2.094395102   70.362815341  -12.689680713    3.678871731
    2.570393989   -2.094395102   65.932602059  -32.763069796    6.624522815
    2.760793544   -2.094395102   58.405114281  -44.841518344    9.363514613
    2.951193099   -2.094395102   49.481484262  -47.398482599   11.733620165

   -3.141592654   -1.745329252   43.653545147  -38.499391023    4.777140693
   -2.951193099   -1.745329252   37.435673415  -26.239920437    5.399331133
   -2.760793544   -1.745329252   33.849796072  -11.496717294    5.768949638
   -2.570393989   -1.745329252   32.970882313    1.642220175    5.863050823
   -2.379994435   -1.745329252   34.199878761   10.357809862    5.634648132
   -2.189594880   -1.745329252   36.595047774   13.975991557    4.999057579
   -1.999195325   -1.745329252   39.282154367   13.788182924    3.832245372
   -1.808795770   -1.745329252   41.750513223   12.061793741    2.007824454
   -1.618396215   -1.745329252   43.910831513   10.812859921   -0.548462777
   -1.427996661   -1.745329252   45.962586850   10.963054924   -3.790410829
   -1.237597106   -1.745329252   48.161887516   12.231555649   -7.517819518
   -1.047197551   -1.745329252   50.627761508   13.534060314  -11.387635000
   -0.856797996   -1.745329252   53.246082363   13.573132276  -14.975290901
   -0.666398442   -1.745329252   55.661851572   11.185050234  -17.872378950
   -0.475998887   -1.745329252   57.316459923    5.491881118  -19.780379569
   -0.285599332   -1.745329252   57.526462378   -4.031376166  -20.576590209
   -0.095199777   -1.745329252   55.574649140  -17.034354850  -20.372143209
    0.095199777   -1.745329252   50.944004361  -31.711521844  -19.474594975
    0.285599332   -1.745329252   43.645602573  -44.259047138  -18.303593641
    0.475998887   -1.745329252   34.565775195  -49.557562413  -17.234941949
    0.666398442   -1.745329252   25.546013652  -43.054372982  -16.443883247
    0.856797996   -1.745329252   19.019730993  -23.561528671  -15.850899273
    1.047197551   -1.745329252   17.183671428    5.195790338  -15.174612436
    1.237597106   -1.745329252   21.094630431   35.287491267  -14.101707589
    1.427996661   -1.745329252   30.142938653   57.789451080  -12.445265574
    1.618396215   -1.745329252   42.221622671   66.470028721  -10.228509264
    1.808795770   -1.745329252   54.487004551   59.927037293   -7.649195368
    1.999195325   -1.745329252   64.282359126   41.347173592   -4.994447704
    2.189594880   -1.745329252   69.838451123   16.447694474   -2.519965317
    2.379994435   -1.745329252   70.539738214   -8.705557190   -0.381965008
    2.570393989   -1.745329252   66.836752085  -29.103590418    1.374775668
    2.760793544   -1.745329252   59.977574712  -41.485105738    2.786586507
    2.951193099   -1.745329252   51.658897053  -44.423431423    3.908079395

   -3.141592654   -1.396263402   41.919346096  -38.362146961    2.541820335
   -2.951193099   -1.396263402   35.758972471  -25.782545748    2.440674310
   -2.760793544   -1.396263402   32.279413243  -10.892847086    2.186376915
   -2.570393989   -1.396263402   31.498651524    1.981541583    1.710399990
   -2.379994435   -1.396263402   32.724584411    9.885457201    0.849963617
   -2.189594880   -1.396263402   34.907876203   12.132418918   -0.622744422
   -1.999195325   -1.396263402   37.077451027   10.146340195   -2.918041708
   -1.808795770   -1.396263402   38.667095562    6.485631459   -6.112251549
   -1.618396215   -1.396263402   39.601895995    3.609582624  -10.050374770
   -1.427996661   -1.396263402   40.188013222    2.941274689  -14.325101442
   -1.237597106   -1.396263402   40.875551607    4.591836832  -18.363225981
   -1.047197551   -1.396263402   42.026878763    7.573526539  -21.586684565
   -0.856797996   -1.396263402   43.755770579   10.319380447  -23.569629410
   -0.666398442   -1.396263402   45.852577496   11.102577942  -24.132671585
   -0.475998887   -1.396263402   47.782409672    8.381686621  -23.350296619
   -0.285599332   -1.396263402   48.765516376    1.022347104  -21.498481061
   -0.095199777   -1.396263402   47.888439787  -11.017670520  -19.009539920
    0.095199777   -1.396263402   44.387868981  -26.077694464  -16.386440552
    0.285599332   -1.396263402   38.031137481  -40.162356772  -14.102708509
    0.475998887   -1.396263402   29.529478968  -47.622145330  -12.474335723
    0.666398442   -1.396263402   20.677047540  -43.147251257  -11.548887041
    0.856797996   -1.396263402   14.004954858  -24.812397793  -11.109005954
    1.047197551   -1.396263402   11.920202264    4.038516382  -10.765883565
    1.237597106   -1.396263402   15.713077018   35.338835304  -10.134205576
    1.427996661   -1.396263402   24.936924618   59.591209490   -8.980947983
    1.618396215   -1.396263402   37.516088442   69.825693092   -7.292883671
    1.808795770   -1.396263402   50.511853600   64.071910584   -5.243403039
    1.999195325   -1.396263402   61.096246958   45.328949072   -3.110666024
    2.189594880   -1.396263402   67.332402014   19.510151741   -1.168525891
    2.379994435   -1.396263402   68.501069876   -6.877749187    0.390930717
    2.570393989   -1.396263402   65.036850243  -28.367875465    1.489492874
    2.760793544   -1.396263402   58.247057256  -41.403432742    2.153495382
    2.951193099   -1.396263402   49.921732063  -44.493418655    2.470613886

   -3.141592654   -1.047197551   38.992200063  -40.720687514    4.658718967
   -2.951193099   -1.047197551   32.440115849  -27.494587963    3.560333743
   -2.760793544   -1.047197551   28.705486207  -11.891932904    2.184692889
   -2.570393989   -1.047197551   27.774448784    1.297033732    0.569697254
   -2.379994435   -1.047197551   28.841269816    8.747961164   -1.361711722
   -2.189594880   -1.047197551   30.696882543    9.699050022   -3.791858751
   -1.999195325   -1.047197551   32.232924272    5.881772225   -6.911710271
   -1.808795770   -1.047197551   32.838007549    0.490202147  -10.761893352
   -1.618396215   -1.047197551   32.527929486   -3.276214610  -15.088332556
   -1.427996661   -1.047197551   31.825509804   -3.455699344  -19.320998721
   -1.237597106   -1.047197551   31.460263480    0.154295443  -22.716891800
   -1.047197551   -1.047197551   32.042292969    6.153806016  -24.619353887
   -0.856797996   -1.047197551   33.820608460   12.241783647  -24.694185733
   -0.666398442   -1.047197551   36.572068848   15.915485915  -23.032714441
   -0.475998887   -1.047197551   39.615506626   15.058348942  -20.085980110
   -0.285599332   -1.047197551   41.944082777    8.246662604  -16.490929945
   -0.095199777   -1.047197551   42.389543127   -4.554977566  -12.888445061
    0.095199777   -1.047197551   39.960438478  -21.426319530   -9.768510547
    0.285599332   -1.047197551   34.268309935  -37.876572706   -7.385674770
    0.475998887   -1.047197551   25.979517454  -47.597812221   -5.747536313
    0.666398442   -1.047197551   16.971958624  -44.641760338   -4.667888990
    0.856797996   -1.047197551    9.961865786  -26.678554212   -3.892480489
    1.047197551   -1.047197551    7.580792732    2.944684495   -3.195237374
    1.237597106   -1.047197551   11.303710395   35.759868375   -2.431472193
    1.427996661   -1.047197551   20.768640191   61.658286082   -1.526643584
    1.618396215   -1.047197551   33.866356121   73.083001428   -0.451912989
    1.808795770   -1.047197551   47.533132195   67.701952771    0.786573289
    1.999195325   -1.047197551   58.773737461   48.448419747    2.127098820
    2.189594880   -1.047197551   65.498083372   21.429224629    3.443925121
    2.379994435   -1.047197551   66.888527792   -6.488233444    4.567965114
    2.570393989   -1.047197551   63.355198141  -29.438295136    5.331111970
    2.760793544   -1.047197551   56.252594702  -43.524018993    5.613327384
    2.951193099   -1.047197551   47.471424125  -47.050306439    5.375696287

   -3.141592654   -0.698131701   39.080076619  -44.168026428    4.544059175
   -2.951193099   -0.698131701   31.823380261  -31.376456975    2.168478269
   -2.760793544   -0.698131701   27.335551266  -15.880875739   -0.425810628
   -2.570393989   -0.698131701   25.642742434   -2.731945317   -3.091326374
   -2.379994435   -0.698131701   25.921055942    4.429113948   -5.840815367
   -2.189594880   -0.698131701   26.893508815    4.672964540   -8.833233887
   -1.999195325   -0.698131701   27.382500312   -0.096675726  -12.229892881
   -1.808795770   -0.698131701   26.775660180   -6.152541186  -15.989832008
   -1.618396215   -0.698131701   25.208945963   -9.620337350  -19.718107836
   -1.427996661   -0.698131701   23.436833846   -8.100031424  -22.710323145
   -1.237597106   -0.698131701   22.455778124   -1.494233934  -24.200439911
   -1.047197551   -0.698131701   23.065631368    8.123990918  -23.702553896
   -0.856797996   -0.698131701   25.544959941   17.502727333  -21.245254558
   -0.666398442   -0.698131701   29.525202613   23.319627799  -17.371536850
   -0.475998887   -0.698131701   34.060579404   23.056796848  -12.918981889
   -0.285599332   -0.698131701   37.849915542   15.374801019   -8.711805469
   -0.095199777   -0.698131701   39.485763604    0.705205850   -5.293867881
    0.095199777   -0.698131701   37.849021170  -18.360762955   -2.804070633
    0.285599332   -0.698131701   32.554208878  -36.669590061   -1.013620870
    0.475998887   -0.698131701   24.379433958  -47.454860233    0.489861146
    0.666398442   -0.698131701   15.370061774  -44.677939980    2.059849236
    0.856797996   -0.698131701    8.392543071  -26.243694229    3.785349210
    1.047197551   -0.698131701    6.163461944    4.097166771    5.477395405
    1.237597106   -0.698131701   10.169305748   37.532246737    6.835849448
    1.427996661   -0.698131701   20.012866311   63.812419613    7.673038623
    1.618396215   -0.698131701   33.539447695   75.396950123    8.037711142
    1.808795770   -0.698131701   47.648830088   70.007692851    8.157790619
    1.999195325   -0.698131701   59.313577863   50.561065977    8.268369391
    2.189594880   -0.698131701   66.401249474   23.084574493    8.451101261
    2.379994435   -0.698131701   68.037297905   -5.616387647    8.592495229
    2.570393989   -0.698131701   64.570487277  -29.651277969    8.453238541
    2.760793544   -0.698131701   57.310303813  -44.970384692    7.790480842
    2.951193099   -0.698131701   48.141014529  -49.649591604    6.476740104

   -3.141592654   -0.349065850   40.288112925  -49.226512490    3.280461358
   -2.951193099   -0.349065850   32.001396933  -37.032588580    0.040652856
   -2.760793544   -0.349065850   26.419048662  -21.645978664   -3.273244063
   -2.570393989   -0.349065850   23.639463179   -8.369372647   -6.433933509
   -2.379994435   -0.349065850   22.850568710   -1.183948285   -9.403888263
   -2.189594880   -0.349065850   22.734769724   -1.182567973  -12.317048532
   -1.999195325   -0.349065850   22.078198180   -6.241214689  -15.306791588
   -1.808795770   -0.349065850   20.310297895  -12.052444172  -18.277735709
   -1.618396215   -0.349065850   17.731938566  -14.108165415  -20.766254033
   -1.427996661   -0.349065850   15.352349361   -9.764814417  -22.050362868
   -1.237597106   -0.349065850   14.407968140    0.651360046  -21.474810326
   -1.047197551   -0.349065850   15.797040565   14.061121656  -18.825757868
   -0.856797996   -0.349065850   19.683717561   26.074705959  -14.511893453
   -0.666398442   -0.349065850   25.398677971   32.625237026   -9.433559090
   -0.475998887   -0.349065850   31.618219956   31.143991337   -4.619608053
   -0.285599332   -0.349065850   36.720039298   20.930913342   -0.837045444
   -0.095199777   -0.349065850   39.142270107    3.454709176    1.680533052
    0.095199777   -0.349065850   37.816951912  -17.639375604    3.251187831
    0.285599332   -0.349065850   32.578727404  -36.541349597    4.543635328
    0.475998887   -0.349065850   24.488914417  -46.496406114    6.221011371
    0.666398442   -0.349065850   15.807559672  -42.163282135    8.591373758
    0.856797996   -0.349065850    9.445730153  -22.435539958   11.423402910
    1.047197551   -0.349065850    7.990366464    8.202452324   14.071834774
    1.237597106   -0.349065850   12.717524282   40.841167297   15.846277155
    1.427996661   -0.349065850   23.063960380   65.748466374   16.383296078
    1.618396215   -0.349065850   36.833780946   76.086805994   15.807437415
    1.808795770   -0.349065850   50.999141665   70.014195152   14.593381071
    1.999195325   -0.349065850   62.642958871   50.400149930   13.264260105
    2.189594880   -0.349065850   69.697915921   22.890257316   12.111736943
    2.379994435   -0.349065850   71.273176845   -6.129998136   11.101673869
    2.570393989   -0.349065850   67.638006909  -30.993197339    9.963375943
    2.760793544   -0.349065850   60.008057293  -47.563718987    8.371315614
    2.951193099   -0.349065850   50.214575151  -53.607649781    6.134491350

   -3.141592654    0.000000000   41.220681927  -55.259143242    1.090447140
   -2.951193099    0.000000000   31.743781589  -43.370408702   -2.146650399
   -2.760793544    0.000000000   24.975154191  -27.669584988   -5.210347699
   -2.570393989    0.000000000   21.108864479  -13.731756710   -7.929633345
   -2.379994435    0.000000000   19.361143582   -5.923575701  -10.318149824
   -2.189594880    0.000000000   18.382526413   -5.537109799  -12.523930233
   -1.999195325    0.000000000   16.927591283  -10.237092714  -14.643045374
   -1.808795770    0.000000000   14.469674304  -15.158894291  -16.517479301
   -1.618396215    0.000000000   11.465584695  -15.267365764  -17.660078533
   -1.427996661    0.000000000    9.139982087   -7.883408569  -17.437220328
   -1.237597106    0.000000000    8.886027364    6.009775058  -15.421428135
   -1.047197551    0.000000000   11.582130193   22.218728470  -11.711969979
   -0.856797996    0.000000000   17.160515888   35.349500713   -6.996638440
   -0.666398442    0.000000000   24.584222095   40.973833706   -2.288408789
   -0.475998887    0.000000000   32.172580347   36.972663710    1.507848545
   -0.285599332    0.000000000   38.093808347   23.720576622    3.956200931
   -0.095199777    0.000000000   40.804916934    3.904944070    5.259187397
    0.095199777    0.000000000   39.465830854  -17.928257652    6.125628941
    0.285599332    0.000000000   34.248194837  -35.768983824    7.439094652
    0.475998887    0.000000000   26.509260851  -43.479612728    9.830820515
    0.666398442    0.000000000   18.625229742  -36.933045667   13.343198884
    0.856797996    0.000000000   13.381093047  -16.229214509   17.349787335
    1.047197551    0.000000000   13.058037863   13.573797999   20.823822405
    1.237597106    0.000000000   18.604965656   43.905935879   22.833494167
    1.427996661    0.000000000   29.268641316   66.041457976   22.967363324
    1.618396215    0.000000000   42.870842133   74.204444449   21.464748854
    1.808795770    0.000000000   56.560288268   67.105910648   18.998504223
    1.999195325    0.000000000   67.635369711   47.466790820   16.294429812
    2.189594880    0.000000000   74.166553572   20.333300853   13.799684792
    2.379994435    0.000000000   75.275264695   -8.552585112   11.576556644
    2.570393989    0.000000000   71.144358523  -33.888818546    9.409887215
    2.760793544    0.000000000   62.872314342  -51.482126253    7.010942713
    2.951193099    0.000000000   52.217622980  -58.728622023    4.220433979

   -3.141592654    0.349065850   42.591190195  -60.427407549    0.639249902
   -2.951193099    0.349065850   32.110307448  -48.650748446   -1.513613415
   -2.760793544    0.349065850   24.358437428  -32.642334695   -3.391272617
   -2.570393989    0.349065850   19.596243683  -18.140858238   -4.982168481
   -2.379994435    0.349065850   17.064727895   -9.754775471   -6.379815203
   -2.189594880    0.349065850   15.404183318   -8.865713891   -7.718426267
   -1.999195325    0.349065850   13.371263061  -12.921514737   -9.032340856
   -1.808795770    0.349065850   10.505229865  -16.626211751  -10.131166968
   -1.618396215    0.349065850    7.405722339  -14.651144255  -10.592405544
   -1.427996661    0.349065850    5.451597917   -4.534225566   -9.956961550
   -1.237597106    0.349065850    6.092440001   11.950479509   -8.020735136
   -1.047197551    0.349065850   10.083001215   29.604929470   -5.038234177
   -0.856797996    0.349065850   17.066044112   42.406068487   -1.672118190
   -0.666398442    0.349065850   25.667657679   46.079334356    1.315965379
   -0.475998887    0.349065850   33.975135294   39.385885317    3.442088348
   -0.285599332    0.349065850   40.129162383   23.925879735    4.720237642
   -0.095199777    0.349065850   42.782075413    3.389667128    5.668335896
    0.095199777    0.349065850   41.427867613  -17.264334579    7.055570952
    0.285599332    0.349065850   36.576329778  -32.410645027    9.549987465
    0.475998887    0.349065850   29.778846022  -36.996246699   13.372191734
    0.666398442    0.349065850   23.360410707  -28.305958604   18.113382061
    0.856797996    0.349065850   19.804897511   -7.537309017   22.818702511
    1.047197551    0.349065850   20.957475601   20.023537353   26.344891067
    1.237597106    0.349065850   27.386166141   46.570852363   27.841087427
    1.427996661    0.349065850   38.169571802   64.733529953   27.081383312
    1.618396215    0.349065850   51.221120008   69.981964311   24.491832364
    1.808795770    0.349065850   63.957595738   61.601326924   20.877569312
    1.999195325    0.349065850   73.977835187   42.076559296   17.053049055
    2.189594880    0.349065850   79.553846425   15.733670390   13.544644596
    2.379994435    0.349065850   79.860634645  -12.437776002   10.511581001
    2.570393989    0.349065850   75.017925810  -37.585531806    7.851608204
    2.760793544    0.349065850   66.015039424  -55.535797456    5.376056269
    2.951193099    0.349065850   54.530711825  -63.400664725    2.968646270

   -3.141592654    0.698131701   44.407301450  -62.458184683    0.112653065
   -2.951193099    0.698131701   33.534143600  -50.737041787   -0.474446110
   -2.760793544    0.698131701   25.371832821  -34.860443728   -0.745337476
   -2.570393989    0.698131701   20.171808574  -20.514242958   -0.890779665
   -2.379994435    0.698131701   17.174872176  -12.249613471   -1.094902658
   -2.189594880    0.698131701   15.035985188  -11.353363008   -1.472950618
   -1.999195325    0.698131701   12.552439165  -15.098369111   -2.018692877
   -1.808795770    0.698131701    9.338996898  -18.005013018   -2.590071719
   -1.618396215    0.698131701    6.094301809  -14.722525666   -2.948816395
   -1.427996661    0.698131701    4.272601849   -3.072432391   -2.879049121
   -1.237597106    0.698131701    5.317606568   14.630016688   -2.314513762
   -1.047197551    0.698131701    9.871809429   32.671998569   -1.389618742
   -0.856797996    0.698131701   17.397408098   44.891305065   -0.358137094
   -0.666398442    0.698131701   26.364918745   47.404851927    0.597369275
   -0.475998887    0.698131701   34.822212358   39.729062893    1.530134003
   -0.285599332    0.698131701   41.018906988   24.238759321    2.758334600
   -0.095199777    0.698131701   43.835110097    5.020054126    4.766451576
    0.095199777    0.698131701   43.015460873  -13.127013718    7.969302767
    0.285599332    0.698131701   39.234327257  -25.314516034   12.478669706
    0.475998887    0.698131701   34.028553940  -27.575488819   17.931294144
    0.666398442    0.698131701   29.498373480  -18.243713981   23.488089378
    0.856797996    0.698131701   27.745795132    0.956854187   28.046926768
    1.047197551    0.698131701   30.208101162   25.027644800   30.617674717
    1.237597106    0.698131701   37.174211145   47.171266268   30.697664313
    1.427996661    0.698131701   47.670983658   61.289270339   28.437815323
    1.618396215    0.698131701   59.784124204   63.844148305   24.523666654
    1.808795770    0.698131701   71.231000547   54.472936770   19.850549681
    1.999195325    0.698131701   79.916104153   35.368130067   15.206162155
    2.189594880    0.698131701   84.322241019   10.221196534   11.073261681
    2.379994435    0.698131701   83.708754019  -16.612752625    7.630270413
    2.570393989    0.698131701   78.179024933  -40.692409125    4.870527976
    2.760793544    0.698131701   68.654335639  -57.974375523    2.728350164
    2.951193099    0.698131701   56.740173047  -65.517071605    1.155185056

   -3.141592654    1.047197551   42.918700452  -63.243060762   -3.962572763
   -2.951193099    1.047197551   32.010499100  -50.360117150   -3.217350346
   -2.760793544    1.047197551   23.995812770  -33.761782185   -2.065724734
   -2.570393989    1.047197551   19.033327277  -19.192409965   -0.872708326
   -2.379994435    1.047197551   16.275047207  -11.110851740    0.071607012
   -2.189594880    1.047197551   14.315717103  -10.617882182    0.624979014
   -1.999195325    1.047197551   11.930486325  -14.790730227    0.789104241
   -1.808795770    1.047197551    8.742661918  -18.022279434    0.643663344
   -1.618396215    1.047197551    5.473258144  -14.951459840    0.281212106
   -1.427996661    1.047197551    3.591400513   -3.483306217   -0.228069956
   -1.237597106    1.047197551    4.537072183   13.977236643   -0.814267888
   -1.047197551    1.047197551    8.941266681   31.742156122   -1.353957155
   -0.856797996    1.047197551   16.275623693   43.864614247   -1.631788186
   -0.666398442    1.047197551   25.077846009   46.817841077   -1.336461445
   -0.475998887    1.047197551   33.532053396   40.439533551   -0.122932534
   -0.285599332    1.047197551   40.064213031   27.198512497    2.286716873
   -0.095199777    1.047197551   43.714516559   10.883687493    6.008947596
    0.095199777    1.047197551   44.294192927   -4.363826327   10.892599738
    0.285599332    1.047197551   42.394262259  -14.540357767   16.472061689
    0.475998887    1.047197551   39.301479491  -16.488688726   21.981864970
    0.666398442    1.047197551   36.745618567   -8.941519708   26.488978440
    0.856797996    1.047197551   36.443290284    6.639146464   29.146248403
    1.047197551    1.047197551   39.559435979   26.151742618   29.465085529
    1.237597106    1.047197551   46.315323057   43.971502066   27.484543870
    1.427996661    1.047197551   55.879152393   54.938511897   23.725466110
    1.618396215    1.047197551   66.606511630   55.886038834   18.960104735
    1.808795770    1.047197551   76.494925039   46.241348090   13.927899153
    1.999195325    1.047197551   83.656090732   27.677814293    9.163960527
    2.189594880    1.047197551   86.679605766    3.411127912    4.962027730
    2.379994435    1.047197551   84.861513059  -22.447552388    1.460355478
    2.570393989    1.047197551   78.319474123  -45.469149372   -1.251516721
    2.760793544    1.047197551   67.997720255  -61.534270619   -3.086482911
    2.951193099    1.047197551   55.534015654  -67.696095119   -3.980131633

   -3.141592654    1.396263402   38.007669956  -62.293157741  -10.236740502
   -2.951193099    1.396263402   27.477525201  -47.436083538   -9.012772355
   -2.760793544    1.396263402   20.144948073  -29.675347804   -7.216061929
   -2.570393989    1.396263402   15.996021818  -14.881331091   -5.214958790
   -2.379994435    1.396263402   14.015935765   -7.347947283   -3.304933043
   -2.189594880    1.396263402   12.681286103   -7.867015573   -1.645305530
   -1.999195325    1.396263402   10.706818896  -13.247378975   -0.292928952
   -1.808795770    1.396263402    7.693122571  -17.744246735    0.701691078
   -1.618396215    1.396263402    4.356522125  -15.932725504    1.244097363
   -1.427996661    1.396263402    2.178882344   -5.573502750    1.245143343
   -1.237597106    1.396263402    2.654462314   11.224605650    0.753797908
   -1.047197551    1.396263402    6.536307437   29.162456295    0.061572763
   -0.856797996    1.396263402   13.484342860   42.577853643   -0.324903772
   -0.666398442    1.396263402   22.255418426   47.941471193    0.162622598
   -0.475998887    1.396263402   31.218546274   44.738655605    1.941489656
   -0.285599332    1.396263402   38.887532403   34.800060464    5.127838792
   -0.095199777    1.396263402   44.253585405   21.125634120    9.495966484
    0.095199777    1.396263402   46.929135202    7.122436128   14.497581029
    0.285599332    1.396263402   47.185444349   -3.716873422   19.350307197
    0.475998887    1.396263402   45.931216073   -8.309166121   23.177733568
    0.666398442    1.396263402   44.555605492   -4.898740253   25.213614100
    0.856797996    1.396263402   44.577713756    6.016218507   25.050006524
    1.047197551    1.396263402   47.169949561   21.451917926   22.775541589
    1.237597106    1.396263402   52.750448730   36.588925220   18.932608791
    1.427996661    1.396263402   60.779607495   46.435771200   14.280445051
    1.618396215    1.396263402   69.879045435   47.416012352    9.502757897
    1.808795770    1.396263402   78.202879220   38.304429835    5.015336972
    1.999195325    1.396263402   83.907193876   20.287165114    0.971347429
    2.189594880    1.396263402   85.567035799   -3.528644808   -2.614460717
    2.379994435    1.396263402   82.477088245  -28.813029806   -5.712291705
    2.570393989    1.396263402   74.811080105  -50.804276484   -8.198235438
    2.760793544    1.396263402   63.622236027  -65.185912645   -9.877434302
    2.951193099    1.396263402   50.667516634  -69.116005858  -10.573089256

   -3.141592654    1.745329252   31.510997389  -60.495959077  -16.564122513
   -2.951193099    1.745329252   21.513087113  -43.751463127  -15.385594672
   -2.760793544    1.745329252   15.000093325  -24.910370583  -13.392424353
   -2.570393989    1.745329252   11.788151933   -9.948907393  -10.876319587
   -2.379994435    1.745329252   10.703533712   -2.968772163   -8.101096090
   -2.189594880    1.745329252   10.115997435   -4.442478038   -5.239351488
   -1.999195325    1.745329252    8.687310610  -10.968626484   -2.402272085
   -1.808795770    1.745329252    5.987654426  -16.756009950    0.265375938
   -1.618396215    1.745329252    2.707746444  -16.339935161    2.535451900
   -1.427996661    1.745329252    0.330272335   -7.210658943    4.166738545
   -1.237597106    1.745329252    0.428480241    9.051866626    5.075320241
   -1.047197551    1.745329252    3.941706909   27.685204509    5.471054342
   -0.856797996    1.745329252   10.786737184   43.183903614    5.829681696
   -0.666398442    1.745329252   19.955154202   51.605699820    6.700320382
   -0.475998887    1.745329252   29.926180180   51.600156127    8.447231106
   -0.285599332    1.745329252   39.149977754   44.071078821   11.083071606
   -0.095199777    1.745329252   46.394392760   31.288004971   14.250824761
    0.095199777    1.745329252   50.941794860   16.294930714   17.308847537
    0.285599332    1.745329252   52.702349523    2.632429783   19.497575454
    0.475998887    1.745329252   52.276813094   -6.114907114   20.145796104
    0.666398442    1.745329252   50.882557918   -7.253585944   18.882350786
    0.856797996    1.745329252   50.070458729   -0.176399292   15.814200719
    1.047197551    1.745329252   51.239984950   13.007710641   11.511063260
    1.237597106    1.745329252   55.145209080   27.708652683    6.792227655
    1.427996661    1.745329252   61.554232096   38.439627803    2.391105345
    1.618396215    1.745329252   69.258423487   40.747674240   -1.310737035
    1.808795770    1.745329252   76.417699483   32.647661108   -4.342099915
    1.999195325    1.745329252   81.094078436   15.054872877   -6.973857602
    2.189594880    1.745329252   81.766047185   -8.690488181   -9.472822412
    2.379994435    1.745329252   77.705554711  -33.772585335  -11.915600440
    2.570393989    1.745329252   69.157329065  -54.982343808  -14.145384483
    2.760793544    1.745329252   57.306903719  -67.820553392  -15.854061781
    2.951193099    1.745329252   44.046208901  -69.609414743  -16.724100032

   -3.141592654    2.094395102   24.438697170  -59.803705056  -18.808481264
   -2.951193099    2.094395102   14.737377258  -41.378785119  -17.456154996
   -2.760793544    2.094395102    8.811629983  -21.198839591  -15.232560592
   -2.570393989    2.094395102    6.397748382   -5.358189876  -12.374951555
   -2.379994435    2.094395102    6.238608497    2.103258403   -9.113861778
   -2.189594880    2.094395102    6.640914992    0.841664471   -5.599881374
   -1.999195325    2.094395102    6.220666445   -5.710963094   -1.923649737
   -1.808795770    2.094395102    4.494683840  -11.860571449    1.781902621
   -1.618396215    2.094395102    2.079639767  -12.227017930    5.264994820
   -1.427996661    2.094395102    0.387475335   -4.150155126    8.203502534
   -1.237597106    2.094395102    0.977431612   11.218885319   10.373018969
   -1.047197551    2.094395102    4.867880014   29.611950596   11.804091060
   -0.856797996    2.094395102   12.126228724   45.730841466   12.787959904
   -0.666398442    2.094395102   21.890542396   55.366093521   13.705302168
   -0.475998887    2.094395102   32.696201618   56.530532426   14.784876365
   -0.285599332    2.094395102   42.915721351   49.421646506   15.957029501
   -0.095199777    2.094395102   51.121493426   35.798247980   16.859706144
    0.095199777    2.094395102   56.336496125   18.570197491   16.964096738
    0.285599332    2.094395102   58.225508597    1.567773752   15.766679315
    0.475998887    2.094395102   57.240177867  -10.930035914   12.992065786
    0.666398442    2.094395102   54.608574825  -15.248897249    8.747111096
    0.856797996    2.094395102   52.081012754   -9.886245796    3.588254370
    1.047197551    2.094395102   51.388497450    3.476824397   -1.630269013
    1.237597106    2.094395102   53.628640419   19.947395388   -6.066962067
    1.427996661    2.094395102   58.790849036   33.124581225   -9.232062921
    1.618396215    2.094395102   65.693866761   37.514595938  -11.154058423
    1.808795770    2.094395102   72.355804683   30.469367263  -12.283525469
    1.999195325    2.094395102   76.631285100   12.880392148  -13.203804194
    2.189594880    2.094395102   76.837860767  -11.438815029  -14.334434767
    2.379994435    2.094395102   72.198047077  -37.041017149  -15.772515763
    2.570393989    2.094395102   63.018525854  -58.218665820  -17.311185199
    2.760793544    2.094395102   50.613343250  -70.279791721  -18.569455522
    2.951193099    2.094395102   37.010160115  -70.654968832  -19.157401234

   -3.141592654    2.443460953   18.233284142  -58.786704381  -13.532045272
   -2.951193099    2.443460953    8.866764236  -38.907112692  -12.093373702
   -2.760793544    2.443460953    3.539640069  -17.439057282  -10.036667195
   -2.570393989    2.443460953    1.943508009   -0.579903074   -7.465249235
   -2.379994435    2.443460953    2.773166315    7.677817455   -4.462350894
   -2.189594880    2.443460953    4.303282397    7.092065699   -1.046407060
   -1.999195325    2.443460953    5.127884651    1.074308812    2.794381502
   -1.808795770    2.443460953    4.721414525   -4.869004835    6.988796635
   -1.618396215    2.443460953    3.614877529   -5.586018444   11.279798972
   -1.427996661    2.443460953    3.106428230    1.553030506   15.241630601
   -1.237597106    2.443460953    4.664902406   15.665334782   18.432706052
   -1.047197551    2.443460953    9.288603692   32.913544424   20.581483743
   -0.856797996    2.443460953   17.096937104   48.273242533   21.669217497
   -0.666398442    2.443460953   27.300037420   57.450990644   21.844936679
   -0.475998887    2.443460953   38.456110545   58.066546675   21.249457522
   -0.285599332    2.443460953   48.875705991   49.864655036   19.884894131
   -0.095199777    2.443460953   56.998907372   34.346698986   17.600772976
    0.095199777    2.443460953   61.698276897   14.508467761   14.196657208
    0.285599332    2.443460953   62.538037217   -5.387708308    9.588246456
    0.475998887    2.443460953   59.978967844  -20.378865448    3.965814707
    0.666398442    2.443460953   55.397101015  -26.029701339   -2.140767420
    0.856797996    2.443460953   50.818986566  -20.332974038   -7.917510369
    1.047197551    2.443460953   48.302406797   -4.985624329  -12.515667750
    1.237597106    2.443460953   49.208822432   14.496911450  -15.366125704
    1.427996661    2.443460953   53.629957746   30.713419048  -16.411397123
    1.618396215    2.443460953   60.297757522   37.260752452  -16.104875163
    1.808795770    2.443460953   67.011660932   31.057223597  -15.177366201
    1.999195325    2.443460953   71.383899998   13.165547527  -14.310175013
    2.189594880    2.443460953   71.563891632  -12.034476663  -13.889616253
    2.379994435    2.443460953   66.725598127  -38.465999069  -13.947197105
    2.570393989    2.443460953   57.233681388  -59.959603985  -14.254205675
    2.760793544    2.443460953   44.521721452  -71.643042196  -14.475055126
    2.951193099    2.443460953   30.745801857  -71.018702201  -14.302174502

   -3.141592654    2.792526803   14.899543423  -57.561113602    1.616412207
   -2.951193099    2.792526803    5.837758840  -36.928002047    3.795963963
   -2.760793544    2.792526803    0.970018412  -14.596863216    5.718176446
   -2.570393989    2.792526803    0.000000000    3.149270135    7.411060028
   -2.379994435    2.792526803    1.625019201   12.301859982    9.087662947
   -2.189594880    2.792526803    4.124635763   12.654370761   11.090964732
   -1.999195325    2.792526803    6.100091267    7.588474206   13.742220091
   -1.808795770    2.792526803    7.013809797    2.426969919   17.143563231
   -1.618396215    2.792526803    7.336122489    2.018465928   21.036664427
   -1.427996661    2.792526803    8.248652756    8.742380128   24.833618042
   -1.237597106    2.792526803   11.074780666   21.674876048   27.823029576
   -1.047197551    2.792526803   16.682378969   37.166692084   29.439832322
   -0.856797996    2.792526803   25.105427984   50.437344170   29.440684734
   -0.666398442    2.792526803   35.505957027   57.322882228   27.887066383
   -0.475998887    2.792526803   46.402156547   55.418544169   24.997638167
   -0.285599332    2.792526803   56.055313515   44.416782773   20.997188860
   -0.095199777    2.792526803   62.859570656   25.937325555   16.054454385
    0.095199777    2.792526803   65.689875391    3.370816594   10.329973471
    0.285599332    2.792526803   64.211787099  -18.395507738    4.081754336
    0.475998887    2.792526803   59.113007443  -33.759172208   -2.246396611
    0.666398442    2.792526803   52.095762955  -37.903508308   -8.033459135
    0.856797996    2.792526803   45.539249135  -28.986754697  -12.592164368
    1.047197551    2.792526803   41.766099186   -9.438869909  -15.398050041
    1.237597106    2.792526803   42.224193240   14.142987991  -16.304686738
    1.427996661    2.792526803   46.886592241   33.367573819  -15.613591115
    1.618396215    2.792526803   54.219991622   41.339734301  -13.936996142
    1.808795770    2.792526803   61.725560577   35.101376794  -11.923513523
    1.999195325    2.792526803   66.787709736   16.287358150  -10.007869739
    2.189594880    2.792526803   67.450355380  -10.069785050   -8.303703515
    2.379994435    2.792526803   62.890719199  -37.435240155   -6.679711599
    2.570393989    2.792526803   53.538729198  -59.445655813   -4.928296929
    2.760793544    2.792526803   40.909561809  -71.226852373   -2.921754940
    2.951193099    2.792526803   27.233616477  -70.343562885   -0.688120330
