#! FIELDS phi psi file.free der_phi der_psi
#! SET min_phi -pi
#! SET max_phi pi
#! SET nbins_phi  33
#! SET periodic_phi true
#! SET min_psi -pi
#! SET max_psi pi
#! SET nbins_psi  18
#! SET periodic_psi true
   -3.141592654   -3.141592654   18.893480634  -55.941881263   14.505929327
   -2.951193099   -3.141592654    9.924433978  -37.304833688   17.226098211
   -2.760793544   -3.141592654    4.926822197  -15.274605425   19.171402965
   -2.570393989   -3.141592654    3.920212810    3.674388853   20.406788907
   -2.379994435   -3.141592654    5.825776809   14.822390398   21.261664913
   -2.189594880   -3.141592654    9.002589073   17.222824170   22.210373377
   -1.999195325   -3.141592654   12.007947483   13.744601969   23.648136557
   -1.808795770   -3.141592654   14.181070399    9.349732277   25.665568933
   -1.618396215   -3.141592654   15.804374552    8.564106220   27.936048033
   -1.427996661   -3.141592654   17.813540045   13.501112101   29.804990430
   -1.237597106   -3.141592654   21.253936267   23.186296461   30.546101681
   -1.047197551   -3.141592654   26.743185485   34.314904512   29.670332745
   -0.856797996   -3.141592654   34.165523930   42.809095502   27.113734477
   -0.666398442   -3.141592654   42.687504156   45.393333339   23.199778017
   -0.475998887   -3.141592654   51.000104373   40.510797300   18.442704916
   -0.285599332   -3.141592654   57.678551198   28.456236449   13.311051037
   -0.095199777   -3.141592654   61.510329052   11.057216858    8.082537155
    0.095199777   -3.141592654   61.759608953   -8.558449421    2.870014667
    0.285599332   -3.141592654   58.394465940  -26.109780642   -2.241638573
    0.475998887   -3.141592654   52.268790556  -36.800394158   -7.036247603
    0.666398442   -3.141592654   45.092789960  -36.632202348  -11.105155467
    0.856797996   -3.141592654   39.099955166  -24.543244465  -13.938164402
    1.047197551   -3.141592654   36.334508521   -3.575873124  -15.143698493
    1.237597106   -3.141592654   37.887054492   19.512100571  -14.667081776
    1.427996661   -3.141592654   43.406149713   36.901083157  -12.837820124
    1.618396215   -3.141592654   51.212139078   42.912002909  -10.218553773
    1.808795770   -3.141592654   58.916175519   35.935719561   -7.341533981
    1.999195325   -3.141592654   64.216753176   18.294704810   -4.506912596
    2.189594880   -3.141592654   65.495697776   -5.449182125   -1.730787822
    2.379994435   -3.141592654   62.078704004  -30.180641050    1.144442243
    2.570393989   -3.141592654   54.248377802  -51.045539613    4.279140100
    2.760793544   -3.141592654   43.153109649  -63.863311601    7.695578017
    2.951193099   -3.141592654   30.637549611  -65.688592835   11.214158534

   -3.141592654   -2.792526803   25.752848098  -50.223507265   22.275642225
   -2.951193099   -2.792526803   17.683919225  -33.651440984   25.075462844
   -2.760793544   -2.792526803   13.175856548  -13.735244537   26.625469619
   -2.570393989   -2.792526803   12.307481682    3.744577135   27.129910516
   -2.379994435   -2.792526803   14.173947359   14.543386411   27.117689708
   -2.189594880   -2.792526803   17.356775287   17.725606068   27.223699961
   -1.999195325   -2.792526803   20.589211957   15.675634604   27.894868446
   -1.808795770   -2.792526803   23.261023805   12.560445308   29.169911277
   -1.618396215   -2.792526803   25.547521291   12.111788180   30.627228834
   -1.427996661   -2.792526803   28.152984054   15.970028039   31.546329341
   -1.237597106   -2.792526803   31.848757711   23.213741194   31.197540799
   -1.047197551   -2.792526803   37.038768477   31.086458758   29.146746031
   -0.856797996   -2.792526803   43.528423337   36.314884743   25.416071972
   -0.666398442   -2.792526803   50.553669002   36.338399795   20.423297888
   -0.475998887   -2.792526803   56.981388207   29.969796569   14.773080994
   -0.285599332   -2.792526803   61.595618132   17.479243194    9.012170998
   -0.095199777   -2.792526803   63.361235962    0.445594477    3.474652633
    0.095199777   -2.792526803   61.668673263  -18.261544844   -1.687532794
    0.285599332   -2.792526803   56.577547193  -34.451725119   -6.371374584
    0.475998887   -2.792526803   49.032114163  -43.271432149  -10.375464594
    0.666398442   -2.792526803   40.845933756  -40.679992110  -13.358623839
    0.856797996   -2.792526803   34.344421158  -25.790409373  -14.952703071
    1.047197551   -2.792526803   31.604428444   -2.105111132  -14.956449765
    1.237597106   -2.792526803   33.649397874   23.086589329  -13.493850154
    1.427996661   -2.792526803   39.975467782   41.651087125  -10.983386477
    1.618396215   -2.792526803   48.727665702   47.995936112   -7.951049352
    1.808795770   -2.792526803   57.394403508   40.941007243   -4.786577908
    1.999195325   -2.792526803   63.644637700   23.318169134   -1.611616349
    2.189594880   -2.792526803   65.913289166   -0.001749207    1.701269480
    2.379994435   -2.792526803   63.606795035  -23.925413387    5.368479296
    2.570393989   -2.792526803   57.052565652  -43.929604507    9.503127622
    2.760793544   -2.792526803   47.364016175  -56.324537979   13.983243318
    2.951193099   -2.792526803   36.259789141  -58.577785451   18.419727975

   -3.141592654   -2.443460953   33.508616043  -44.152590833   21.255418702
   -2.951193099   -2.443460953   26.397307814  -29.742774889   23.585913178
   -2.760793544   -2.443460953   22.416868915  -12.053223686   24.701488186
   -2.570393989   -2.443460953   21.700292056    3.804317293   24.806104220
   -2.379994435   -2.443460953   23.504037853   14.005025937   24.375492375
   -2.189594880   -2.443460953   26.607008230   17.553019500   23.941714829
   -1.999195325   -2.443460953   29.881611946   16.305918932   23.836019888
   -1.808795770   -2.443460953   32.730242267   13.672201455   24.033010416
   -1.618396215   -2.443460953   35.200726703   12.740164820   24.153668806
   -1.427996661   -2.443460953   37.783245510   14.909916543   23.639151962
   -1.237597106   -2.443460953   41.038333749   19.549282814   21.990065505
   -1.047197551   -2.443460953   45.256425352   24.585229991   18.991329328
   -0.856797996   -2.443460953   50.275193745   27.521223229   14.803364268
   -0.666398442   -2.443460953   55.489642821   26.321807147    9.880825820
   -0.475998887   -2.443460953   59.985576453   19.890382473    4.782923659
   -0.285599332   -2.443460953   62.745366976    8.192257592   -0.030617137
   -0.095199777   -2.443460953   62.854535600   -7.623520446   -4.332115676
    0.095199777   -2.443460953   59.749922891  -25.013403752   -8.078968511
    0.285599332   -2.443460953   53.500288373  -39.846527696  -11.283940882
    0.475998887   -2.443460953   45.068801262  -47.126802125  -13.867892243
    0.666398442   -2.443460953   36.319659178  -42.673823413  -15.604906808
    0.856797996   -2.443460953   29.637020328  -25.660793311  -16.219196604
    1.047197551   -2.443460953   27.120760456    0.081334960  -15.546813133
    1.237597106   -2.443460953   29.742767767   26.866936804  -13.680267250
    1.427996661   -2.443460953   36.885762526   46.335963815  -10.953075268
    1.618396215   -2.443460953   46.566605381   52.993120675   -7.794477285
    1.808795770   -2.443460953   56.192780780   46.012326864   -4.527377315
    1.999195325   -2.443460953   63.425720659   28.619789736   -1.262538789
    2.189594880   -2.443460953   66.754872849    5.898047647    2.093488878
    2.379994435   -2.443460953   65.655347308  -17.125460003    5.709686495
    2.570393989   -2.443460953   60.483356079  -36.256177752    9.665932394
    2.760793544   -2.443460953   52.304319656  -48.270524741   13.838207333
    2.951193099   -2.443460953   42.702605908  -51.024342977   17.864376122

   -3.141592654   -2.094395102   39.646140587  -39.792233402   13.661516896
   -2.951193099   -2.094395102   33.203091175  -27.132995596   15.006231304
   -2.760793544   -2.094395102   29.550688326  -11.170332992   15.573944022
   -2.570393989   -2.094395102   28.874154766    3.453467433   15.496437419
   -2.379994435   -2.094395102   30.551191124   13.143005232   15.033086720
   -2.189594880   -2.094395102   33.489347150   16.745330992   14.430608985
   -1.999195325   -2.094395102   36.627281820   15.651797728   13.782166031
   -1.808795770   -2.094395102   39.334888152   12.736684912   12.978926939
   -1.618396215   -2.094395102   41.540264927   10.758359814   11.769274532
   -1.427996661   -2.094395102   43.585345565   11.149544236    9.905864352
   -1.237597106   -2.094395102   45.924110099   13.686000288    7.279498124
   -1.047197551   -2.094395102   48.841564820   16.898558144    4.000263822
   -0.856797996   -2.094395102   52.285650279   18.846511940    0.372684898
   -0.666398442   -2.094395102   55.840132856   17.746669297   -3.217999925
   -0.475998887   -2.094395102   58.788915445   12.352839112   -6.444742242
   -0.285599332   -2.094395102   60.252627007    2.149337149   -9.140494913
   -0.095199777   -2.094395102   59.351816120  -12.230871576  -11.346585977
    0.095199777   -2.094395102   55.477013321  -28.559501468  -13.222966182
    0.285599332   -2.094395102   48.625140049  -42.651820797  -14.916057617
    0.475998887   -2.094395102   39.726960559  -49.176022006  -16.418021354
    0.666398442   -2.094395102   30.686894386  -43.593395895  -17.508659019
    0.856797996   -2.094395102   23.975971308  -24.957420002  -17.845859460
    1.047197551   -2.094395102   21.770243167    2.652467010  -17.134456029
    1.237597106   -2.094395102   25.046684883   31.102647664  -15.304236931
    1.427996661   -2.094395102   33.111277453   51.661750323  -12.560072388
    1.618396215   -2.094395102   43.856843093   58.748606722   -9.292381126
    1.808795770   -2.094395102   54.582702325   51.751414469   -5.893679906
    1.999195325   -2.094395102   62.897174137   34.246898278   -2.623427024
    2.189594880   -2.094395102   67.299785838   11.582914861    0.450277199
    2.379994435   -2.094395102   67.307464721  -11.161745548    3.388260257
    2.570393989   -2.094395102   63.302990084  -29.980890385    6.262747339
    2.760793544   -2.094395102   56.327240817  -41.993823807    9.055042727
    2.951193099   -2.094395102   47.874244486  -45.359339774   11.603868530

   -3.141592654   -1.745329252   42.738994719  -37.541923814    6.466134204
   -2.951193099   -1.745329252   36.631276828  -25.901611142    6.855614918
   -2.760793544   -1.745329252   33.108164472  -11.038926407    6.804057556
   -2.570393989   -1.745329252   32.362048720    2.628052141    6.376256591
   -2.379994435   -1.745329252   33.810662044   11.605989556    5.661816842
   -2.189594880   -1.745329252   36.401035426   14.633052061    4.700367254
   -1.999195325   -1.745329252   39.075188030   12.858496349    3.433532235
   -1.808795770   -1.745329252   41.163428191    8.973325065    1.732627112
   -1.618396215   -1.745329252   42.538899037    5.786887386   -0.510831088
   -1.427996661   -1.745329252   43.524083099    5.032488198   -3.274066884
   -1.237597106   -1.745329252   44.624091790    6.909270719   -6.357413694
   -1.047197551   -1.745329252   46.249689797   10.262888872   -9.415891550
   -0.856797996   -1.745329252   48.512989616   13.215863076  -12.066527083
   -0.666398442   -1.745329252   51.143942410   13.750054630  -14.016904649
   -0.475998887   -1.745329252   53.506071645   10.189303055  -15.159203219
   -0.285599332   -1.745329252   54.712366749    1.526107934  -15.591912173
   -0.095199777   -1.745329252   53.790384633  -11.952506194  -15.599140002
    0.095199777   -1.745329252   49.994480274  -28.122056076  -15.531783988
    0.285599332   -1.745329252   43.195780133  -42.583305201  -15.672308457
    0.475998887   -1.745329252   34.265009868  -49.545518014  -16.094595738
    0.666398442   -1.745329252   25.143940747  -43.967846151  -16.601087227
    0.856797996   -1.745329252   18.419122487  -24.601930671  -16.801359717
    1.047197551   -1.745329252   16.404741502    4.386794043  -16.280778937
    1.237597106   -1.745329252   20.165646586   34.443980183  -14.808862432
    1.427996661   -1.745329252   29.001876678   56.330358446  -12.444817582
    1.618396215   -1.745329252   40.714421326   64.112129697   -9.504410724
    1.808795770   -1.745329252   52.474405852   57.138687976   -6.399800400
    1.999195325   -1.745329252   61.779566889   39.210308464   -3.486054767
    2.189594880   -1.745329252   67.074464644   15.990299020   -0.950959114
    2.379994435   -1.745329252   67.876688557   -7.202194993    1.178203842
    2.570393989   -1.745329252   64.597326639  -26.305324683    2.960185296
    2.760793544   -1.745329252   58.298740532  -38.570663907    4.451041036
    2.951193099   -1.745329252   50.461336913  -42.363195553    5.641277191

   -3.141592654   -1.396263402   41.970185070  -38.253098568    3.621560407
   -2.951193099   -1.396263402   35.730285520  -26.573795562    3.204300762
   -2.760793544   -1.396263402   32.084123061  -11.677195805    2.443118868
   -2.570393989   -1.396263402   31.208680255    1.867006278    1.395772697
   -2.379994435   -1.396263402   32.478066223   10.422264351    0.074917477
   -2.189594880   -1.396263402   34.771413153   12.626369215   -1.594545512
   -1.999195325   -1.396263402   36.953418710    9.645144037   -3.750132556
   -1.808795770   -1.396263402   38.297883921    4.373610283   -6.489468618
   -1.618396215   -1.396263402   38.679168548    0.023361933   -9.741620730
   -1.427996661   -1.396263402   38.508238312   -1.196609177  -13.199007853
   -1.237597106   -1.396263402   38.459429151    1.259860857  -16.377536463
   -1.047197551   -1.396263402   39.149827571    6.250586343  -18.776287059
   -0.856797996   -1.396263402   40.865390176   11.546609960  -20.053670868
   -0.666398442   -1.396263402   43.416120528   14.534582403  -20.132151050
   -0.475998887   -1.396263402   46.126084916   12.934889958  -19.200122252
   -0.285599332   -1.396263402   47.969591818    5.291877716  -17.627990268
   -0.095199777   -1.396263402   47.774792624   -8.258643917  -15.876625978
    0.095199777   -1.396263402   44.597076510  -25.457006431  -14.372534864
    0.285599332   -1.396263402   38.161558933  -41.476609792  -13.396043649
    0.475998887   -1.396263402   29.294215347  -49.912944025  -12.986514069
    0.666398442   -1.396263402   20.014789442  -45.108666180  -12.916105921
    0.856797996   -1.396263402   13.084542948  -25.434499304  -12.788373703
    1.047197551   -1.396263402   11.025302777    4.877906390  -12.202289125
    1.237597106   -1.396263402   15.053400765   36.779298918  -10.928841208
    1.427996661   -1.396263402   24.503324798   60.341952669   -8.994321764
    1.618396215   -1.396263402   37.084217430   69.060788281   -6.641668309
    1.808795770   -1.396263402   49.800098041   62.060799875   -4.197208200
    1.999195325   -1.396263402   59.973412107   43.294117266   -1.946017191
    2.189594880   -1.396263402   65.928092932   18.795711662   -0.050950455
    2.379994435   -1.396263402   67.137819672   -5.709081260    1.441321863
    2.570393989   -1.396263402   64.036252485  -25.874751086    2.546823495
    2.760793544   -1.396263402   57.747311872  -38.836967185    3.284870123
    2.951193099   -1.396263402   49.821123453  -42.977703997    3.649394886

   -3.141592654   -1.047197551   39.918917117  -41.396515536    4.351591462
   -2.951193099   -1.047197551   33.098299384  -29.464199792    3.194661104
   -2.760793544   -1.047197551   28.951824497  -14.022121509    1.536360369
   -2.570393989   -1.047197551   27.680716220    0.013001890   -0.483103756
   -2.379994435   -1.047197551   28.612288637    8.629131251   -2.764009832
   -2.189594880   -1.047197551   30.519899064   10.261408789   -5.315975374
   -1.999195325   -1.047197551   32.153732846    6.197506650   -8.231904497
   -1.808795770   -1.047197551   32.729609801   -0.207586691  -11.557398182
   -1.618396215   -1.047197551   32.171285467   -5.119020761  -15.131096063
   -1.427996661   -1.047197551   31.049889458   -5.837113400  -18.520205360
   -1.237597106   -1.047197551   30.259238071   -1.713876471  -21.126633868
   -1.047197551   -1.047197551   30.610164468    5.745419351  -22.422198602
   -0.856797996   -1.047197551   32.482096973   13.658958014  -22.172650369
   -0.666398442   -1.047197551   35.647794618   18.738975844  -20.528435500
   -0.475998887   -1.047197551   39.282223825   18.249774878  -17.949886588
   -0.285599332   -1.047197551   42.152839357   10.571633376  -15.025120581
   -0.095199777   -1.047197551   42.877249973   -4.031401270  -12.291500298
    0.095199777   -1.047197551   40.348473729  -22.939708163  -10.096301258
    0.285599332   -1.047197551   34.215258286  -40.792028346   -8.535842568
    0.475998887   -1.047197551   25.336324256  -50.597821496   -7.471159050
    0.666398442   -1.047197551   15.866938871  -46.252922166   -6.617981007
    0.856797996   -1.047197551    8.760135994  -25.996533213   -5.700213961
    1.047197551   -1.047197551    6.716407566    5.680312213   -4.565072777
    1.237597106   -1.047197551   11.051949587   39.184750993   -3.223319274
    1.427996661   -1.047197551   21.090486197   64.012148005   -1.794680883
    1.618396215   -1.047197551   34.434968319   73.268164150   -0.418088488
    1.808795770   -1.047197551   47.938307223   65.987916098    0.826282234
    1.999195325   -1.047197551   58.778905415   46.284263070    1.927210506
    2.189594880   -1.047197551   65.181131021   20.465561354    2.910703565
    2.379994435   -1.047197551   66.572256106   -5.473236201    3.785175937
    2.570393989   -1.047197551   63.384805469  -26.983304252    4.498877050
    2.760793544   -1.047197551   56.775150879  -41.042548252    4.928974770
    2.951193099   -1.047197551   48.354459683  -45.894908628    4.921046070

   -3.141592654   -0.698131701   40.189601754  -44.441272367    3.560583517
   -2.951193099   -0.698131701   32.700630045  -33.377511797    1.470465572
   -2.760793544   -0.698131701   27.756970744  -18.411267194   -1.135231741
   -2.570393989   -0.698131701   25.632761535   -4.518926353   -4.024527583
   -2.379994435   -0.698131701   25.696938941    4.040116138   -7.028653348
   -2.189594880   -0.698131701   26.713056934    5.446753470  -10.115191350
   -1.999195325   -0.698131701   27.392344709    0.971117849  -13.328671197
   -1.808795770   -0.698131701   26.940897523   -5.704246725  -16.624177078
   -1.618396215   -0.698131701   25.359534815  -10.210909226  -19.710538728
   -1.427996661   -0.698131701   23.390647303   -9.453752382  -22.050222501
   -1.237597106   -0.698131701   22.135499207   -2.839779653  -23.052951879
   -1.047197551   -0.698131701   22.551268265    7.565870962  -22.369738557
   -0.856797996   -0.698131701   25.028727115   18.079554827  -20.091063621
   -0.666398442   -0.698131701   29.206876002   24.746760061  -16.728239633
   -0.475998887   -0.698131701   34.034875727   24.562715015  -13.002102361
   -0.285599332   -0.698131701   38.044403225   16.060820899   -9.565151664
   -0.095199777   -0.698131701   39.677434662   -0.046037534   -6.786919765
    0.095199777   -0.698131701   37.751483117  -20.566914257   -4.682386430
    0.285599332   -0.698131701   31.946261956  -39.620088587   -2.980262403
    0.475998887   -0.698131701   23.232799522  -49.900613657   -1.303674167
    0.666398442   -0.698131701   13.909971998  -45.318098575    0.610216968
    0.856797996   -0.698131701    7.042007604  -24.406536841    2.740581404
    1.047197551   -0.698131701    5.367840817    7.922188893    4.789215066
    1.237597106   -0.698131701   10.168384550   41.746665081    6.360203924
    1.427996661   -0.698131701   20.692319335   66.478100833    7.192646663
    1.618396215   -0.698131701   34.473183474   75.352579809    7.300707642
    1.808795770   -0.698131701   48.330130573   67.619070080    6.943479258
    1.999195325   -0.698131701   59.443516867   47.533674770    6.468315895
    2.189594880   -0.698131701   66.053745003   21.406410941    6.133579354
    2.379994435   -0.698131701   67.592043391   -4.887581976    6.006673821
    2.570393989   -0.698131701   64.466574083  -26.963677464    5.954222168
    2.760793544   -0.698131701   57.783236167  -41.884239345    5.704582696
    2.951193099   -0.698131701   49.100953563  -47.829371836    4.970129635

   -3.141592654   -0.349065850   41.116029717  -48.260932306    2.386437388
   -2.951193099   -0.349065850   32.785565907  -38.317080194   -0.156365715
   -2.760793544   -0.349065850   26.830691984  -23.998007168   -3.136256956
   -2.570393989   -0.349065850   23.619268378  -10.286852206   -6.280050329
   -2.379994435   -0.349065850   22.588786305   -1.672685034   -9.390936143
   -2.189594880   -0.349065850   22.523823629   -0.201266620  -12.415026956
   -1.999195325   -0.349065850   22.135409587   -4.567534795  -15.356764616
   -1.808795770   -0.349065850   20.667625542  -10.730987525  -18.096327269
   -1.618396215   -0.349065850   18.244125262  -13.851350772  -20.255093570
   -1.427996661   -0.349065850   15.799542994  -10.637572162  -21.263924246
   -1.237597106   -0.349065850   14.615654237   -0.846013245  -20.624330558
   -1.047197551   -0.349065850   15.712421080   12.625145240  -18.223099076
   -0.856797996   -0.349065850   19.368946827   25.173402765  -14.469621892
   -0.666398442   -0.349065850   24.967751419   32.300981511  -10.153976301
   -0.475998887   -0.349065850   31.155723712   31.074516115   -6.114360368
   -0.285599332   -0.349065850   36.229841383   20.650517320   -2.903973505
   -0.095199777   -0.349065850   38.546348463    2.611877268   -0.594535836
    0.095199777   -0.349065850   36.999775026  -19.065831804    1.180760573
    0.285599332   -0.349065850   31.462713893  -38.111767928    3.007055205
    0.475998887   -0.349065850   23.120038865  -47.397780314    5.364238718
    0.666398442   -0.349065850   14.399221268  -41.532460185    8.342374739
    0.856797996   -0.349065850    8.336990049  -19.907369331   11.531714872
    1.047197551   -0.349065850    7.502164999   12.021845352   14.191128634
    1.237597106   -0.349065850   12.959170484   44.398653967   15.626198705
    1.427996661   -0.349065850   23.809487552   67.246428539   15.539446437
    1.618396215   -0.349065850   37.577528829   74.556016612   14.159860102
    1.808795770   -0.349065850   51.195615623   66.058083754   12.087363020
    1.999195325   -0.349065850   62.004790711   46.013919954    9.989264436
    2.189594880   -0.349065850   68.368551624   20.371203075    8.316152725
    2.379994435   -0.349065850   69.755093902   -5.490630807    7.178382231
    2.570393989   -0.349065850   66.521129256  -27.600789304    6.379194555
    2.760793544   -0.349065850   59.663264566  -43.185104921    5.540786341
    2.951193099   -0.349065850   50.627969761  -50.306239120    4.286741758

   -3.141592654    0.000000000   41.883147896  -52.363885447    0.754476283
   -2.951193099    0.000000000   32.673224141  -43.357139316   -1.628796987
   -2.760793544    0.000000000   25.709822067  -29.443297316   -4.238957864
   -2.570393989    0.000000000   21.465709701  -15.615272817   -6.863983198
   -2.379994435    0.000000000   19.455654339   -6.609212815   -9.373546296
   -2.189594880    0.000000000   18.492309079   -4.697109493  -11.744324091
   -1.999195325    0.000000000   17.296120697   -8.516825729  -13.950025807
   -1.808795770    0.000000000   15.160992997  -13.676945120  -15.800573681
   -1.618396215    0.000000000   12.336015031  -14.967273720  -16.874294296
   -1.427996661    0.000000000    9.920941281   -9.100195777  -16.662064850
   -1.237597106    0.000000000    9.310145624    3.608430463  -14.853188158
   -1.047197551    0.000000000   11.489432763   19.354431697  -11.596300968
   -0.856797996    0.000000000   16.535481282   32.768349847   -7.524864390
   -0.666398442    0.000000000   23.533319195   39.159014243   -3.501969277
   -0.475998887    0.000000000   30.862046625   36.070516046   -0.237987438
   -0.285599332    0.000000000   36.687069448   23.587011275    2.003883799
   -0.095199777    0.000000000   39.419252424    4.225963488    3.512821171
    0.095199777    0.000000000   38.156873038  -17.460593078    4.960103150
    0.285599332    0.000000000   33.029865336  -35.241028983    7.071153915
    0.475998887    0.000000000   25.409532975  -42.670640124   10.242242221
    0.666398442    0.000000000   17.736015860  -35.442438613   14.271647704
    0.856797996    0.000000000   12.855505902  -13.895741366   18.354124492
    1.047197551    0.000000000   13.020134608   16.227142696   21.398496381
    1.237597106    0.000000000   19.004642697   45.618768647   22.538848822
    1.427996661    0.000000000   29.786035210   65.389377321   21.532410948
    1.618396215    0.000000000   42.976220166   70.565161061   18.834073939
    1.808795770    0.000000000   55.743811986   61.363564931   15.322789098
    1.999195325    0.000000000   65.693903989   41.850832151   11.889836376
    2.189594880    0.000000000   71.369898809   17.350479426    9.099447467
    2.379994435    0.000000000   72.286874617   -7.466747321    7.078752732
    2.570393989    0.000000000   68.729366024  -29.153329252    5.604162838
    2.760793544    0.000000000   61.552913735  -45.107158382    4.277086046
    2.951193099    0.000000000   52.064582171  -53.218339460    2.728696405

   -3.141592654    0.349065850   43.086414934  -55.322338661    0.268299820
   -2.951193099    0.349065850   33.234374055  -47.079081474   -1.159951175
   -2.760793544    0.349065850   25.513137342  -33.603173512   -2.657848976
   -2.570393989    0.349065850   20.465456938  -19.835550770   -4.169825548
   -2.379994435    0.349065850   17.667065788  -10.636299471   -5.679174700
   -2.189594880    0.349065850   15.967368307   -8.373227012   -7.194481070
   -1.999195325    0.349065850   14.124370809  -11.568157763   -8.656761337
   -1.808795770    0.349065850   11.510078192  -15.537968043   -9.840377940
   -1.618396215    0.349065850    8.504392188  -14.880059807  -10.351547960
   -1.427996661    0.349065850    6.338146708   -6.525999413   -9.796614552
   -1.237597106    0.349065850    6.449266313    8.517684139   -8.025911882
   -1.047197551    0.349065850    9.713071990   25.605848190   -5.301393256
   -0.856797996    0.349065850   15.960009248   38.876993046   -2.233766984
   -0.666398442    0.349065850   23.998727589   43.824871798    0.507000028
   -0.475998887    0.349065850   32.030396393   38.779080345    2.528366374
   -0.285599332    0.349065850   38.218712103   24.855470906    3.902540166
   -0.095199777    0.349065850   41.154376805    5.346967304    5.152931064
    0.095199777    0.349065850   40.213371829  -14.972760716    6.993144897
    0.285599332    0.349065850   35.779614336  -30.351053243    9.977104570
    0.475998887    0.349065850   29.327963332  -35.397891569   14.166584731
    0.666398442    0.349065850   23.174221903  -27.065287543   18.981672732
    0.856797996    0.349065850   19.828534491   -6.556176026   23.337373563
    1.047197551    0.349065850   21.120190510   20.419747505   26.056062235
    1.237597106    0.349065850   27.501652740   45.525259324   26.382831339
    1.427996661    0.349065850   37.868914865   61.311178980   24.302007118
    1.618396215    0.349065850   50.015888021   64.000880551   20.499604874
    1.808795770    0.349065850   61.450740154   54.248348105   16.006781939
    1.999195325    0.349065850   70.122563612   35.739120349   11.773414516
    2.189594880    0.349065850   74.795889831   12.975818439    8.360738245
    2.379994435    0.349065850   75.042607089  -10.203536787    5.885961301
    2.570393989    0.349065850   71.070348568  -30.909753955    4.148610127
    2.760793544    0.349065850   63.586577147  -46.710900578    2.812923949
    2.951193099    0.349065850   53.751394628  -55.342616737    1.578799252

   -3.141592654    0.698131701   44.636770319  -55.648103637   -0.996944928
   -2.951193099    0.698131701   34.672593950  -47.946781627   -1.237182870
   -2.760793544    0.698131701   26.720836834  -35.151462450   -1.330030699
   -2.570393989    0.698131701   21.314414061  -22.033648391   -1.432623646
   -2.379994435    0.698131701   18.047056275  -13.323579456   -1.689831094
   -2.189594880    0.698131701   15.809785914  -11.271723081   -2.176520073
   -1.999195325    0.698131701   13.427818866  -14.245900022   -2.841280200
   -1.808795770    0.698131701   10.369363733  -17.423575758   -3.491978962
   -1.618396215    0.698131701    7.126010744  -15.412593297   -3.848422114
   -1.427996661    0.698131701    5.012757841   -5.429433152   -3.671572599
   -1.237597106    0.698131701    5.472992694   10.996793532   -2.892403711
   -1.047197551    0.698131701    9.284553468   28.718877095   -1.666307843
   -0.856797996    0.698131701   16.110854944   41.708360035   -0.290330948
   -0.666398442    0.698131701   24.608968352   45.778180373    0.992008037
   -0.475998887    0.698131701   32.929370889   39.933453887    2.168837965
   -0.285599332    0.698131701   39.320698286   26.017116955    3.513542895
   -0.095199777    0.698131701   42.572327093    7.708312402    5.505252208
    0.095199777    0.698131701   42.282039773  -10.368805940    8.588223585
    0.285599332    0.698131701   38.971137222  -23.194518228   12.907409722
    0.475998887    0.698131701   34.072850984  -26.462935967   18.096947706
    0.666398442    0.698131701   29.653684413  -18.142804128   23.265054346
    0.856797996    0.698131701   27.829190859    0.128279581   27.233791981
    1.047197551    0.698131701   30.032333062   23.088209410   28.973288415
    1.237597106    0.698131701   36.480658710   43.580833080   28.035266479
    1.427996661    0.698131701   46.089957061   55.531562185   24.730620968
    1.618396215    0.698131701   56.905635326   56.127384281   19.961232379
    1.808795770    0.698131701   66.798092578   46.226072626   14.807803533
    1.999195325    0.698131701   74.050272722   29.031622322   10.139786732
    2.189594880    0.698131701   77.632532062    8.267874542    6.400120120
    2.379994435    0.698131701   77.175521722  -12.938162397    3.642607382
    2.570393989    0.698131701   72.835129007  -32.142530069    1.705177644
    2.760793544    0.698131701   65.209319824  -47.075212837    0.379478155
    2.951193099    0.698131701   55.337641089  -55.444879026   -0.488344678

   -3.141592654    1.047197551   43.085795120  -56.166465839   -5.526331241
   -2.951193099    1.047197551   33.116003467  -47.508676821   -5.026051310
   -2.760793544    1.047197551   25.310942251  -34.115829261   -4.039585937
   -2.570393989    1.047197551   20.121088533  -20.870614210   -2.906136390
   -2.379994435    1.047197551   17.052750724  -12.447660082   -1.956994976
   -2.189594880    1.047197551   14.936341154  -10.886705813   -1.392503059
   -1.999195325    1.047197551   12.584275058  -14.285136071   -1.227080799
   -1.808795770    1.047197551    9.498460748  -17.618442117   -1.328448677
   -1.618396215    1.047197551    6.228407071  -15.455944562   -1.511231210
   -1.427996661    1.047197551    4.137303130   -5.143263201   -1.629493700
   -1.237597106    1.047197551    4.682740549   11.578183171   -1.608368250
   -1.047197551    1.047197551    8.620984965   29.424126240   -1.417945542
   -0.856797996    1.047197551   15.583296135   42.423600696   -1.015762392
   -0.666398442    1.047197551   24.227426842   46.652991844   -0.285344678
   -0.475998887    1.047197551   32.766797288   41.464985045    0.977516121
   -0.285599332    1.047197551   39.571209696   28.957947829    3.024241517
   -0.095199777    1.047197551   43.574559054   12.753136329    6.074860488
    0.095199777    1.047197551   44.470090540   -2.975062286   10.169242218
    0.285599332    1.047197551   42.753739718  -14.009021383   15.037440533
    0.475998887    1.047197551   39.667086662  -16.923921379   20.029811596
    0.666398442    1.047197551   36.940381695  -10.252991686   24.211579590
    0.856797996    1.047197551   36.306615563    4.481001882   26.639805770
    1.047197551    1.047197551   38.911559699   22.885715567   26.712375149
    1.237597106    1.047197551   44.897865549   39.077720748   24.421543622
    1.427996661    1.047197551   53.340753490   48.071159650   20.347719196
    1.618396215    1.047197551   62.597367989   47.503546355   15.399862734
    1.808795770    1.047197551   70.862824720   37.964072432   10.445362718
    1.999195325    1.047197551   76.648790112   21.967053769    6.053462560
    2.189594880    1.047197551   79.017678540    2.570936934    2.427448785
    2.379994435    1.047197551   77.591824796  -17.460040670   -0.469104270
    2.570393989    1.047197551   72.484525425  -35.698181215   -2.727067317
    2.760793544    1.047197551   64.268595077  -49.704908549   -4.367361231
    2.951193099    1.047197551   53.990579952  -57.050361768   -5.322832941

   -3.141592654    1.396263402   38.401308486  -56.585480993  -11.749564535
   -2.951193099    1.396263402   28.558204114  -45.797520948  -11.180201565
   -2.760793544    1.396263402   21.240076407  -30.846499664   -9.705880487
   -2.570393989    1.396263402   16.748828633  -16.965520473   -7.720193227
   -2.379994435    1.396263402   14.410229339   -8.817825817   -5.663746275
   -2.189594880    1.396263402   12.908002870   -8.128739958   -3.855593560
   -1.999195325    1.396263402   10.979882652  -12.595584026   -2.423457162
   -1.808795770    1.396263402    8.119686027  -16.912007889   -1.357872770
   -1.618396215    1.396263402    4.906096209  -15.538195266   -0.613394468
   -1.427996661    1.396263402    2.742867276   -5.782242288   -0.161463671
   -1.237597106    1.396263402    3.137494978   10.687217447    0.051107825
   -1.047197551    1.396263402    6.918233236   28.736181366    0.170054946
   -0.856797996    1.396263402   13.816635740   42.540440474    0.451308965
   -0.666398442    1.396263402   22.611671164   48.218874783    1.206195322
   -0.475998887    1.396263402   31.631062815   45.005716219    2.700775881
   -0.285599332    1.396263402   39.319484903   34.711768198    5.074998537
   -0.095199777    1.396263402   44.616157896   20.501101518    8.303313376
    0.095199777    1.396263402   47.119785175    5.988099039   12.143812661
    0.285599332    1.396263402   47.123077774   -5.171567571   16.114637449
    0.475998887    1.396263402   45.576196151   -9.871853649   19.525095678
    0.666398442    1.396263402   43.899258676   -6.481712922   21.626436271
    0.856797996    1.396263402   43.600517961    4.184131344   21.877100787
    1.047197551    1.396263402   45.773486883   18.775419975   20.165916738
    1.237597106    1.396263402   50.702484078   32.326043066   16.873779638
    1.427996661    1.396263402   57.731792552   40.226424980   12.704301028
    1.618396215    1.396263402   65.497995709   39.852183844    8.386967139
    1.808795770    1.396263402   72.380307937   31.128574501    4.407970932
    1.999195325    1.396263402   76.944472739   15.920364280    0.924919995
    2.189594880    1.396263402   78.210413527   -3.029178566   -2.151454069
    2.379994435    1.396263402   75.738436119  -22.858118969   -4.966560289
    2.570393989    1.396263402   69.629767689  -40.753701031   -7.550097154
    2.760793544    1.396263402   60.524353543  -53.867199188   -9.740749500
    2.951193099    1.396263402   49.594866279  -59.597373704  -11.236383691

   -3.141592654    1.745329252   31.996212491  -57.107211025  -17.016215017
   -2.951193099    1.745329252   22.303170536  -43.743350503  -16.731244556
   -2.760793544    1.745329252   15.578180217  -26.828728861  -15.176748348
   -2.570393989    1.745329252   11.955369103  -12.055394598  -12.682967925
   -2.379994435    1.745329252   10.549240444   -4.088709756   -9.698740345
   -2.189594880    1.745329252    9.870827195   -4.283363730   -6.604008872
   -1.999195325    1.745329252    8.567405123   -9.895882209   -3.621466988
   -1.808795770    1.745329252    6.112365232  -15.344872089   -0.865974719
   -1.618396215    1.745329252    3.098816251  -14.983646700    1.551428506
   -1.427996661    1.745329252    0.962820121   -6.000612590    3.485459931
   -1.237597106    1.745329252    1.278511178   10.171963226    4.837153113
   -1.047197551    1.745329252    4.992113171   28.673555117    5.665888829
   -0.856797996    1.745329252   11.988720217   43.753172483    6.220819677
   -0.666398442    1.745329252   21.185935241   51.282652057    6.852192903
   -0.475998887    1.745329252   30.977272968   50.015388483    7.857325822
   -0.285599332    1.745329252   39.774740778   41.243574973    9.361669017
   -0.095199777    1.745329252   46.395306834   27.705381022   11.277806835
    0.095199777    1.745329252   50.246895460   12.735511513   13.304033308
    0.285599332    1.745329252   51.392676020   -0.125670255   14.973744540
    0.475998887    1.745329252   50.556011492   -7.613632813   15.759001267
    0.666398442    1.745329252   48.993930378   -7.555920409   15.241395733
    0.856797996    1.745329252   48.186851967    0.044781596   13.320120686
    1.047197551    1.745329252   49.358926814   12.627610063   10.292565105
    1.237597106    1.745329252   53.039463998   25.587885818    6.751563553
    1.427996661    1.745329252   58.827762600   34.070911511    3.322353425
    1.618396215    1.745329252   65.523210512   34.773171377    0.399792336
    1.808795770    1.745329252   71.526576897   26.889933420   -1.982343731
    1.999195325    1.745329252   75.313295581   11.873399029   -4.074925313
    2.189594880    1.745329252   75.775964466   -7.493139445   -6.220759541
    2.379994435    1.745329252   72.393341420  -27.941132545   -8.643101969
    2.570393989    1.745329252   65.283257805  -46.073473033  -11.312850130
    2.760793544    1.745329252   55.208633209  -58.544281678  -13.923406422
    2.951193099    1.745329252   43.532657973  -62.581144848  -15.986526559

   -3.141592654    2.094395102   25.085045651  -58.681109399  -18.105612515
   -2.951193099    2.094395102   15.332594731  -42.788089443  -17.695641558
   -2.760793544    2.094395102    9.018988438  -23.556554508  -15.936905551
   -2.570393989    2.094395102    6.187759152   -7.152209191  -13.106884125
   -2.379994435    2.094395102    5.805628452    1.637846963   -9.619962079
   -2.189594880    2.094395102    6.244724962    1.646017006   -5.838934302
   -1.999195325    2.094395102    6.059182305   -4.132227132   -1.989327113
   -1.808795770    2.094395102    4.665911502  -10.001470859    1.777851532
   -1.618396215    2.094395102    2.608312611  -10.340051379    5.266915370
   -1.427996661    2.094395102    1.269242337   -2.307976845    8.201593874
   -1.237597106    2.094395102    2.192401507   12.874844376   10.331606852
   -1.047197551    2.094395102    6.348450338   30.684929955   11.586558293
   -0.856797996    2.094395102   13.703530419   45.589349761   12.139115085
   -0.666398442    2.094395102   23.272791873   53.400815754   12.311100532
   -0.475998887    2.094395102   33.509479239   52.556047580   12.392907249
   -0.285599332    2.094395102   42.813467538   43.946907100   12.501588096
   -0.095199777    2.094395102   49.918718990   29.970136006   12.538558153
    0.095199777    2.094395102   54.098903724   13.784058168   12.232806186
    0.285599332    2.094395102   55.268826245   -1.027323198   11.243834887
    0.475998887    2.094395102   54.039462194  -10.868605309    9.304258240
    0.666398442    2.094395102   51.645116186  -12.939883299    6.371972871
    0.856797996    2.094395102   49.676340649   -6.559650585    2.750292149
    1.047197551    2.094395102   49.578623590    6.131308559   -0.967900939
    1.237597106    2.094395102   52.132044927   20.400798649   -4.123549527
    1.427996661    2.094395102   57.107161799   30.737794376   -6.287488527
    1.618396215    2.094395102   63.326386597   32.992890195   -7.444452676
    1.808795770    2.094395102   69.067767589   25.743221133   -7.972417202
    1.999195325    2.094395102   72.611359295   10.308524611   -8.434770556
    2.189594880    2.094395102   72.673070094  -10.213870055   -9.325593897
    2.379994435    2.094395102   68.643170506  -31.989345326  -10.880206185
    2.570393989    2.094395102   60.666961837  -50.996384515  -13.003610772
    2.760793544    2.094395102   49.642571258  -63.409741692  -15.297904026
    2.951193099    2.094395102   37.134267035  -66.268287080  -17.187627916

   -3.141592654    2.443460953   19.251398063  -59.534218333  -12.741763117
   -2.951193099    2.443460953    9.546105284  -41.426706720  -12.007152129
   -2.760793544    2.443460953    3.700211624  -20.074090453  -10.231939863
   -2.570393989    2.443460953    1.697417402   -2.036694417   -7.566863554
   -2.379994435    2.443460953    2.397570944    7.797608199   -4.257961918
   -2.189594880    2.443460953    4.072250220    8.402968956   -0.515008816
   -1.999195325    2.443460953    5.205805041    2.916401986    3.530134362
   -1.808795770    2.443460953    5.157026715   -3.000337419    7.737907310
   -1.618396215    2.443460953    4.388639427   -3.903213291   11.839051899
   -1.427996661    2.443460953    4.173380277    2.962582983   15.409592982
   -1.237597106    2.443460953    5.953190200   16.558878268   18.001581739
   -1.047197551    2.443460953   10.656000058   32.774879338   19.343033704
   -0.856797996    2.443460953   18.284726313   46.446852483   19.457190415
   -0.666398442    2.443460953   27.938704251   53.492610229   18.604074040
   -0.475998887    2.443460953   38.144095783   52.146676714   17.103475739
   -0.285599332    2.443460953   47.318599892   42.952041817   15.161676380
   -0.095199777    2.443460953   54.150473036   28.013103595   12.794204988
    0.095199777    2.443460953   57.828886559   10.393905088    9.873168969
    0.285599332    2.443460953   58.189766736   -6.160069632    6.261834715
    0.475998887    2.443460953   55.821889125  -17.636164453    1.982240805
    0.666398442    2.443460953   52.033496016  -20.644826813   -2.667294999
    0.856797996    2.443460953   48.598747189  -14.013821565   -7.095933209
    1.047197551    2.443460953   47.208975851    0.223909673  -10.598596332
    1.237597106    2.443460953   48.859462648   16.912429211  -12.640500674
    1.427996661    2.443460953   53.411927683   29.726184344  -13.106070071
    1.618396215    2.443460953   59.618436654   33.696906974  -12.351381063
    1.808795770    2.443460953   65.560793506   26.943671774  -11.040863654
    1.999195325    2.443460953   69.284834453   10.842984262   -9.868539500
    2.189594880    2.443460953   69.322692460  -11.063406320   -9.317561907
    2.379994435    2.443460953   64.984770083  -34.338388569   -9.551605281
    2.570393989    2.443460953   56.451432890  -54.376384277  -10.426877671
    2.760793544    2.443460953   44.753357983  -66.934936646  -11.569588025
    2.951193099    2.443460953   31.642859819  -68.897183626  -12.495049118

   -3.141592654    2.792526803   16.224078312  -59.240899646    0.678260529
   -2.951193099    2.792526803    6.699308172  -39.804508604    2.511845603
   -2.760793544    2.792526803    1.299587940  -17.030729746    4.446338597
   -2.570393989    2.792526803    0.000000000    2.261073399    6.430420893
   -2.379994435    2.792526803    1.617148792   13.086212546    8.520851022
   -2.189594880    2.792526803    4.375879706   14.469018332   10.888481659
   -1.999195325    2.792526803    6.724874629    9.581291333   13.713809688
   -1.808795770    2.792526803    7.980695917    3.966930651   17.007019138
   -1.618396215    2.792526803    8.525542780    2.806025169   20.469466426
   -1.427996661    2.792526803    9.502408490    8.639335482   23.519529163
   -1.237597106    2.792526803   12.204250221   20.464731233   25.501870930
   -1.047197551    2.792526803   17.445973412   34.500414018   25.970197688
   -0.856797996    2.792526803   25.193934201   46.003434513   24.864197242
   -0.666398442    2.792526803   34.579754292   51.168163107   22.467272324
   -0.475998887    2.792526803   44.187887541   48.231727747   19.208267405
   -0.285599332    2.792526803   52.475273105   37.547346218   15.442288549
   -0.095199777    2.792526803   58.131907676   21.059714202   11.333310765
    0.095199777    2.792526803   60.336726843    1.888380756    6.891493067
    0.285599332    2.792526803   58.953145015  -15.879946598    2.116001875
    0.475998887    2.792526803   54.683130064  -27.711434837   -2.838044253
    0.666398442    2.792526803   49.044970165  -29.746834412   -7.573759592
    0.856797996    2.792526803   44.083004892  -20.721633474  -11.496707568
    1.047197551    2.792526803   41.726734687   -3.102984271  -14.026124037
    1.237597106    2.792526803   43.082325110   17.092017033  -14.858568627
    1.427996661    2.792526803   47.945029980   32.615886319  -14.120565695
    1.618396215    2.792526803   54.852144136   37.927151246  -12.312158851
    1.808795770    2.792526803   61.613174482   31.110409385  -10.077709305
    1.999195325    2.792526803   66.041135375   13.959123324   -7.948654446
    2.189594880    2.792526803   66.534767516   -9.408647435   -6.187484489
    2.379994435    2.792526803   62.376401813  -34.055467886   -4.790446215
    2.570393989    2.792526803   53.798449872  -55.036433584   -3.587338936
    2.760793544    2.792526803   41.932909810  -67.926254949   -2.363570583
    2.951193099    2.792526803   28.656423481  -69.547814414   -0.960872504
