#! FIELDS phi psi file.free der_phi der_psi
#! SET min_phi -pi
#! SET max_phi pi
#! SET nbins_phi  33
#! SET periodic_phi true
#! SET min_psi -pi
#! SET max_psi pi
#! SET nbins_psi  18
#! SET periodic_psi true
   -3.141592654   -3.141592654   18.386250893  -55.711896385   16.347146483
   -2.951193099   -3.141592654    9.568652060  -36.182347926   18.947220844
   -2.760793544   -3.141592654    4.771315723  -14.498535876   20.593136139
   -2.570393989   -3.141592654    3.816980166    3.363053818   21.440216628
   -2.379994435   -3.141592654    5.562649662   13.507938926   21.927674321
   -2.189594880   -3.141592654    8.448217296   15.607320512   22.636981491
   -1.999195325   -3.141592654   11.186114088   12.670752035   24.054393885
   -1.808795770   -3.141592654   13.256924249    9.405080905   26.336912805
   -1.618396215   -3.141592654   15.019218559    9.960654515   29.177737698
   -1.427996661   -3.141592654   17.420502640   16.179290021   31.877541460
   -1.237597106   -3.141592654   21.483109670   26.984971781   33.592836265
   -1.047197551   -3.141592654   27.790887900   39.060319794   33.654893376
   -0.856797996   -3.141592654   36.190950152   48.267118596   31.791414856
   -0.666398442   -3.141592654   45.789825131   51.145311737   28.143284584
   -0.475998887   -3.141592654   55.172918277   45.847425000   23.124420401
   -0.285599332   -3.141592654   62.753855607   32.408385706   17.226571410
   -0.095199777   -3.141592654   67.127867862   12.623703283   10.881369016
    0.095199777   -3.141592654   67.394376314  -10.029344330    4.447134305
    0.285599332   -3.141592654   63.456479432  -30.612122915   -1.725600021
    0.475998887   -3.141592654   56.242900767  -43.554154410   -7.215515081
    0.666398442   -3.141592654   47.675036130  -44.244667552  -11.535021077
    0.856797996   -3.141592654   40.285938755  -31.336369630  -14.240985751
    1.047197551   -3.141592654   36.432989889   -8.004300161  -15.119301856
    1.237597106   -3.141592654   37.451240959   18.398646064  -14.319896813
    1.427996661   -3.141592654   43.080894271   39.052318181  -12.315384721
    1.618396215   -3.141592654   51.523844402   47.147901002   -9.697546624
    1.808795770   -3.141592654   60.079626172   40.271715918   -6.921120282
    1.999195325   -3.141592654   66.052884820   20.733422246   -4.159325938
    2.189594880   -3.141592654   67.518530008   -6.001107369   -1.319190592
    2.379994435   -3.141592654   63.727690522  -33.384692080    1.798765939
    2.570393989   -3.141592654   55.152060047  -55.366692791    5.311446434
    2.760793544   -3.141592654   43.278864077  -67.445986952    9.131502255
    2.951193099   -3.141592654   30.255689504  -67.355716758   12.951413040

   -3.141592654   -2.792526803   25.839302196  -50.691499645   24.528871885
   -2.951193099   -2.792526803   17.764763529  -33.448954981   26.985295384
   -2.760793544   -2.792526803   13.275317436  -13.915966674   28.132170409
   -2.570393989   -2.792526803   12.287611274    2.614571070   28.278673298
   -2.379994435   -2.792526803   13.862901832   12.691595615   28.035266390
   -2.189594880   -2.792526803   16.689273270   15.981731498   28.093065929
   -1.999195325   -2.792526803   19.678564240   15.004765207   28.938005519
   -1.808795770   -2.792526803   22.382083179   13.627027600   30.632787806
   -1.618396215   -2.792526803   25.056297565   15.091620797   32.739026724
   -1.427996661   -2.792526803   28.394453171   20.594526770   34.453149771
   -1.237597106   -2.792526803   33.087919201   28.937318263   34.890395862
   -1.047197551   -2.792526803   39.422842108   37.254994295   33.416132144
   -0.856797996   -2.792526803   47.077685146   42.258229547   29.863302901
   -0.666398442   -2.792526803   55.161813002   41.398750726   24.539236051
   -0.475998887   -2.792526803   62.418622503   33.499333188   18.064882384
   -0.285599332   -2.792526803   67.512645094   18.883491015   11.140522831
   -0.095199777   -2.792526803   69.310722166   -0.686394923    4.355555422
    0.095199777   -2.792526803   67.158126191  -21.949350104   -1.853632677
    0.285599332   -2.792526803   61.158571210  -40.205011069   -7.155638959
    0.475998887   -2.792526803   52.396812125  -50.122591593  -11.245183826
    0.666398442   -2.792526803   42.900267938  -47.392534435  -13.835444763
    0.856797996   -2.792526803   35.236077420  -31.115382175  -14.749990453
    1.047197551   -2.792526803   31.700178269   -5.020966808  -14.045022046
    1.237597106   -2.792526803   33.468308370   23.116905195  -12.066069001
    1.427996661   -2.792526803   40.072214717   44.416573350   -9.332418898
    1.618396215   -2.792526803   49.533900541   52.419183682   -6.322773083
    1.808795770   -2.792526803   59.066803806   45.290163912   -3.276203110
    1.999195325   -2.792526803   65.995909051   25.840363346   -0.150379411
    2.189594880   -2.792526803   68.484172039   -0.287868782    3.277430583
    2.379994435   -2.792526803   65.868017465  -26.745609446    7.212478802
    2.570393989   -2.792526803   58.638792210  -47.934195746   11.665449038
    2.760793544   -2.792526803   48.209925019  -59.860121131   16.376683487
    2.951193099   -2.792526803   36.571508434  -60.581851292   20.852534023

   -3.141592654   -2.443460953   34.094953975  -45.300174438   22.354161341
   -2.951193099   -2.443460953   26.841773053  -30.255062401   24.372730121
   -2.760793544   -2.443460953   22.755457011  -12.800201316   25.238488009
   -2.570393989   -2.443460953   21.835789009    2.374682157   25.217854565
   -2.379994435   -2.443460953   23.320787126   12.169104580   24.801554270
   -2.189594880   -2.443460953   26.102031578   16.159223015   24.512148592
   -1.999195325   -2.443460953   29.233252962   16.334826173   24.672720183
   -1.808795770   -2.443460953   32.278936495   15.767387837   25.257129913
   -1.618396215   -2.443460953   35.355937059   16.960315449   25.861543241
   -1.427996661   -2.443460953   38.908318774   20.734890580   25.846364809
   -1.237597106   -2.443460953   43.357837501   26.078107621   24.572465300
   -1.047197551   -2.443460953   48.807929444   30.813613783   21.661538759
   -0.856797996   -2.443460953   54.914363161   32.574876961   17.152644739
   -0.666398442   -2.443460953   60.929802295   29.594161055   11.482232335
   -0.475998887   -2.443460953   65.853065051   21.062470766    5.323588809
   -0.285599332   -2.443460953   68.630415249    7.195685167   -0.635548105
   -0.095199777   -2.443460953   68.356231974  -10.633007949   -5.888748211
    0.095199777   -2.443460953   64.520046973  -29.623166803  -10.150689871
    0.285599332   -2.443460953   57.293439884  -45.395796718  -13.308826861
    0.475998887   -2.443460953   47.783043750  -52.787196288  -15.319927390
    0.666398442   -2.443460953   38.014287287  -47.604269495  -16.147722480
    0.856797996   -2.443460953   30.523326264  -29.131659663  -15.794746880
    1.047197551   -2.443460953   27.532769215   -1.371450966  -14.365328879
    1.237597106   -2.443460953   30.096914414   27.717828343  -12.112143729
    1.427996661   -2.443460953   37.612506637   49.305411173   -9.368678682
    1.618396215   -2.443460953   48.001056066   57.249062523   -6.422909495
    1.808795770   -2.443460953   58.451465388   50.138249333   -3.397304069
    1.999195325   -2.443460953   66.335137831   31.091819453   -0.243886854
    2.189594880   -2.443460953   69.896584318    5.785072959    3.180869733
    2.379994435   -2.443460953   68.532846830  -19.674519035    6.983445996
    2.570393989   -2.443460953   62.730394275  -40.101605443   11.116179781
    2.760793544   -2.443460953   53.816297510  -51.931789820   15.336498601
    2.951193099   -2.443460953   43.624784850  -53.482587293   19.232873124

   -3.141592654   -2.094395102   40.190022457  -41.368061016   13.071319574
   -2.951193099   -2.094395102   33.538231474  -27.892343384   14.369942007
   -2.760793544   -2.094395102   29.757893378  -11.896004831   15.023685349
   -2.570393989   -2.094395102   28.907001563    2.293828851   15.150915284
   -2.379994435   -2.094395102   30.333590546   11.739906297   14.948541846
   -2.189594880   -2.094395102   33.041376272   15.866285096   14.594570934
   -1.999195325   -2.094395102   36.138452744   16.239371695   14.143002982
   -1.808795770   -2.094395102   39.151245395   15.401935035   13.482112226
   -1.618396215   -2.094395102   42.066144048   15.468099329   12.360223092
   -1.427996661   -2.094395102   45.152561663   17.199548552   10.497846704
   -1.237597106   -2.094395102   48.684589113   19.939682672    7.716473049
   -1.047197551   -2.094395102   52.718920654   22.174621955    4.050222336
   -0.856797996   -2.094395102   57.002947125   22.267481232   -0.224604944
   -0.666398442   -2.094395102   60.999656137   18.939688191   -4.662442385
   -0.475998887   -2.094395102   63.970938404   11.436281190   -8.779758236
   -0.285599332   -2.094395102   65.095033443   -0.424485663  -12.192384564
   -0.095199777   -2.094395102   63.595343074  -15.868569869  -14.733419327
    0.095199777   -2.094395102   58.978073678  -32.646977188  -16.438969529
    0.285599332   -2.094395102   51.351812585  -46.640964446  -17.471645716
    0.475998887   -2.094395102   41.740476413  -52.641441167  -17.987441739
    0.666398442   -2.094395102   32.114768020  -46.258199155  -18.031122893
    0.856797996   -2.094395102   24.989425853  -26.632448869  -17.536194728
    1.047197551   -2.094395102   22.577404048    2.188713346  -16.396130748
    1.237597106   -2.094395102   25.902211816   32.101945549  -14.577252595
    1.427996661   -2.094395102   34.305287405   54.183322821  -12.166256496
    1.618396215   -2.094395102   45.646720176   62.343420138   -9.344187930
    1.808795770   -2.094395102   57.078819341   55.342410749   -6.301643349
    1.999195325   -2.094395102   65.968951881   36.470425919   -3.188607982
    2.189594880   -2.094395102   70.581879135   11.462075977   -0.085628773
    2.379994435   -2.094395102   70.333110944  -13.658593968    2.968142614
    2.570393989   -2.094395102   65.698561774  -33.901406604    5.925735435
    2.760793544   -2.094395102   57.953543970  -45.942022507    8.698981441
    2.951193099   -2.094395102   48.839637204  -48.256582595   11.137835639

   -3.141592654   -1.745329252   42.838066029  -38.923748785    4.788429298
   -2.951193099   -1.745329252   36.580176991  -26.235556880    5.432044420
   -2.760793544   -1.745329252   33.028955333  -11.158415914    5.788746847
   -2.570393989   -1.745329252   32.230533359    2.116920911    5.837743956
   -2.379994435   -1.745329252   33.543336769   10.734188715    5.542578906
   -2.189594880   -1.745329252   35.984300115   14.058878549    4.832134094
   -1.999195325   -1.745329252   38.650818613   13.488769346    3.594823582
   -1.808795770   -1.745329252   41.027107914   11.415791288    1.714575978
   -1.618396215   -1.745329252   43.042551741    9.980036815   -0.869622746
   -1.427996661   -1.745329252   44.937443673   10.202726766   -4.091467697
   -1.237597106   -1.745329252   47.023323520   11.857841894   -7.728549676
   -1.047197551   -1.745329252   49.478675199   13.846302639  -11.422991708
   -0.856797996   -1.745329252   52.237408137   14.757234651  -14.757272878
   -0.666398442   -1.745329252   54.962518426   13.233711221  -17.360945728
   -0.475998887   -1.745329252   57.071431298    8.155386846  -19.001721103
   -0.285599332   -1.745329252   57.810667511   -1.222996568  -19.634302828
   -0.095199777   -1.745329252   56.359986742  -14.673118484  -19.431828494
    0.095199777   -1.745329252   52.092406878  -30.326381018  -18.722644466
    0.285599332   -1.745329252   44.940258660  -44.118375953  -17.892441416
    0.475998887   -1.745329252   35.773743232  -50.551119032  -17.236042173
    0.666398442   -1.745329252   26.490117968  -44.732395622  -16.830918051
    0.856797996   -1.745329252   19.626729925  -25.318402853  -16.517473921
    1.047197551   -1.745329252   17.490280634    3.866051757  -15.978530397
    1.237597106   -1.745329252   21.209278421   34.613854850  -14.912752146
    1.427996661   -1.745329252   30.186974339   57.690208283  -13.176336873
    1.618396215   -1.745329252   42.278920106   66.656364485  -10.843372886
    1.808795770   -1.745329252   54.579637050   60.065004452   -8.148295005
    1.999195325   -1.745329252   64.375608483   41.190740513   -5.394552463
    2.189594880   -1.745329252   69.864049884   15.900022030   -2.837508258
    2.379994435   -1.745329252   70.425499192   -9.598542743   -0.625798745
    2.570393989   -1.745329252   66.530564948  -30.185891038    1.202371387
    2.760793544   -1.745329252   59.463475167  -42.539530431    2.684732181
    2.951193099   -1.745329252   50.963141122  -45.236965567    3.870800932

   -3.141592654   -1.396263402   41.235153161  -38.902058614    2.661964287
   -2.951193099   -1.396263402   35.009199435  -25.929041036    2.550553398
   -2.760793544   -1.396263402   31.533873567  -10.719705379    2.239823998
   -2.570393989   -1.396263402   30.802815245    2.302166344    1.682867173
   -2.379994435   -1.396263402   32.086162403   10.142369922    0.745902499
   -2.189594880   -1.396263402   34.297213429   12.148084383   -0.775399438
   -1.999195325   -1.396263402   36.439475330    9.845364005   -3.081093588
   -1.808795770   -1.396263402   37.944311270    5.920702053   -6.250192193
   -1.618396215   -1.396263402   38.759177635    2.962724098  -10.135329860
   -1.427996661   -1.396263402   39.235244012    2.488307734  -14.332835571
   -1.237597106   -1.396263402   39.879251949    4.640347598  -18.269283413
   -1.047197551   -1.396263402   41.107702674    8.371821078  -21.368120291
   -0.856797996   -1.396263402   43.068190579   11.956551844  -23.216490238
   -0.666398442   -1.396263402   45.547761973   13.448769452  -23.664536805
   -0.475998887   -1.396263402   47.964635985   11.075914023  -22.828877330
   -0.285599332   -1.396263402   49.452131351    3.535208322  -21.024996675
   -0.095199777   -1.396263402   48.989756974   -9.258078295  -18.702785689
    0.095199777   -1.396263402   45.716496558  -25.493075056  -16.347161162
    0.285599332   -1.396263402   39.347875141  -40.850544433  -14.377930886
    0.475998887   -1.396263402   30.613637596  -49.291396017  -13.038612993
    0.666398442   -1.396263402   21.394683725  -45.211983370  -12.314202949
    0.856797996   -1.396263402   14.343919000  -26.620193982  -11.956048009
    1.047197551   -1.396263402   11.977979537    2.946444991  -11.584560836
    1.237597106   -1.396263402   15.642930561   35.079288481  -10.853521724
    1.427996661   -1.396263402   24.881366922   59.952835782   -9.577763362
    1.618396215   -1.396263402   37.557599133   70.419631147   -7.780953411
    1.808795770   -1.396263402   50.656809673   64.514931357   -5.649534618
    1.999195325   -1.396263402   61.289697325   45.374120763   -3.453194962
    2.189594880   -1.396263402   67.488546894   19.085129898   -1.446866383
    2.379994435   -1.396263402   68.535174221   -7.703040393    0.192095371
    2.570393989   -1.396263402   64.887699176  -29.426257452    1.386990204
    2.760793544   -1.396263402   57.890440621  -42.478890969    2.151095721
    2.951193099   -1.396263402   49.374971778  -45.376450105    2.549643886

   -3.141592654   -1.047197551   38.499169419  -41.320596305    4.789801726
   -2.951193099   -1.047197551   31.860724969  -27.795582824    3.709773254
   -2.760793544   -1.047197551   28.094976361  -11.925977986    2.288643439
   -2.570393989   -1.047197551   27.174192592    1.422213803    0.595712840
   -2.379994435   -1.047197551   28.267414246    8.883433657   -1.404275434
   -2.189594880   -1.047197551   30.137942360    9.704685498   -3.861662451
   -1.999195325   -1.047197551   31.655841044    5.685095496   -6.957107046
   -1.808795770   -1.047197551   32.205056470    0.119075498  -10.742272625
   -1.618396215   -1.047197551   31.817413601   -3.678191709  -14.985132027
   -1.427996661   -1.047197551   31.052968552   -3.656301640  -19.136274998
   -1.237597106   -1.047197551   30.689414894    0.417571475  -22.468302706
   -1.047197551   -1.047197551   31.382004966    7.080590342  -24.336502879
   -0.856797996   -1.047197551   33.404217323   13.872646863  -24.420120491
   -0.666398442   -1.047197551   36.521184380   18.082231381  -22.825313514
   -0.475998887   -1.047197551   39.999782457   17.388267679  -20.014340306
   -0.285599332   -1.047197551   42.747841814   10.241191173  -16.621049200
   -0.095199777   -1.047197551   43.500597627   -3.388728305  -13.261874543
    0.095199777   -1.047197551   41.187817077  -21.393473229  -10.383118946
    0.285599332   -1.047197551   35.392467147  -38.953362057   -8.188595840
    0.475998887   -1.047197551   26.819696644  -49.409889092   -6.646348969
    0.666398442   -1.047197551   17.443550547  -46.589407564   -5.557486231
    0.856797996   -1.047197551   10.097592813  -28.169057714   -4.683722242
    1.047197551   -1.047197551    7.506564008    2.264254279   -3.837419229
    1.237597106   -1.047197551   11.179920921   35.896110425   -2.920341974
    1.427996661   -1.047197551   20.726765819   62.323200349   -1.898125514
    1.618396215   -1.047197551   33.968240933   73.865263532   -0.764856115
    1.808795770   -1.047197551   47.765099589   68.244415746    0.476158795
    1.999195325   -1.047197551   59.068713647   48.556635220    1.790930935
    2.189594880   -1.047197551   65.768338295   21.079615581    3.094967432
    2.379994435   -1.047197551   67.054315664   -7.204331931    4.253866128
    2.570393989   -1.047197551   63.360964850  -30.367577742    5.110567221
    2.760793544   -1.047197551   56.074295111  -44.492030225    5.525884054
    2.951193099   -1.047197551   47.117629338  -47.894746715    5.419729749

   -3.141592654   -0.698131701   38.786374792  -44.660306909    4.908197457
   -2.951193099   -0.698131701   31.449743087  -31.714947185    2.612317665
   -2.760793544   -0.698131701   26.913189698  -16.049668459   -0.010474228
   -2.570393989   -0.698131701   25.202592000   -2.750015112   -2.767313247
   -2.379994435   -0.698131701   25.486071096    4.496296877   -5.608195598
   -2.189594880   -0.698131701   26.471143472    4.724771283   -8.642400540
   -1.999195325   -0.698131701   26.960574165   -0.151731763  -12.013483559
   -1.808795770   -0.698131701   26.329241384   -6.348746379  -15.696656213
   -1.618396215   -0.698131701   24.715487688   -9.888650489  -19.334682813
   -1.427996661   -0.698131701   22.897823746   -8.269979860  -22.264800154
   -1.237597106   -0.698131701   21.911409756   -1.339470293  -23.754454564
   -1.047197551   -0.698131701   22.596636884    8.789520533  -23.337176721
   -0.856797996   -0.698131701   25.255891833   18.726760709  -21.045558801
   -0.666398442   -0.698131701   29.512383607   24.962908463  -17.409594595
   -0.475998887   -0.698131701   34.376496272   24.804827387  -13.237264230
   -0.285599332   -0.698131701   38.475781082   16.817316204   -9.307465889
   -0.095199777   -0.698131701   40.324978522    1.453364816   -6.111340381
    0.095199777   -0.698131701   38.745105837  -18.522623444   -3.742330283
    0.285599332   -0.698131701   33.334960678  -37.676930929   -1.949053469
    0.475998887   -0.698131701   24.912973909  -48.959932377   -0.329093439
    0.666398442   -0.698131701   15.609793724  -46.163635103    1.431268573
    0.856797996   -0.698131701    8.390384274  -27.227909078    3.367711283
    1.047197551   -0.698131701    6.043553186    3.863503540    5.239476854
    1.237597106   -0.698131701   10.072922538   37.980579050    6.708097547
    1.427996661   -0.698131701   20.041825683   64.619568180    7.565689694
    1.618396215   -0.698131701   33.723655085   76.163656038    7.862112541
    1.808795770   -0.698131701   47.949455904   70.435659162    7.852623609
    1.999195325   -0.698131701   59.653103833   50.547102693    7.826226283
    2.189594880   -0.698131701   66.699657671   22.697065202    7.931302904
    2.379994435   -0.698131701   68.236903517   -6.232375785    8.106844840
    2.570393989   -0.698131701   64.642009600  -30.353586653    8.125996510
    2.760793544   -0.698131701   57.247618044  -45.658247973    7.707768122
    2.951193099   -0.698131701   47.953282097  -50.260880530    6.650155023

   -3.141592654   -0.349065850   40.196032123  -49.363663625    4.007231541
   -2.951193099   -0.349065850   31.874085069  -37.256579287    0.907954989
   -2.760793544   -0.349065850   26.245037999  -21.892742177   -2.404683849
   -2.570393989   -0.349065850   23.423348986   -8.542827662   -5.652496648
   -2.379994435   -0.349065850   22.612377739   -1.230207348   -8.724482409
   -2.189594880   -0.349065850   22.497638972   -1.132530245  -11.695124250
   -1.999195325   -0.349065850   21.852041808   -6.190455986  -14.675372258
   -1.808795770   -0.349065850   20.085342197  -12.100083625  -17.588455502
   -1.618396215   -0.349065850   17.485150613  -14.277132181  -20.016678718
   -1.427996661   -0.349065850   15.067388707   -9.969130310  -21.289783266
   -1.237597106   -0.349065850   14.093870614    0.585751821  -20.791212761
   -1.047197551   -0.349065850   15.497557512   14.312036358  -18.322213636
   -0.856797996   -0.349065850   19.469495770   26.731061528  -14.279581575
   -0.666398442   -0.349065850   25.344578112   33.634824230   -9.525984368
   -0.475998887   -0.349065850   31.775389870   32.314300046   -5.034715178
   -0.285599332   -0.349065850   37.092933798   21.981766164   -1.509457969
   -0.095199777   -0.349065850   39.680022982    4.096249466    0.870760838
    0.095199777   -0.349065850   38.421262525  -17.595471226    2.452111264
    0.285599332   -0.349065850   33.132203716  -37.094073057    3.893441243
    0.475998887   -0.349065850   24.894981543  -47.433883007    5.810566686
    0.666398442   -0.349065850   16.026080321  -43.124221669    8.442636243
    0.856797996   -0.349065850    9.507992902  -23.060423310   11.492532631
    1.047197551   -0.349065850    7.982378158    8.104053031   14.269228966
    1.237597106   -0.349065850   12.737081017   41.200600308   16.063379121
    1.427996661   -0.349065850   23.173403957   66.281219977   16.515002661
    1.618396215   -0.349065850   37.033699912   76.460758433   15.770916594
    1.808795770   -0.349065850   51.236978732   70.029271923   14.347630857
    1.999195325   -0.349065850   62.848921569   50.077121535   12.831601154
    2.189594880   -0.349065850   69.823696034   22.416872217   11.587564696
    2.379994435   -0.349065850   71.311015141   -6.543929891   10.637427111
    2.570393989   -0.349065850   67.611998700  -31.237236708    9.721063099
    2.760793544   -0.349065850   59.949858003  -47.665174502    8.464250959
    2.951193099   -0.349065850   50.141428840  -53.676986904    6.582970073

   -3.141592654    0.000000000   41.439743913  -54.926582208    2.056964355
   -2.951193099    0.000000000   31.989678875  -43.413402563   -1.022654455
   -2.760793544    0.000000000   25.184333602  -27.976030507   -4.087871515
   -2.570393989    0.000000000   21.251361689  -14.079065523   -6.911195278
   -2.379994435    0.000000000   19.448529222   -6.123444628   -9.427340290
   -2.189594880    0.000000000   18.450688279   -5.539069198  -11.721023286
   -1.999195325    0.000000000   17.007053444  -10.137697058  -13.863045704
   -1.808795770    0.000000000   14.564053911  -15.128259061  -15.711987918
   -1.618396215    0.000000000   11.547927003  -15.430741438  -16.825415408
   -1.427996661    0.000000000    9.170991564   -8.243628637  -16.620836686
   -1.237597106    0.000000000    8.839000848    5.585212349  -14.706930657
   -1.047197551    0.000000000   11.463254305   21.930506034  -11.192239899
   -0.856797996    0.000000000   17.013343964   35.372194017   -6.743133219
   -0.666398442    0.000000000   24.477380165   41.382676640   -2.325059081
   -0.475998887    0.000000000   32.176743537   37.712880652    1.217333313
   -0.285599332    0.000000000   38.256998754   24.619317484    3.506219749
   -0.095199777    0.000000000   41.134392869    4.712818263    4.782793937
    0.095199777    0.000000000   39.920679375  -17.447789924    5.761352346
    0.285599332    0.000000000   34.751327229  -35.742572571    7.292906104
    0.475998887    0.000000000   26.975724264  -43.860241192    9.945046666
    0.666398442    0.000000000   18.996137744  -37.503000417   13.685611162
    0.856797996    0.000000000   13.647467286  -16.708109157   17.827473533
    1.047197551    0.000000000   13.257813006   13.372656771   21.312466645
    1.237597106    0.000000000   18.792620421   43.962017728   23.210651428
    1.427996661    0.000000000   29.474787160   66.140120017   23.136903588
    1.618396215    0.000000000   43.078514589   74.091431682   21.373514914
    1.808795770    0.000000000   56.715470320   66.675607493   18.648219905
    1.999195325    0.000000000   67.686832538   46.854316754   15.753159087
    2.189594880    0.000000000   74.106837395   19.838312260   13.202277084
    2.379994435    0.000000000   75.154600171   -8.659455406   11.101738740
    2.570393989    0.000000000   71.047389504  -33.535980477    9.232530417
    2.760793544    0.000000000   62.873513662  -50.841489804    7.242926030
    2.951193099    0.000000000   52.343276418  -58.108207658    4.868782547

   -3.141592654    0.349065850   43.126110406  -59.586174269    1.483193680
   -2.951193099    0.349065850   32.740007032  -48.489499004   -0.558555139
   -2.760793544    0.349065850   24.964170831  -33.003540369   -2.462775062
   -2.570393989    0.349065850   20.109265743  -18.683827600   -4.161321104
   -2.379994435    0.349065850   17.482212782  -10.165427193   -5.677246346
   -2.189594880    0.349065850   15.767778105   -9.013572851   -7.092870497
   -1.999195325    0.349065850   13.725811256  -12.894485979   -8.425698622
   -1.808795770    0.349065850   10.864215539  -16.646703538   -9.503617025
   -1.618396215    0.349065850    7.738905033  -14.922795239   -9.943632405
   -1.427996661    0.349065850    5.702246636   -5.120880032   -9.327763838
   -1.237597106    0.349065850    6.209178454   11.169251268   -7.475490448
   -1.047197551    0.349065850   10.051018404   28.879835222   -4.639700287
   -0.856797996    0.349065850   16.922363581   42.009588997   -1.456864727
   -0.666398442    0.349065850   25.494989413   46.197432130    1.352781436
   -0.475998887    0.349065850   33.877475692   40.049962070    3.347034998
   -0.285599332    0.349065850   40.199472360   24.994961438    4.570925814
   -0.095199777    0.349065850   43.072500347    4.581747535    5.555084871
    0.095199777    0.349065850   41.930211269  -16.277468766    7.059649801
    0.285599332    0.349065850   37.224942701  -31.883683114    9.722134477
    0.475998887    0.349065850   30.475112605  -37.011009884   13.715120868
    0.666398442    0.349065850   24.010015637  -28.738564430   18.576238539
    0.856797996    0.349065850   20.351004704   -8.143120722   23.307758741
    1.047197551    0.349065850   21.389249107   19.456627522   26.747240682
    1.237597106    0.349065850   27.718676582   46.090735982   28.054765750
    1.427996661    0.349065850   38.409391156   64.216565250   27.039698281
    1.618396215    0.349065850   51.345599560   69.273351901   24.179433913
    1.808795770    0.349065850   63.926591463   60.703035115   20.335887168
    1.999195325    0.349065850   73.774777915   41.231521510   16.379882199
    2.189594880    0.349065850   79.224936516   15.326729639   12.883296807
    2.379994435    0.349065850   79.520764214  -12.111050526   10.024196229
    2.570393989    0.349065850   74.812505244  -36.522210019    7.678519734
    2.760793544    0.349065850   66.057281307  -54.066576975    5.590919344
    2.951193099    0.349065850   54.850618531  -62.031047411    3.551217070

   -3.141592654    0.698131701   45.119888341  -61.284916963    0.526855469
   -2.951193099    0.698131701   34.384218815  -50.456798413   -0.041873112
   -2.760793544    0.698131701   26.203646359  -35.268025454   -0.377100535
   -2.570393989    0.698131701   20.893277996  -21.180348317   -0.623899860
   -2.379994435    0.698131701   17.776777633  -12.779074076   -0.920392495
   -2.189594880    0.698131701   15.565475379  -11.574406762   -1.352979789
   -1.999195325    0.698131701   13.063144400  -15.105066667   -1.908589758
   -1.808795770    0.698131701    9.848735324  -18.056572369   -2.455575928
   -1.618396215    0.698131701    6.569419478  -15.062815080   -2.774567034
   -1.427996661    0.698131701    4.646961031   -3.781874249   -2.668311119
   -1.237597106    0.698131701    5.530550803   13.689175874   -2.081488530
   -1.047197551    0.698131701    9.905700589   31.797807991   -1.151567201
   -0.856797996    0.698131701   17.296691239   44.412966228   -0.129379356
   -0.666398442    0.698131701   26.229338619   47.547599741    0.807918497
   -0.475998887    0.698131701   34.777205634   40.530206519    1.717692933
   -0.285599332    0.698131701   41.176575661   25.528376666    2.922137231
   -0.095199777    0.698131701   44.258889329    6.465371385    4.911756681
    0.095199777    0.698131701   43.697747937  -11.913208283    8.108572264
    0.285599332    0.698131701   40.099042800  -24.643237161   12.627198739
    0.475998887    0.698131701   34.956886188  -27.572759459   18.094767380
    0.666398442    0.698131701   30.369084335  -18.810409927   23.649792728
    0.856797996    0.698131701   28.472934314    0.066981826   28.162893048
    1.047197551    0.698131701   30.754751447   24.057065576   30.625831202
    1.237597106    0.698131701   37.537330596   46.218672645   30.539381233
    1.427996661    0.698131701   47.849753880   60.292753503   28.080735309
    1.618396215    0.698131701   59.760638742   62.712506148   23.978484576
    1.808795770    0.698131701   70.982132090   53.274782166   19.173803255
    1.999195325    0.698131701   79.454953679   34.411147614   14.492039966
    2.189594880    0.698131701   83.735839546    9.937320091   10.435195600
    2.379994435    0.698131701   83.158049206  -15.923376834    7.174896681
    2.570393989    0.698131701   77.850290778  -39.087936073    4.669754005
    2.760793544    0.698131701   68.683993352  -55.906085038    2.796749724
    2.951193099    0.698131701   57.155820693  -63.630142817    1.444027678

   -3.141592654    1.047197551   43.784355185  -62.067477685   -4.080774774
   -2.951193099    1.047197551   33.000818571  -50.207571115   -3.442649823
   -2.760793544    1.047197551   24.936223364  -34.362770369   -2.398148851
   -2.570393989    1.047197551   19.825563540  -20.053552526   -1.283633687
   -2.379994435    1.047197551   16.914043198  -11.794561407   -0.375742075
   -2.189594880    1.047197551   14.858463021  -10.933980351    0.182654442
   -1.999195325    1.047197551   12.442469446  -14.827731156    0.386479073
   -1.808795770    1.047197551    9.254363454  -18.035628718    0.311358267
   -1.618396215    1.047197551    5.964705039  -15.178621914    0.049100421
   -1.427996661    1.047197551    4.011211064   -3.998558929   -0.333114943
   -1.237597106    1.047197551    4.839777820   13.306375416   -0.776460621
   -1.047197551    1.047197551    9.121931587   31.191524301   -1.181349895
   -0.856797996    1.047197551   16.385019169   43.719219698   -1.364140648
   -0.666398442    1.047197551   25.211720441   47.239809107   -1.042209087
   -0.475998887    1.047197551   33.799291584   41.401166105    0.115689809
   -0.285599332    1.047197551   40.549632820   28.486878095    2.396774643
   -0.095199777    1.047197551   44.450119547   12.167320635    5.949602139
    0.095199777    1.047197551   45.245613532   -3.425650610   10.667532075
    0.285599332    1.047197551   43.470216672  -14.190257038   16.124445067
    0.475998887    1.047197551   40.380414512  -16.794976742   21.572690033
    0.666398442    1.047197551   37.711309250   -9.783163357   26.070486180
    0.856797996    1.047197551   37.215531880    5.496380901   28.742291428
    1.047197551    1.047197551   40.103296812   24.928242096   29.069343969
    1.237597106    1.047197551   46.626840399   42.760218667   27.075608602
    1.427996661    1.047197551   55.958355897   53.704158996   23.288088939
    1.618396215    1.047197551   66.444004388   54.587645614   18.501943368
    1.808795770    1.047197551   76.086413507   45.002113391   13.480830266
    1.999195325    1.047197551   83.042292582   26.839301132    8.772962420
    2.189594880    1.047197551   85.978145572    3.399257495    4.666993909
    2.379994435    1.047197551   84.258465305  -21.383420027    1.278424177
    2.570393989    1.047197551   78.012872233  -43.473243219   -1.335689639
    2.760793544    1.047197551   68.118022810  -59.152417383   -3.119400856
    2.951193099    1.047197551   56.086787008  -65.642165257   -4.025834136

   -3.141592654    1.396263402   38.905369224  -61.506361767  -10.555287640
   -2.951193099    1.396263402   28.427924277  -47.636161498   -9.552530623
   -2.760793544    1.396263402   20.987482408  -30.525024730   -7.887592276
   -2.570393989    1.396263402   16.655072534  -15.865716361   -5.927706509
   -2.379994435    1.396263402   14.509089425   -8.046096090   -3.994596681
   -2.189594880    1.396263402   13.083492811   -8.117004671   -2.279765969
   -1.999195325    1.396263402   11.097374160  -13.148770352   -0.858823660
   -1.808795770    1.396263402    8.116585143  -17.540833629    0.222411253
   -1.618396215    1.396263402    4.810259767  -15.844039705    0.887829436
   -1.427996661    1.396263402    2.630370285   -5.678725798    1.060374230
   -1.237597106    1.396263402    3.072066126   11.006239908    0.778186683
   -1.047197551    1.396263402    6.914792549   29.011864387    0.291842505
   -0.856797996    1.396263402   13.853834790   42.668143867    0.049254532
   -0.666398442    1.396263402   22.671247713   48.346501565    0.565051178
   -0.475998887    1.396263402   31.737806162   45.404523098    2.231612833
   -0.285599332    1.396263402   39.545610181   35.565519280    5.181325491
   -0.095199777    1.396263402   45.049766574   21.778689726    9.243553193
    0.095199777    1.396263402   47.822525295    7.469991296   13.946735125
    0.285599332    1.396263402   48.105196995   -3.791090786   18.581072987
    0.475998887    1.396263402   46.794810012   -8.808289296   22.314623199
    0.666398442    1.396263402   45.290923723   -5.713832222   24.386387320
    0.856797996    1.396263402   45.140281914    5.049886155   24.357974720
    1.047197551    1.396263402   47.545080363   20.469394337   22.272115736
    1.237597106    1.396263402   52.940147000   35.623026209   18.631887108
    1.427996661    1.396263402   60.782606661   45.437197913   14.176412004
    1.618396215    1.396263402   69.685440834   46.360434513    9.586965240
    1.808795770    1.396263402   77.811656786   37.332424610    5.277956494
    1.999195325    1.396263402   83.363263360   19.729189286    1.388424966
    2.189594880    1.396263402   84.986605704   -3.294211304   -2.096747014
    2.379994435    1.396263402   82.033420620  -27.604221072   -5.182993649
    2.570393989    1.396263402   74.676944212  -48.823078036   -7.768445211
    2.760793544    1.396263402   63.895285954  -62.995586934   -9.651607303
    2.951193099    1.396263402   51.322340653  -67.393030485  -10.616724515

   -3.141592654    1.745329252   32.381898324  -60.402978337  -16.897995713
   -2.951193099    1.745329252   22.324507777  -44.422374511  -15.989198693
   -2.760793544    1.745329252   15.638679528  -25.973792443  -14.127509659
   -2.570393989    1.745329252   12.223685267  -10.939060058  -11.621978881
   -2.379994435    1.745329252   10.984823612   -3.553338163   -8.785656318
   -2.189594880    1.745329252   10.333015763   -4.534114255   -5.839400469
   -1.999195325    1.745329252    8.924844231  -10.687537013   -2.917529466
   -1.808795770    1.745329252    6.297073623  -16.316727509   -0.155031004
   -1.618396215    1.745329252    3.100894669  -15.919696905    2.245646886
   -1.427996661    1.745329252    0.794239735   -6.882507967    4.056955674
   -1.237597106    1.745329252    0.946142316    9.304339929    5.176381820
   -1.047197551    1.745329252    4.503985426   27.919001774    5.759088346
   -0.856797996    1.745329252   11.393851254   43.432858565    6.210396434
   -0.666398442    1.745329252   20.609259884   51.849152070    7.024536702
   -0.475998887    1.745329252   30.621420063   51.780851940    8.554936264
   -0.285599332    1.745329252   39.867873724   44.124949466   10.856160331
   -0.095199777    1.745329252   47.106602799   31.174369473   13.653971611
    0.095199777    1.745329252   51.615164711   16.009935402   16.402725837
    0.285599332    1.745329252   53.306797346    2.207736640   18.420393955
    0.475998887    1.745329252   52.791162288   -6.617836602   19.072029637
    0.666398442    1.745329252   51.299196411   -7.756723085   17.975830116
    0.856797996    1.745329252   50.396400318   -0.612100672   15.190270540
    1.047197551    1.745329252   51.491082710   12.660029739   11.223275059
    1.237597106    1.745329252   55.334380082   27.394539702    6.842621181
    1.427996661    1.745329252   61.678606438   38.066620516    2.753055587
    1.618396215    1.745329252   69.300931485   40.268908193   -0.672549538
    1.808795770    1.745329252   76.365230646   32.168640468   -3.470592710
    1.999195325    1.745329252   80.969617804   14.837969022   -5.933965712
    2.189594880    1.745329252   81.648580213   -8.354812492   -8.367202960
    2.379994435    1.745329252   77.715720434  -32.768192431  -10.884347854
    2.570393989    1.745329252   69.408396443  -53.511338256  -13.341987010
    2.760793544    1.745329252   57.845205649  -66.359745584  -15.403511258
    2.951193099    1.745329252   44.818437813  -68.681920992  -16.681997441

   -3.141592654    2.094395102   25.236005750  -60.387811714  -19.015251919
   -2.951193099    2.094395102   15.373299073  -42.433236381  -17.930725413
   -2.760793544    2.094395102    9.230620470  -22.349803861  -15.820230439
   -2.570393989    2.094395102    6.618996959   -6.224109426  -12.949539962
   -2.379994435    2.094395102    6.340315971    1.741999795   -9.607252132
   -2.189594880    2.094395102    6.723172423    0.989186375   -5.996853021
   -1.999195325    2.094395102    6.368287348   -5.194905485   -2.234225558
   -1.808795770    2.094395102    4.760475177  -11.161723091    1.553948486
   -1.618396215    2.094395102    2.483655801  -11.490125444    5.135666401
   -1.427996661    2.094395102    0.927504421   -3.459931992    8.196076936
   -1.237597106    2.094395102    1.638496691   11.798897967   10.490217039
   -1.047197551    2.094395102    5.622936304   30.014155320   12.001297866
   -0.856797996    2.094395102   12.933648337   45.874034954   12.967772918
   -0.666398442    2.094395102   22.694504306   55.185680062   13.739779127
   -0.475998887    2.094395102   33.434355671   56.030103217   14.559520711
   -0.285599332    2.094395102   43.534051951   48.691045835   15.415286079
   -0.095199777    2.094395102   51.590572363   34.994198635   16.029150713
    0.095199777    2.094395102   56.658552822   17.863156443   15.953248862
    0.285599332    2.094395102   58.432485373    1.087772494   14.734227916
    0.475998887    2.094395102   57.382228416  -11.121484601   12.102754216
    0.666398442    2.094395102   54.740793129  -15.160911798    8.131994792
    0.856797996    2.094395102   52.251419931   -9.581779660    3.320889758
    1.047197551    2.094395102   51.628998362    3.894620627   -1.532591674
    1.237597106    2.094395102   53.948619116   20.344724107   -5.624323814
    1.427996661    2.094395102   59.173657303   33.379974324   -8.478404285
    1.618396215    2.094395102   66.105694730   37.570646587  -10.123716792
    1.808795770    2.094395102   72.763549046   30.401795417  -11.019057242
    1.999195325    2.094395102   77.028586996   12.883867728  -11.777762693
    2.189594880    2.094395102   77.259116063  -11.159077867  -12.866470316
    2.379994435    2.094395102   72.705299739  -36.422164940  -14.423494220
    2.570393989    2.094395102   63.663348653  -57.435674523  -16.249796064
    2.760793544    2.094395102   51.394769445  -69.686583342  -17.922213681
    2.951193099    2.094395102   37.857763822  -70.589760367  -18.965601303

   -3.141592654    2.443460953   18.989435946  -59.915842344  -13.861609318
   -2.951193099    2.443460953    9.382699453  -40.240242254  -12.602606896
   -2.760793544    2.443460953    3.809729145  -18.625472273  -10.582871965
   -2.570393989    2.443460953    2.025411360   -1.327989063   -7.943390820
   -2.379994435    2.443460953    2.764281749    7.486658762   -4.826627286
   -2.189594880    2.443460953    4.306646480    7.397001674   -1.301102302
   -1.999195325    2.443460953    5.224142142    1.725632503    2.620910497
   -1.808795770    2.443460953    4.961211234   -4.032438083    6.869388519
   -1.618396215    2.443460953    4.020944095   -4.691156072   11.198115991
   -1.427996661    2.443460953    3.679072783    2.399180911   15.183340700
   -1.237597106    2.443460953    5.382781096   16.329506090   18.369078629
   -1.047197551    2.443460953   10.102738266   33.241312510   20.459288717
   -0.856797996    2.443460953   17.929279944   48.126377893   21.417439601
   -0.666398442    2.443460953   28.053776457   56.780563403   21.398475021
   -0.475998887    2.443460953   39.039101335   56.976235471   20.581421530
   -0.285599332    2.443460953   49.229306774   48.601092303   19.029049409
   -0.095199777    2.443460953   57.120024102   33.224605341   16.651872621
    0.095199777    2.443460953   61.640973673   13.799220513   13.286355417
    0.285599332    2.443460953   62.396994159   -5.542853478    8.846200228
    0.475998887    2.443460953   59.860732506  -19.991314973    3.483774444
    0.666398442    2.443460953   55.394010170  -25.230227755   -2.326537992
    0.856797996    2.443460953   50.992427877  -19.303887648   -7.822649851
    1.047197551    2.443460953   48.678287976   -3.910476736  -12.184560556
    1.237597106    2.443460953   49.780308560   15.455983098  -14.843752444
    1.427996661    2.443460953   54.362570701   31.442479840  -15.723497671
    1.618396215    2.443460953   61.141808349   37.708149317  -15.257143670
    1.808795770    2.443460953   67.916543566   31.271350330  -14.176847653
    1.999195325    2.443460953   72.316662787   13.275639572  -13.197109242
    2.189594880    2.443460953   72.518213896  -11.897790550  -12.758317137
    2.379994435    2.443460953   67.711598602  -38.275587047  -12.937417990
    2.570393989    2.443460953   58.251250355  -59.847849088  -13.512983567
    2.760793544    2.443460953   45.534398390  -71.838894576  -14.104256832
    2.951193099    2.443460953   31.676404916  -71.693540922  -14.318514502

   -3.141592654    2.792526803   15.552901015  -58.956531388    0.732352591
   -2.951193099    2.792526803    6.222128207  -38.298235271    2.856695916
   -2.760793544    2.792526803    1.120072509  -15.637208496    4.841667218
   -2.570393989    2.792526803    0.000000000    2.639095934    6.666643498
   -2.379994435    2.792526803    1.580796472   12.349213977    8.486202541
   -2.189594880    2.792526803    4.133089905   13.139867648   10.599184612
   -1.999195325    2.792526803    6.228434399    8.342729345   13.306838398
   -1.808795770    2.792526803    7.297842255    3.289790558   16.710772295
   -1.618396215    2.792526803    7.783954339    2.859830797   20.559849414
   -1.427996661    2.792526803    8.843973366    9.437163848   24.271528381
   -1.237597106    2.792526803   11.775231419   22.065920083   27.137406806
   -1.047197551    2.792526803   17.414900770   37.095431180   28.601148058
   -0.856797996    2.792526803   25.771110860   49.806367118   28.441932683
   -0.666398442    2.792526803   36.000067264   56.179510159   26.759144612
   -0.475998887    2.792526803   46.646844031   53.997380615   23.817712111
   -0.285599332    2.792526803   56.031103888   43.085323941   19.879299250
   -0.095199777    2.792526803   62.620253650   25.068086624   15.121220170
    0.095199777    2.792526803   65.348691431    3.198486424    9.675041997
    0.285599332    2.792526803   63.907071879  -17.850400970    3.738296540
    0.475998887    2.792526803   58.967551770  -32.663769708   -2.314688333
    0.666398442    2.792526803   52.190153157  -36.519014852   -7.913801040
    0.856797996    2.792526803   45.904380087  -27.555962448  -12.387162900
    1.047197551    2.792526803   42.393284301   -8.131025450  -15.187196053
    1.237597106    2.792526803   43.080065448   15.229237806  -16.121205469
    1.427996661    2.792526803   47.923415080   34.187088912  -15.443204254
    1.618396215    2.792526803   55.385017546   41.873557235  -13.739511100
    1.808795770    2.792526803   62.966204802   35.375066662  -11.668068203
    1.999195325    2.792526803   68.060085984   16.363777316   -9.707427086
    2.189594880    2.792526803   68.723309033  -10.129768022   -8.029473376
    2.379994435    2.792526803   64.139756304  -37.631280327   -6.543474510
    2.570393989    2.792526803   54.730715971  -59.864642450   -5.039276780
    2.760793544    2.792526803   41.990254179  -71.986932438   -3.337663304
    2.951193099    2.792526803   28.132157341  -71.483713608   -1.386106213
