#! FIELDS phi psi file.free der_phi der_psi
#! SET min_phi -pi
#! SET max_phi pi
#! SET nbins_phi  33
#! SET periodic_phi true
#! SET min_psi -pi
#! SET max_psi pi
#! SET nbins_psi  18
#! SET periodic_psi true
   -3.141592654   -3.141592654   18.724108570  -55.519816450   15.278546965
   -2.951193099   -3.141592654    9.857616746  -36.733807263   17.921489756
   -2.760793544   -3.141592654    4.946098667  -15.010263129   19.738109086
   -2.570393989   -3.141592654    3.938953477    3.381180254   20.829069984
   -2.379994435   -3.141592654    5.738103493   14.021301971   21.559994052
   -2.189594880   -3.141592654    8.735441007   16.194425117   22.436397918
   -1.999195325   -3.141592654   11.550962627   12.834168495   23.875935723
   -1.808795770   -3.141592654   13.585123109    8.831002086   25.980847079
   -1.618396215   -3.141592654   15.160632530    8.594576533   28.422379069
   -1.427996661   -3.141592654   17.232778692   14.124159623   30.527759887
   -1.237597106   -3.141592654   20.847443752   24.375901144   31.539124233
   -1.047197551   -3.141592654   26.610877455   35.979854929   30.925701260
   -0.856797996   -3.141592654   34.383574991   44.787169247   28.579556287
   -0.666398442   -3.141592654   43.294237081   47.453217569   24.785168598
   -0.475998887   -3.141592654   51.984853625   42.371215917   20.030225456
   -0.285599332   -3.141592654   58.976456677   29.838544087   14.774396580
   -0.095199777   -3.141592654   63.008737192   11.748891293    9.307163426
    0.095199777   -3.141592654   63.316762851   -8.640669105    3.773159731
    0.285599332   -3.141592654   59.867573846  -26.892332395   -1.695834279
    0.475998887   -3.141592654   53.541974862  -38.078733665   -6.831521278
    0.666398442   -3.141592654   46.097397061  -38.128148163  -11.182833683
    0.856797996   -3.141592654   39.823835465  -25.952051378  -14.217573733
    1.047197551   -3.141592654   36.822089818   -4.611026233  -15.545052318
    1.237597106   -3.141592654   38.231000776   19.057106001  -15.123589021
    1.427996661   -3.141592654   43.723625359   37.062207841  -13.293881949
    1.618396215   -3.141592654   51.604659174   43.478250741  -10.620988071
    1.808795770   -3.141592654   59.422843198   36.483465224   -7.634064466
    1.999195325   -3.141592654   64.788875651   18.369781015   -4.634201514
    2.189594880   -3.141592654   66.015780310   -6.080016156   -1.649879360
    2.379994435   -3.141592654   62.420617051  -31.364019431    1.452156213
    2.570393989   -3.141592654   54.348497807  -52.313422865    4.799314825
    2.760793544   -3.141592654   43.046176510  -64.700308732    8.379634149
    2.951193099   -3.141592654   30.436397619  -65.831932765   11.986099166

   -3.141592654   -2.792526803   25.899286493  -50.039043063   23.335844182
   -2.951193099   -2.792526803   17.876321041  -33.423420822   25.962127126
   -2.760793544   -2.792526803   13.385867233  -13.833459237   27.330507364
   -2.570393989   -2.792526803   12.452340272    3.146131919   27.690876601
   -2.379994435   -2.792526803   14.164458506   13.552059434   27.599448954
   -2.189594880   -2.792526803   17.145822724   16.661381448   27.702094892
   -1.999195325   -2.792526803   20.198310972   14.907115371   28.446964530
   -1.808795770   -2.792526803   22.775302923   12.361610814   29.867563854
   -1.618396215   -2.792526803   25.089342380   12.604676566   31.527216616
   -1.427996661   -2.792526803   27.853769032   17.124979414   32.674387449
   -1.237597106   -2.792526803   31.823577340   24.902276055   32.536787995
   -1.047197551   -2.792526803   37.371056849   33.111781463   30.634324778
   -0.856797996   -2.792526803   44.259763943   38.434182126   26.954729110
   -0.666398442   -2.792526803   51.676540009   38.285594834   21.902737702
   -0.475998887   -2.792526803   58.437510741   31.479437950   16.092855751
   -0.285599332   -2.792526803   63.279749667   18.330491566   10.098626331
   -0.095199777   -2.792526803   65.134154560    0.510050771    4.288737820
    0.095199777   -2.792526803   63.379270086  -18.973047534   -1.149763973
    0.285599332   -2.792526803   58.091116382  -35.778916450   -6.082821454
    0.475998887   -2.792526803   50.255328308  -44.948253163  -10.285272167
    0.666398442   -2.792526803   41.740735130  -42.405847302  -13.404223740
    0.856797996   -2.792526803   34.929491240  -27.279648909  -15.073251899
    1.047197551   -2.792526803   31.948778024   -3.113113030  -15.103300981
    1.237597106   -2.792526803   33.862351563   22.729629085  -13.630678186
    1.427996661   -2.792526803   40.186196723   41.970124560  -11.076130135
    1.618396215   -2.792526803   49.050080354   48.793591738   -7.955775119
    1.808795770   -2.792526803   57.883364235   41.810267362   -4.645268851
    1.999195325   -2.792526803   64.268725363   23.800317082   -1.262493061
    2.189594880   -2.792526803   66.568177176   -0.178662409    2.302553390
    2.379994435   -2.792526803   64.168866530  -24.679958186    6.226149670
    2.570393989   -2.792526803   57.445386044  -44.877592149   10.568541405
    2.760793544   -2.792526803   47.594604140  -57.019852862   15.160762198
    2.951193099   -2.792526803   36.403797100  -58.783228074   19.591222886

   -3.141592654   -2.443460953   33.998316448  -44.308174962   22.242367280
   -2.951193099   -2.443460953   26.863851895  -29.882706876   24.329060670
   -2.760793544   -2.443460953   22.836256700  -12.450867947   25.235138069
   -2.570393989   -2.443460953   22.008980409    3.033008370   25.207126451
   -2.379994435   -2.443460953   23.639140830   12.985483583   24.733385750
   -2.189594880   -2.443460953   26.548766064   16.600383780   24.338487803
   -1.999195325   -2.443460953   29.676964435   15.775047581   24.339790585
   -1.808795770   -2.443460953   32.485958018   13.810158254   24.696289104
   -1.618396215   -2.443460953   35.053416440   13.613910521   25.006124476
   -1.427996661   -2.443460953   37.865031214   16.406343254   24.672102556
   -1.237597106   -2.443460953   41.447585371   21.443619777   23.148382175
   -1.047197551   -2.443460953   46.043215524   26.607998889   20.178029399
   -0.856797996   -2.443460953   51.438731593   29.411100695   15.903255937
   -0.666398442   -2.443460953   56.982500382   27.856398656   10.792086033
   -0.475998887   -2.443460953   61.722383299   20.890957226    5.443348554
   -0.285599332   -2.443460953   64.611693565    8.533124403    0.367777324
   -0.095199777   -2.443460953   64.718500003   -7.996341339   -4.160881702
    0.095199777   -2.443460953   61.478790913  -26.048093313   -8.069897172
    0.285599332   -2.443460953   54.982432835  -41.372723992  -11.361805127
    0.475998887   -2.443460953   46.233839850  -48.889193063  -13.965340543
    0.666398442   -2.443460953   37.149071063  -44.394277594  -15.675482441
    0.856797996   -2.443460953   30.164084749  -27.081803070  -16.240567567
    1.047197551   -2.443460953   27.424053742   -0.818737088  -15.514473196
    1.237597106   -2.443460953   29.938138521   26.650039739  -13.592793004
    1.427996661   -2.443460953   37.109453381   46.839706642  -10.795637413
    1.618396215   -2.443460953   46.943259962   54.044367293   -7.529469985
    1.808795770   -2.443460953   56.792244970   47.219901904   -4.098098102
    1.999195325   -2.443460953   64.232114985   29.512493068   -0.611696543
    2.189594880   -2.443460953   67.673312274    6.151891488    2.996940972
    2.379994435   -2.443460953   66.558273933  -17.514397604    6.845426250
    2.570393989   -2.443460953   61.273122490  -36.993717043   10.952506474
    2.760793544   -2.443460953   52.952222287  -48.967462580   15.148390336
    2.951193099   -2.443460953   43.243478152  -51.436577583   19.062511230

   -3.141592654   -2.094395102   40.415571336  -40.415330585   14.314682902
   -2.951193099   -2.094395102   33.863724505  -27.684960683   15.422816936
   -2.760793544   -2.094395102   30.098725114  -11.833916121   15.821517691
   -2.570393989   -2.094395102   29.277222146    2.587631335   15.666387447
   -2.379994435   -2.094395102   30.777120453   12.174626915   15.207072965
   -2.189594880   -2.094395102   33.542178229   15.947792439   14.664433671
   -1.999195325   -2.094395102   36.570275850   15.344741751   14.108744327
   -1.808795770   -2.094395102   39.284661511   13.132896479   13.416068079
   -1.618396215   -2.094395102   41.635348231   11.870523720   12.319472098
   -1.427996661   -2.094395102   43.946953811   12.788799494   10.544208833
   -1.237597106   -2.094395102   46.624711631   15.548571429    7.946782020
   -1.047197551   -2.094395102   49.893245425   18.673572748    4.608499234
   -0.856797996   -2.094395102   53.647632621   20.295296650    0.829785340
   -0.666398442   -2.094395102   57.435526319   18.732601129   -2.976896663
   -0.475998887   -2.094395102   60.522943046   12.816369120   -6.433871922
   -0.285599332   -2.094395102   62.024147934    2.077005928   -9.318703897
   -0.095199777   -2.094395102   61.060236489  -12.820766643  -11.632207327
    0.095199777   -2.094395102   57.029427583  -29.598658297  -13.520774518
    0.285599332   -2.094395102   49.947579433  -44.007298808  -15.145912196
    0.475998887   -2.094395102   40.776001370  -50.664268773  -16.535267977
    0.666398442   -2.094395102   31.456124217  -45.013717133  -17.509772707
    0.856797996   -2.094395102   24.497589871  -26.109344648  -17.756411599
    1.047197551   -2.094395102   22.114434761    1.971613410  -16.986499408
    1.237597106   -2.094395102   25.321195565   31.074797904  -15.113019840
    1.427996661   -2.094395102   33.450575158   52.367338060  -12.310789211
    1.618396215   -2.094395102   44.392207872   60.056341550   -8.942088509
    1.808795770   -2.094395102   55.396559071   53.286701515   -5.386874649
    1.999195325   -2.094395102   63.985627415   35.514760116   -1.916163358
    2.189594880   -2.094395102   68.571200133   12.191241346    1.365958939
    2.379994435   -2.094395102   68.621382914  -11.312887615    4.467037940
    2.570393989   -2.094395102   64.530709959  -30.684214518    7.405862028
    2.760793544   -2.094395102   57.396961530  -42.893634328   10.134123745
    2.951193099   -2.094395102   48.778883410  -46.164151982   12.502013605

   -3.141592654   -1.745329252   43.662272295  -38.580732491    6.791207648
   -2.951193099   -1.745329252   37.374786453  -26.767818124    6.995452240
   -2.760793544   -1.745329252   33.694091377  -11.857608538    6.845213664
   -2.570393989   -1.745329252   32.788153849    1.755034301    6.408367106
   -2.379994435   -1.745329252   34.068193441   10.725024966    5.744071105
   -2.189594880   -1.745329252   36.506546629   13.961948952    4.850941616
   -1.999195325   -1.745329252   39.095603295   12.680452823    3.641979693
   -1.808795770   -1.745329252   41.213375101    9.476233313    1.978261017
   -1.618396215   -1.745329252   42.749651066    6.947837771   -0.249395627
   -1.427996661   -1.745329252   44.001133467    6.613430934   -3.024717703
   -1.237597106   -1.745329252   45.414929932    8.561024646   -6.162083007
   -1.047197551   -1.745329252   47.336137143   11.670194227   -9.331462405
   -0.856797996   -1.745329252   49.828840067   14.196293905  -12.150336445
   -0.666398442   -1.745329252   52.602670062   14.273008014  -14.304176116
   -0.475998887   -1.745329252   55.025227290   10.312556943  -15.642804071
   -0.285599332   -1.745329252   56.223039134    1.320824525  -16.215037180
   -0.095199777   -1.745329252   55.234746708  -12.445092296  -16.265754592
    0.095199777   -1.745329252   51.320226821  -28.877776146  -16.132682645
    0.285599332   -1.745329252   44.355926611  -43.564079001  -16.118497777
    0.475998887   -1.745329252   35.223089966  -50.677420593  -16.344950933
    0.666398442   -1.745329252   25.881402634  -45.132675954  -16.670578348
    0.856797996   -1.745329252   18.945405755  -25.624457667  -16.743836376
    1.047197551   -1.745329252   16.768767173    3.747974166  -16.155831108
    1.237597106   -1.745329252   20.465879016   34.450886706  -14.650097332
    1.427996661   -1.745329252   29.379546370   57.145207858  -12.245097139
    1.618396215   -1.745329252   41.320107490   65.648700236   -9.222770477
    1.808795770   -1.745329252   53.413243490   59.012107298   -5.983887393
    1.999195325   -1.745329252   63.063155227   40.862385521   -2.900672857
    2.189594880   -1.745329252   68.610949491   16.930723670   -0.201332715
    2.379994435   -1.745329252   69.505731680   -7.175690810    2.034875280
    2.570393989   -1.745329252   66.153532934  -27.051804325    3.822339013
    2.760793544   -1.745329252   59.667196569  -39.732382361    5.202646853
    2.951193099   -1.745329252   51.599763017  -43.569644993    6.193367120

   -3.141592654   -1.396263402   42.897479957  -39.563896749    3.918549636
   -2.951193099   -1.396263402   36.435856174  -27.600314177    3.347827163
   -2.760793544   -1.396263402   32.614252835  -12.525654168    2.520240591
   -2.570393989   -1.396263402   31.583072624    1.057365850    1.486319127
   -2.379994435   -1.396263402   32.699648167    9.632823898    0.218290703
   -2.189594880   -1.396263402   34.856513481   12.020517089   -1.407382811
   -1.999195325   -1.396263402   36.961158592    9.481735980   -3.559824717
   -1.808795770   -1.396263402   38.332964238    4.840312280   -6.343000176
   -1.618396215   -1.396263402   38.863577472    1.099861725   -9.674416473
   -1.427996661   -1.396263402   38.937799230    0.245789482  -13.233850852
   -1.237597106   -1.396263402   39.170403959    2.709231957  -16.531592151
   -1.047197551   -1.396263402   40.112106887    7.397969358  -19.067749922
   -0.856797996   -1.396263402   42.004626374   12.243352246  -20.498456766
   -0.666398442   -1.396263402   44.646587317   14.809670287  -20.731764399
   -0.475998887   -1.396263402   47.378651098   12.914517003  -19.927576436
   -0.285599332   -1.396263402   49.200862796    5.102679187  -18.421290246
   -0.095199777   -1.396263402   48.960057109   -8.554387949  -16.645940813
    0.095199777   -1.396263402   45.716499517  -25.864036735  -15.022480247
    0.285599332   -1.396263402   39.190196516  -42.036536885  -13.856326438
    0.475998887   -1.396263402   30.199481798  -50.657573972  -13.238051962
    0.666398442   -1.396263402   20.762646710  -46.008271743  -12.996676962
    0.856797996   -1.396263402   13.656901894  -26.346451585  -12.771059707
    1.047197551   -1.396263402   11.444006105    4.230402324  -12.156728516
    1.237597106   -1.396263402   15.401556824   36.738577459  -10.885929697
    1.427996661   -1.396263402   24.922934007   61.152329308   -8.932828490
    1.618396215   -1.396263402   37.739085532   70.681029216   -6.501100641
    1.808795770   -1.396263402   50.812270895   64.098251558   -3.908486309
    1.999195325   -1.396263402   61.365445685   45.139185785   -1.465907054
    2.189594880   -1.396263402   67.606689448   19.883469794    0.613348549
    2.379994435   -1.396263402   68.927001064   -5.651156015    2.224815609
    2.570393989   -1.396263402   65.744359364  -26.740777653    3.340981904
    2.760793544   -1.396263402   59.231560588  -40.249675309    3.973164340
    2.951193099   -1.396263402   51.020464141  -44.493732284    4.150188476

   -3.141592654   -1.047197551   40.766752789  -42.876193008    4.664086707
   -2.951193099   -1.047197551   33.705561258  -30.515413033    3.371226365
   -2.760793544   -1.047197551   29.392529845  -14.760872711    1.669308063
   -2.570393989   -1.047197551   27.993880218   -0.625601761   -0.312577550
   -2.379994435   -1.047197551   28.803249139    7.974129107   -2.520284958
   -2.189594880   -1.047197551   30.590242041    9.679446863   -5.018270363
   -1.999195325   -1.047197551   32.138494983    5.925012326   -7.938086691
   -1.808795770   -1.047197551   32.710273227    0.046354199  -11.334772068
   -1.618396215   -1.047197551   32.255348806   -4.302111241  -15.030780790
   -1.427996661   -1.047197551   31.329679201   -4.646112373  -18.567354110
   -1.237597106   -1.047197551   30.776208126   -0.473865860  -21.323981143
   -1.047197551   -1.047197551   31.343662754    6.736884382  -22.759948328
   -0.856797996   -1.047197551   33.368100596   14.254006111  -22.635875988
   -0.666398442   -1.047197551   36.611089372   18.970538471  -21.097217258
   -0.475998887   -1.047197551   40.265969610   18.259280155  -18.593743812
   -0.285599332   -1.047197551   43.129761444   10.508381326  -15.697231534
   -0.095199777   -1.047197551   43.842436303   -4.093074993  -12.928343545
    0.095199777   -1.047197551   41.301303544  -23.025497138  -10.628347042
    0.285599332   -1.047197551   35.141919096  -41.008117107   -8.907492167
    0.475998887   -1.047197551   26.200191718  -51.065667931   -7.661548449
    0.666398442   -1.047197551   16.613572076  -47.016539517   -6.648147149
    0.856797996   -1.047197551    9.341738202  -26.931503382   -5.619433106
    1.047197551   -1.047197551    7.128319410    4.900860973   -4.422467782
    1.237597106   -1.047197551   11.365201010   38.997198339   -3.041379422
    1.427996661   -1.047197551   21.453414304   64.752716116   -1.559758578
    1.618396215   -1.047197551   35.031428141   74.942788912   -0.090026733
    1.808795770   -1.047197551   48.913544943   68.188601917    1.291720962
    1.999195325   -1.047197551   60.170445627   48.334158176    2.552904671
    2.189594880   -1.047197551   66.895017112   21.708824948    3.678983553
    2.379994435   -1.047197551   68.415345173   -5.385374770    4.631421884
    2.570393989   -1.047197551   65.137992097  -27.971119109    5.323461374
    2.760793544   -1.047197551   58.269483439  -42.688417950    5.628743775
    2.951193099   -1.047197551   49.515916618  -47.663071563    5.428941550

   -3.141592654   -0.698131701   41.043731373  -46.243265995    3.683274991
   -2.951193099   -0.698131701   33.267001968  -34.593012274    1.508401193
   -2.760793544   -0.698131701   28.142288643  -19.142844719   -1.097905708
   -2.570393989   -0.698131701   25.903811110   -5.040356362   -3.919320264
   -2.379994435   -0.698131701   25.870660462    3.512356096   -6.831608497
   -2.189594880   -0.698131701   26.783922066    4.912518274   -9.854268414
   -1.999195325   -0.698131701   27.375350693    0.625002213  -13.068625507
   -1.808795770   -0.698131701   26.894959114   -5.630359064  -16.438243591
   -1.618396215   -0.698131701   25.376657119   -9.626498005  -19.653131005
   -1.427996661   -0.698131701   23.559251088   -8.484815521  -22.142289814
   -1.237597106   -0.698131701   22.503712965   -1.766797012  -23.282977694
   -1.047197551   -0.698131701   23.110820082    8.459146657  -22.705718252
   -0.856797996   -0.698131701   25.727879502   18.632964138  -20.496579170
   -0.666398442   -0.698131701   29.978969171   24.970311439  -17.172955058
   -0.475998887   -0.698131701   34.827774942   24.582652278  -13.463471641
   -0.285599332   -0.698131701   38.834353767   16.030334975  -10.022181457
   -0.095199777   -0.698131701   40.465450374   -0.034111071   -7.211420388
    0.095199777   -0.698131701   38.546275021  -20.524072756   -5.036974732
    0.285599332   -0.698131701   32.743975344  -39.663268941   -3.226634642
    0.475998887   -0.698131701   24.002094336  -50.188058856   -1.417979100
    0.666398442   -0.698131701   14.593794224  -45.934692451    0.627239587
    0.856797996   -0.698131701    7.584021511  -25.244347555    2.865994837
    1.047197551   -0.698131701    5.755328042    7.211749127    4.992556519
    1.237597106   -0.698131701   10.471354677   41.646856242    6.619762908
    1.427996661   -0.698131701   21.067174620   67.369344826    7.503354861
    1.618396215   -0.698131701   35.117749726   77.255787805    7.672045757
    1.808795770   -0.698131701   49.402707805   70.100671012    7.389580975
    1.999195325   -0.698131701   60.986200271   49.854767699    6.994315373
    2.189594880   -0.698131701   67.963013605   22.828750216    6.722203198
    2.379994435   -0.698131701   69.649807466   -4.786653995    6.611498281
    2.570393989   -0.698131701   66.418325545  -28.134079147    6.506037266
    2.760793544   -0.698131701   59.425283272  -43.868558507    6.134360854
    2.951193099   -0.698131701   50.338570145  -49.989627050    5.239654101

   -3.141592654   -0.349065850   41.967585603  -50.236472992    2.262681566
   -2.951193099   -0.349065850   33.327110322  -39.588126711   -0.330808695
   -2.760793544   -0.349065850   27.192120913  -24.669468861   -3.289774430
   -2.570393989   -0.349065850   23.884772845  -10.688249332   -6.356545559
   -2.379994435   -0.349065850   22.778937528   -2.103387883   -9.369905339
   -2.189594880   -0.349065850   22.621483222   -0.732746174  -12.316855486
   -1.999195325   -0.349065850   22.134133716   -5.032671632  -15.232755022
   -1.808795770   -0.349065850   20.604875952  -10.870676419  -18.007634060
   -1.618396215   -0.349065850   18.199948087  -13.507016991  -20.250057298
   -1.427996661   -0.349065850   15.864775905   -9.858969169  -21.362380154
   -1.237597106   -0.349065850   14.853377900    0.138138578  -20.815455203
   -1.047197551   -0.349065850   16.135176268   13.537888760  -18.474866448
   -0.856797996   -0.349065850   19.942907779   25.820676122  -14.746523703
   -0.666398442   -0.349065850   25.635372940   32.638894735  -10.431600433
   -0.475998887   -0.349065850   31.864088918   31.183559318   -6.384630313
   -0.285599332   -0.349065850   36.948123013   20.666154846   -3.168630097
   -0.095199777   -0.349065850   39.268216939    2.639996251   -0.851424380
    0.095199777   -0.349065850   37.730884763  -19.007857168    0.948327365
    0.285599332   -0.349065850   32.201475470  -38.117808185    2.831134865
    0.475998887   -0.349065850   23.840128766  -47.620410384    5.282221044
    0.666398442   -0.349065850   15.048289008  -42.064673824    8.384582984
    0.856797996   -0.349065850    8.861453149  -20.650320301   11.712328928
    1.047197551   -0.349065850    7.890920356   11.414791046   14.506501694
    1.237597106   -0.349065850   13.284163054   44.413960535   16.056666942
    1.427996661   -0.349065850   24.229679187   68.267277328   16.052583590
    1.618396215   -0.349065850   38.293255654   76.599678953   14.716214084
    1.808795770   -0.349065850   52.366164109   68.678003259   12.648018314
    1.999195325   -0.349065850   63.669754986   48.446622577   10.521138081
    2.189594880   -0.349065850   70.416115998   21.843936539    8.790792792
    2.379994435   -0.349065850   71.952203612   -5.434147397    7.567138899
    2.570393989   -0.349065850   68.593580098  -28.921963512    6.651281833
    2.760793544   -0.349065850   61.389087131  -45.398045223    5.671774685
    2.951193099   -0.349065850   51.903466262  -52.706277204    4.274615244

   -3.141592654    0.000000000   42.660187372  -54.450974069    0.389821936
   -2.951193099    0.000000000   33.128782294  -44.634695312   -1.984464387
   -2.760793544    0.000000000   25.993923021  -30.020727905   -4.535514747
   -2.570393989    0.000000000   21.678455234  -15.860923042   -7.069990987
   -2.379994435    0.000000000   19.623923343   -6.881175829   -9.484205071
   -2.189594880    0.000000000   18.594016581   -5.123129280  -11.782541998
   -1.999195325    0.000000000   17.311103800   -8.961566047  -13.959507751
   -1.808795770    0.000000000   15.110313778  -13.876960422  -15.831457176
   -1.618396215    0.000000000   12.287566940  -14.725359757  -16.965771020
   -1.427996661    0.000000000    9.962617383   -8.413451480  -16.828629340
   -1.237597106    0.000000000    9.511252178    4.551857321  -15.083322009
   -1.047197551    0.000000000   11.873410688   20.282175193  -11.861910960
   -0.856797996    0.000000000   17.076491754   33.453549917   -7.799148235
   -0.666398442    0.000000000   24.173338270   39.506148343   -3.772355901
   -0.475998887    0.000000000   31.538568253   36.121587738   -0.508070051
   -0.285599332    0.000000000   37.355634568   23.476706343    1.724766649
   -0.095199777    0.000000000   40.064030598    4.102432454    3.225066893
    0.095199777    0.000000000   38.784767774  -17.513644312    4.684574781
    0.285599332    0.000000000   33.653104523  -35.257460299    6.849190973
    0.475998887    0.000000000   26.024297710  -42.773781342   10.125069163
    0.666398442    0.000000000   18.314339070  -35.736418795   14.306590738
    0.856797996    0.000000000   13.362589736  -14.326158892   18.571008306
    1.047197551    0.000000000   13.453025642   15.942239126   21.800893668
    1.237597106    0.000000000   19.430649773   45.899262038   23.098437566
    1.427996661    0.000000000   30.348231094   66.570007881   22.189440546
    1.618396215    0.000000000   43.852812664   72.648282835   19.507048303
    1.808795770    0.000000000   57.072518681   63.920855917   15.927217156
    1.999195325    0.000000000   67.498170249   44.153601470   12.357782673
    2.189594880    0.000000000   73.528001258   18.654234567    9.391243310
    2.379994435    0.000000000   74.559748182   -7.606226779    7.183892850
    2.570393989    0.000000000   70.838162721  -30.691877687    5.534959785
    2.760793544    0.000000000   63.272920983  -47.540867255    4.062626144
    2.951193099    0.000000000   53.294639601  -55.806140835    2.412162381

   -3.141592654    0.349065850   43.764315875  -57.453116635   -0.112343567
   -2.951193099    0.349065850   33.589588472  -48.328096967   -1.472662295
   -2.760793544    0.349065850   25.707647710  -34.099456150   -2.879455341
   -2.570393989    0.349065850   20.606988982  -19.973355435   -4.296123861
   -2.379994435    0.349065850   17.784902824  -10.802125314   -5.721900765
   -2.189594880    0.349065850   16.036509150   -8.721652387   -7.179323401
   -1.999195325    0.349065850   14.117246689  -11.982539191   -8.621438825
   -1.808795770    0.349065850   11.438179219  -15.757820408   -9.828839836
   -1.618396215    0.349065850    8.427311212  -14.692067330  -10.403751962
   -1.427996661    0.349065850    6.339751698   -5.902027022   -9.937414274
   -1.237597106    0.349065850    6.599176330    9.409119324   -8.261718489
   -1.047197551    0.349065850   10.037084178   26.491282346   -5.623526284
   -0.856797996    0.349065850   16.432590779   39.511762535   -2.628312468
   -0.666398442    0.349065850   24.558386371   44.094451621    0.053104824
   -0.475998887    0.349065850   32.608999999   38.725011107    2.027578061
   -0.285599332    0.349065850   38.768537753   24.637863633    3.372531775
   -0.095199777    0.349065850   41.663271139    5.158680479    4.622303044
    0.095199777    0.349065850   40.700880407  -15.001696494    6.503156760
    0.285599332    0.349065850   36.278087448  -30.224728945    9.578082225
    0.475998887    0.349065850   29.856828072  -35.236893420   13.910539411
    0.666398442    0.349065850   23.726699191  -26.999289467   18.914244850
    0.856797996    0.349065850   20.383813916   -6.578755151   23.487242254
    1.047197551    0.349065850   21.678423806   20.525435321   26.424855700
    1.237597106    0.349065850   28.120008693   46.107681877   26.935574163
    1.427996661    0.349065850   38.667500809   62.644799360   24.964992897
    1.618396215    0.349065850   51.141254910   66.060104370   21.170689413
    1.808795770    0.349065850   63.007743751   56.620111632   16.578530076
    1.999195325    0.349065850   72.108326711   37.745807034   12.160059080
    2.189594880    0.349065850   77.073718930   13.937217453    8.518316849
    2.379994435    0.349065850   77.370303586  -10.674786034    5.818235241
    2.570393989    0.349065850   73.175117289  -32.730498824    3.899283378
    2.760793544    0.349065850   65.255508485  -49.353808197    2.449458619
    2.951193099    0.349065850   54.898338848  -58.056484772    1.174724547

   -3.141592654    0.698131701   45.195961559  -57.671747035   -1.099368104
   -2.951193099    0.698131701   34.932937223  -49.059181315   -1.226028702
   -2.760793544    0.698131701   26.846653920  -35.511666327   -1.223974129
   -2.570393989    0.698131701   21.412096755  -22.046689688   -1.265912178
   -2.379994435    0.698131701   18.143486821  -13.378141560   -1.495927599
   -2.189594880    0.698131701   15.876906967  -11.529379964   -1.982162149
   -1.999195325    0.698131701   13.432858304  -14.604948388   -2.671859877
   -1.808795770    0.698131701   10.315382188  -17.641096247   -3.378412285
   -1.618396215    0.698131701    7.061291724  -15.286426374   -3.828110978
   -1.427996661    0.698131701    5.008765862   -4.932592901   -3.780905757
   -1.237597106    0.698131701    5.587602530   11.705545427   -3.158482212
   -1.047197551    0.698131701    9.534489805   29.383227612   -2.098346357
   -0.856797996    0.698131701   16.465574721   42.109264478   -0.876497830
   -0.666398442    0.698131701   25.007655156   45.834408434    0.285620714
   -0.475998887    0.698131701   33.311287884   39.723024305    1.395421731
   -0.285599332    0.698131701   39.652003715   25.730318633    2.738614905
   -0.095199777    0.698131701   42.859370312    7.556246397    4.795906757
    0.095199777    0.698131701   42.565110946  -10.251073476    8.002942130
    0.285599332    0.698131701   39.303389943  -22.814735221   12.490718851
    0.475998887    0.698131701   34.493117543  -25.951665978   17.880293998
    0.666398442    0.698131701   30.171933622  -17.650680133   23.270394913
    0.856797996    0.698131701   28.435770783    0.569416525   27.472066855
    1.047197551    0.698131701   30.728894785   23.631670075   29.436753487
    1.237597106    0.698131701   37.311693113   44.492291283   28.685049049
    1.427996661    0.698131701   47.146961740   57.005354331   25.489812708
    1.618396215    0.698131701   58.294203659   58.093530476   20.722027243
    1.808795770    0.698131701   68.579183194   48.287167012   15.454875853
    1.999195325    0.698131701   76.185976775   30.586372296   10.581712573
    2.189594880    0.698131701   79.969477211    8.746214241    6.596248173
    2.379994435    0.698131701   79.476113723  -13.816913242    3.613312462
    2.570393989    0.698131701   74.848301043  -34.226653190    1.522716356
    2.760793544    0.698131701   66.751983649  -49.820607407    0.142150036
    2.951193099    0.698131701   56.352006108  -58.129972693   -0.688123624

   -3.141592654    1.047197551   43.607512508  -57.920801684   -5.655149314
   -2.951193099    1.047197551   33.387431046  -48.391919775   -4.948997338
   -2.760793544    1.047197551   25.483472706  -34.333433000   -3.819330677
   -2.570393989    1.047197551   20.284151657  -20.826054512   -2.621080841
   -2.379994435    1.047197551   17.219686977  -12.500176566   -1.668654904
   -2.189594880    1.047197551   15.071131841  -11.173642671   -1.134159781
   -1.999195325    1.047197551   12.648502578  -14.706659610   -1.015305343
   -1.808795770    1.047197551    9.486665955  -17.958304726   -1.182506875
   -1.618396215    1.047197551    6.174275811  -15.543942979   -1.464410711
   -1.427996661    1.047197551    4.092945773   -4.969127392   -1.722891148
   -1.237597106    1.047197551    4.686294683   11.872390267   -1.874861222
   -1.047197551    1.047197551    8.676047181   29.634025157   -1.862832998
   -0.856797996    1.047197551   15.658956089   42.409890194   -1.606788246
   -0.666398442    1.047197551   24.278840344   46.420997748   -0.955647775
   -0.475998887    1.047197551   32.764161180   41.158957548    0.313930847
   -0.285599332    1.047197551   39.520216098   28.789359164    2.450449459
   -0.095199777    1.047197551   43.520128964   12.903199365    5.650864013
    0.095199777    1.047197551   44.481716340   -2.436048576    9.922785073
    0.285599332    1.047197551   42.900490205  -13.158437738   14.968528587
    0.475998887    1.047197551   39.991837051  -15.943890284   20.125389819
    0.666398442    1.047197551   37.449699000   -9.323605286   24.459693582
    0.856797996    1.047197551   36.983067109    5.309280186   27.032456840
    1.047197551    1.047197551   39.744926936   23.738894944   27.235701640
    1.237597106    1.047197551   45.914084436   40.179793651   25.038799647
    1.427996661    1.047197551   54.604243570   49.571487002   20.988169713
    1.618396215    1.047197551   64.179834453   49.309386209   15.963477414
    1.808795770    1.047197551   72.790940397   39.699426830   10.825313588
    1.999195325    1.047197551   78.859106658   23.101892647    6.169914656
    2.189594880    1.047197551   81.348438483    2.638622020    2.259001139
    2.379994435    1.047197551   79.817514369  -18.634341917   -0.870663025
    2.570393989    1.047197551   74.383492006  -37.892778075   -3.246424438
    2.760793544    1.047197551   65.694910612  -52.366603581   -4.860861444
    2.951193099    1.047197551   54.919038630  -59.512674923   -5.666249404

   -3.141592654    1.396263402   38.802133127  -57.911344462  -11.953834112
   -2.951193099    1.396263402   28.784541889  -46.331542439  -11.123371855
   -2.760793544    1.396263402   21.419849087  -30.868501713   -9.488741658
   -2.570393989    1.396263402   16.941425597  -16.875960346   -7.454684865
   -2.379994435    1.396263402   14.605059364   -8.921770771   -5.428552844
   -2.189594880    1.396263402   13.056282525   -8.508453622   -3.682256556
   -1.999195325    1.396263402   11.037870164  -13.131964210   -2.314119619
   -1.808795770    1.396263402    8.076475372  -17.407526577   -1.315603875
   -1.618396215    1.396263402    4.784692560  -15.851170575   -0.661383873
   -1.427996661    1.396263402    2.581093873   -5.909100907   -0.336369460
   -1.237597106    1.396263402    2.961708391   10.640266733   -0.277293399
   -1.047197551    1.396263402    6.730657643   28.636045982   -0.301228939
   -0.856797996    1.396263402   13.600153382   42.330261972   -0.102961351
   -0.666398442    1.396263402   22.349582584   47.966889763    0.667245062
   -0.475998887    1.396263402   31.329802354   44.874679344    2.284354681
   -0.285599332    1.396263402   39.019469445   34.879222496    4.862919830
   -0.095199777    1.396263402   44.386347228   21.074430943    8.327293238
    0.095199777    1.396263402   47.038163024    6.953335886   12.381510745
    0.285599332    1.396263402   47.252820625   -3.953577367   16.505878312
    0.475998887    1.396263402   45.946054930   -8.606754596   19.999935534
    0.666398442    1.396263402   44.500546820   -5.341772429   22.129231554
    0.856797996    1.396263402   44.403304618    5.164602188   22.374689498
    1.047197551    1.396263402   46.756792298   19.721108307   20.638452140
    1.237597106    1.396263402   51.878616654   33.433353393   17.296108288
    1.427996661    1.396263402   59.144490814   41.601944440   13.031616863
    1.618396215    1.396263402   67.190990975   41.373157382    8.554183099
    1.808795770    1.396263402   74.350094822   32.430837495    4.345177536
    1.999195325    1.396263402   79.104772732   16.540745234    0.585715350
    2.189594880    1.396263402   80.394114668   -3.445193447   -2.760426329
    2.379994435    1.396263402   77.738015001  -24.359058638   -5.768629961
    2.570393989    1.396263402   71.263155043  -43.026293860   -8.405961237
    2.760793544    1.396263402   61.695844074  -56.342993102  -10.486486073
    2.951193099    1.396263402   50.323656983  -61.685101548  -11.738800738

   -3.141592654    1.745329252   32.220739495  -57.880637307  -17.437672761
   -2.951193099    1.745329252   22.447895327  -43.857824898  -16.875882108
   -2.760793544    1.745329252   15.735759683  -26.651855582  -15.161099309
   -2.570393989    1.745329252   12.143010721  -11.974238504  -12.630513497
   -2.379994435    1.745329252   10.724059844   -4.326957107   -9.692486710
   -2.189594880    1.745329252    9.968619920   -4.837118647   -6.671850665
   -1.999195325    1.745329252    8.541740026  -10.604376173   -3.754111457
   -1.808795770    1.745329252    5.952662481  -16.018578763   -1.048247177
   -1.618396215    1.745329252    2.824525326  -15.504036489    1.320810717
   -1.427996661    1.745329252    0.605852358   -6.361666541    3.199832924
   -1.237597106    1.745329252    0.864308370    9.915784121    4.502807678
   -1.047197551    1.745329252    4.535386329   28.474795797    5.322730230
   -0.856797996    1.745329252   11.501187406   43.632456679    5.945815268
   -0.666398442    1.745329252   20.690366870   51.335462286    6.740281083
   -0.475998887    1.745329252   30.518208961   50.361942935    7.988543384
   -0.285599332    1.745329252   39.416702898   41.961348434    9.769784733
   -0.095199777    1.745329252   46.209498716   28.780485426   11.933779243
    0.095199777    1.745329252   50.291965543   14.054415713   14.122159474
    0.285599332    1.745329252   51.698243994    1.252162752   15.837160579
    0.475998887    1.745329252   51.114209707   -6.370142153   16.554430416
    0.666398442    1.745329252   49.766055170   -6.566998082   15.886625376
    0.856797996    1.745329252   49.124380637    0.806289323   13.773414319
    1.047197551    1.745329252   50.432542001   13.328994918   10.543040822
    1.237597106    1.745329252   54.258122768   26.435576552    6.800191378
    1.427996661    1.745329252   60.230764149   35.152378599    3.165528090
    1.618396215    1.745329252   67.145002233   35.937078576    0.022919702
    1.808795770    1.745329252   73.350236064   27.763748320   -2.599192360
    1.999195325    1.745329252   77.241498995   12.030364094   -4.938569047
    2.189594880    1.745329252   77.642729775   -8.317800367   -7.301112739
    2.379994435    1.745329252   74.012879660  -29.675362197   -9.854827676
    2.570393989    1.745329252   66.517019103  -48.307414232  -12.517551918
    2.760793544    1.745329252   56.015808186  -60.694129414  -14.963153154
    2.951193099    1.745329252   43.980047962  -64.147030775  -16.737844917

   -3.141592654    2.094395102   25.117713467  -58.901779250  -18.649318599
   -2.951193099    2.094395102   15.376596385  -42.516544194  -17.989482703
   -2.760793544    2.094395102    9.127716164  -23.222799523  -16.091186932
   -2.570393989    2.094395102    6.336692824   -7.109903488  -13.237155309
   -2.379994435    2.094395102    5.922869539    1.255714552   -9.804179827
   -2.189594880    2.094395102    6.254842181    0.931504072   -6.102151010
   -1.999195325    2.094395102    5.917522067   -4.974438779   -2.316273234
   -1.808795770    2.094395102    4.367794984  -10.780105643    1.417670129
   -1.618396215    2.094395102    2.177804055  -10.942928988    4.902137011
   -1.427996661    2.094395102    0.743699420   -2.711789925    7.861528964
   -1.237597106    2.094395102    1.609252934   12.666211380   10.058320491
   -1.047197551    2.094395102    5.745277009   30.683495600   11.443254616
   -0.856797996    2.094395102   13.123994313   45.844412397   12.203004932
   -0.666398442    2.094395102   22.771833658   53.978164161   12.649399216
   -0.475998887    2.094395102   33.152279320   53.486003129   13.033266923
   -0.285599332    2.094395102   42.664301715   45.183427614   13.411332609
   -0.095199777    2.094395102   50.024807704   31.381690114   13.622396333
    0.095199777    2.094395102   54.476290805   15.183773697   13.351659938
    0.285599332    2.094395102   55.896774923    0.169847852   12.248315282
    0.475998887    2.094395102   54.864734831  -10.011756490   10.070965749
    0.666398442    2.094395102   52.597894126  -12.455817890    6.827429600
    0.856797996    2.094395102   50.694101906   -6.336234440    2.874773208
    1.047197551    2.094395102   50.631819246    6.319058837   -1.154798767
    1.237597106    2.094395102   53.237070340   20.783734243   -4.583529561
    1.427996661    2.094395102   58.312736961   31.402258768   -6.980386379
    1.618396215    2.094395102   64.674918543   33.774550734   -8.337600513
    1.808795770    2.094395102   70.547988521   26.262984349   -9.042191380
    1.999195325    2.094395102   74.132418596   10.156956242   -9.658043453
    2.189594880    2.094395102   74.082262392  -11.247019304  -10.663858220
    2.379994435    2.094395102   69.781154085  -33.752425422  -12.262100456
    2.570393989    2.094395102   61.435984695  -53.018396454  -14.320908944
    2.760793544    2.094395102   50.048331289  -65.115512547  -16.428104154
    2.951193099    2.094395102   37.279668674  -67.257250702  -18.036958450

   -3.141592654    2.443460953   19.116913071  -59.299164156  -13.069542778
   -2.951193099    2.443460953    9.496276223  -40.853825603  -12.181617495
   -2.760793544    2.443460953    3.753956998  -19.634355029  -10.342736142
   -2.570393989    2.443460953    1.795192016   -2.050520899   -7.702021625
   -2.379994435    2.443460953    2.443912688    7.277660066   -4.473017555
   -2.189594880    2.443460953    3.984209138    7.550952040   -0.820356488
   -1.999195325    2.443460953    4.944129398    1.987104085    3.162712241
   -1.808795770    2.443460953    4.728774288   -3.798191570    7.359317851
   -1.618396215    2.443460953    3.831438812   -4.449352862   11.509899571
   -1.427996661    2.443460953    3.540524623    2.708839077   15.196741952
   -1.237597106    2.443460953    5.302485400   16.621027795   17.977133054
   -1.047197551    2.443460953   10.049769616   33.179931084   19.577767587
   -0.856797996    2.443460953   17.790871819   47.220294426   20.004546982
   -0.666398442    2.443460953   27.627303652   54.627935006   19.477961937
   -0.475998887    2.443460953   38.078092742   53.567438658   18.261392874
   -0.285599332    2.443460953   47.538807499   44.501919055   16.501867801
   -0.095199777    2.443460953   54.661920461   29.479504605   14.170491504
    0.095199777    2.443460953   58.594885570   11.563209991   11.123954017
    0.285599332    2.443460953   59.137709044   -5.442804307    7.245293934
    0.475998887    2.443460953   56.858338003  -17.425867140    2.606578727
    0.666398442    2.443460953   53.066293377  -20.875069794   -2.430514162
    0.856797996    2.443460953   49.561033522  -14.488009964   -7.218840353
    1.047197551    2.443460953   48.080292194   -0.212466952  -11.019628493
    1.237597106    2.443460953   49.673516021   16.777084744  -13.288110079
    1.427996661    2.443460953   54.239307311   29.994667683  -13.914757351
    1.618396215    2.443460953   60.525416512   34.208740977  -13.268851907
    1.808795770    2.443460953   66.559431285   27.311768769  -12.029087932
    1.999195325    2.443460953   70.305524870   10.644906557  -10.898520068
    2.189594880    2.443460953   70.232433109  -12.037991833  -10.359113963
    2.379994435    2.443460953   65.645736578  -35.919043652  -10.560330733
    2.570393989    2.443460953   56.791585520  -56.072988567  -11.339488779
    2.760793544    2.443460953   44.805035768  -68.187803443  -12.317380447
    2.951193099    2.443460953   31.527390306  -69.376701899  -13.031839491

   -3.141592654    2.792526803   15.980093335  -58.819356078    0.798920747
   -2.951193099    2.792526803    6.565695420  -39.153827783    2.690705958
   -2.760793544    2.792526803    1.272795942  -16.633509799    4.617183928
   -2.570393989    2.792526803    0.000000000    2.115935724    6.539371291
   -2.379994435    2.792526803    1.536954524   12.405703609    8.542771247
   -2.189594880    2.792526803    4.133170226   13.491808310   10.834190647
   -1.999195325    2.792526803    6.292393136    8.614855105   13.626765504
   -1.808795770    2.792526803    7.386034568    3.256683688   16.953841722
   -1.618396215    2.792526803    7.832617210    2.497801711   20.528525768
   -1.427996661    2.792526803    8.794775953    8.789039326   23.770285345
   -1.237597106    2.792526803   11.571265887   21.091222593   26.013456601
   -1.047197551    2.792526803   16.977328543   35.589691482   26.786776309
   -0.856797996    2.792526803   24.972706770   47.493155666   25.989625385
   -0.666398442    2.792526803   34.670733213   52.928446691   23.853376896
   -0.475998887    2.792526803   44.624182277   50.057243021   20.754105720
   -0.285599332    2.792526803   53.245932688   39.187018994   17.007048061
   -0.095199777    2.792526803   59.177862457   22.269626602   12.761323140
    0.095199777    2.792526803   61.558440535    2.499467973    8.042898677
    0.285599332    2.792526803   60.230091185  -15.913800244    2.895021442
    0.475998887    2.792526803   55.898215913  -28.306190035   -2.465733923
    0.666398442    2.792526803   50.108181641  -30.710789040   -7.582124334
    0.856797996    2.792526803   44.949426026  -21.781091003  -11.817104294
    1.047197551    2.792526803   42.407108053   -3.953783847  -14.573847892
    1.237597106    2.792526803   43.641653590   16.696318678  -15.553129231
    1.427996661    2.792526803   48.480174132   32.745423737  -14.893500407
    1.618396215    2.792526803   55.449245948   38.388154291  -13.105870860
    1.808795770    2.792526803   62.298194776   31.487610037  -10.842812806
    1.999195325    2.792526803   66.753919376   13.810897738   -8.643439816
    2.189594880    2.792526803   67.149573933  -10.294914064   -6.778564219
    2.379994435    2.792526803   62.763652005  -35.497877335   -5.251026552
    2.570393989    2.792526803   53.896800640  -56.535178188   -3.896609494
    2.760793544    2.792526803   41.785358678  -68.935210569   -2.511259286
    2.951193099    2.792526803   28.389329401  -69.781524232   -0.956547021
