#! FIELDS phi psi file.free der_phi der_psi
#! SET min_phi -pi
#! SET max_phi pi
#! SET nbins_phi  33
#! SET periodic_phi true
#! SET min_psi -pi
#! SET max_psi pi
#! SET nbins_psi  18
#! SET periodic_psi true
   -3.141592654   -3.141592654   18.765794427  -56.173012854   15.893552639
   -2.951193099   -3.141592654    9.831625893  -36.870715384   18.563428163
   -2.760793544   -3.141592654    4.909463966  -15.065044261   20.338183937
   -2.570393989   -3.141592654    3.873967933    3.095974923   21.331930100
   -2.379994435   -3.141592654    5.594587338   13.497697367   21.941979434
   -2.189594880   -3.141592654    8.488967771   15.685015030   22.717977027
   -1.999195325   -3.141592654   11.235963826   12.668140663   24.126869545
   -1.808795770   -3.141592654   13.290236081    9.226048785   26.313123012
   -1.618396215   -3.141592654   14.997725724    9.568931248   28.965780076
   -1.427996661   -3.141592654   17.301076259   15.542783747   31.395245846
   -1.237597106   -3.141592654   21.214824925   26.059011573   32.788837566
   -1.047197551   -3.141592654   27.313865296   37.794494542   32.533566909
   -0.856797996   -3.141592654   35.439002808   46.655545097   30.429831037
   -0.666398442   -3.141592654   44.704283391   49.284937513   26.688653209
   -0.475998887   -3.141592654   53.727049149   43.979918594   21.766502362
   -0.285599332   -3.141592654   60.980957739   30.918393729   16.149496904
   -0.095199777   -3.141592654   65.141206843   11.946002469   10.208050401
    0.095199777   -3.141592654   65.382563558   -9.572314268    4.197516951
    0.285599332   -3.141592654   61.646694796  -28.958377487   -1.643964356
    0.475998887   -3.141592654   54.842914644  -40.969264828   -6.978532602
    0.666398442   -3.141592654   46.814654533  -41.260086309  -11.340072698
    0.856797996   -3.141592654   39.979683897  -28.600738927  -14.236722045
    1.047197551   -3.141592654   36.575858940   -6.097347832  -15.355735086
    1.237597106   -3.141592654   37.848921548   19.145682846  -14.741562751
    1.427996661   -3.141592654   43.509522921   38.675970862  -12.798581731
    1.618396215   -3.141592654   51.803421374   46.060641145  -10.114160281
    1.808795770   -3.141592654   60.134747155   39.120784637   -7.196350666
    1.999195325   -3.141592654   65.932717972   20.127953856   -4.297985853
    2.189594880   -3.141592654   67.361509967   -5.769843398   -1.392843226
    2.379994435   -3.141592654   63.685026717  -32.475645460    1.692692163
    2.570393989   -3.141592654   55.308781419  -54.274668754    5.096760944
    2.760793544   -3.141592654   43.616691134  -66.707757139    8.785967477
    2.951193099   -3.141592654   30.674201796  -67.256103071   12.512748248

   -3.141592654   -2.792526803   26.077863920  -50.796128663   24.047606805
   -2.951193099   -2.792526803   17.962710680  -33.711530918   26.686838590
   -2.760793544   -2.792526803   13.429479073  -14.070892591   28.018936889
   -2.570393989   -2.792526803   12.431849787    2.674248934   28.313049376
   -2.379994435   -2.792526803   14.032551995   12.877830406   28.155458839
   -2.189594880   -2.792526803   16.890370758   16.097639695   28.226580672
   -1.999195325   -2.792526803   19.878855016   14.855505323   29.009150951
   -1.808795770   -2.792526803   22.518625182   13.096100342   30.561216657
   -1.618396215   -2.792526803   25.051645880   14.148181796   32.445472729
   -1.427996661   -2.792526803   28.171995559   19.265017832   33.876650650
   -1.237597106   -2.792526803   32.580614704   27.300941849   34.015187988
   -1.047197551   -2.792526803   38.583188801   35.430911625   32.295931381
   -0.856797996   -2.792526803   45.884781176   40.406291328   28.627751497
   -0.666398442   -2.792526803   53.628536633   39.716402799   23.373036664
   -0.475998887   -2.792526803   60.598727093   32.215941395   17.161490251
   -0.285599332   -2.792526803   65.505693358   18.247737599   10.643746932
   -0.095199777   -2.792526803   67.260728665   -0.467585048    4.308131943
    0.095199777   -2.792526803   65.237611129  -20.803324999   -1.533745556
    0.285599332   -2.792526803   59.535554829  -38.259961185   -6.658222000
    0.475998887   -2.792526803   51.194971252  -47.706807418  -10.812606792
    0.666398442   -2.792526803   42.167712838  -44.950742682  -13.683893284
    0.856797996   -2.792526803   34.934195696  -29.093684934  -14.998129413
    1.047197551   -2.792526803   31.714256935   -3.762204245  -14.679274798
    1.237597106   -2.792526803   33.635068744   23.458793228  -12.959087124
    1.427996661   -2.792526803   40.221312228   43.930434112  -10.305790822
    1.618396215   -2.792526803   49.536108277   51.441939807   -7.224707415
    1.808795770   -2.792526803   58.875114271   44.323388096   -4.035963044
    1.999195325   -2.792526803   65.660028928   25.360346719   -0.786841596
    2.189594880   -2.792526803   68.124485169   -0.045746805    2.691275319
    2.379994435   -2.792526803   65.616078178  -25.903818188    6.604448076
    2.570393989   -2.792526803   58.573230193  -46.892896918   11.008739200
    2.760793544   -2.792526803   48.325085742  -59.061429600   15.703838523
    2.951193099   -2.792526803   36.793558081  -60.264176235   20.236674182

   -3.141592654   -2.443460953   34.279108530  -45.006220588   22.325350258
   -2.951193099   -2.443460953   27.060509893  -30.143390205   24.518572612
   -2.760793544   -2.443460953   22.993067587  -12.681773472   25.515034472
   -2.570393989   -2.443460953   22.102667093    2.570264814   25.559850578
   -2.379994435   -2.443460953   23.625776125   12.353697973   25.145469129
   -2.189594880   -2.443460953   26.426116782   16.150159331   24.805597497
   -1.999195325   -2.443460953   29.521463641   15.941761220   24.872168571
   -1.808795770   -2.443460953   32.445715959   14.874524768   25.317707956
   -1.618396215   -2.443460953   35.302749596   15.557270848   25.739255539
   -1.427996661   -2.443460953   38.545448414   18.915060877   25.515621604
   -1.237597106   -2.443460953   42.622883014   24.038105469   24.052757079
   -1.047197551   -2.443460953   47.683044421   28.810368093   21.035895145
   -0.856797996   -2.443460953   53.432319283   30.873109847   16.562601421
   -0.666398442   -2.443460953   59.169675739   28.411048809   11.094772588
   -0.475998887   -2.443460953   63.928097716   20.535258558    5.278951772
   -0.285599332   -2.443460953   66.672444481    7.384600018   -0.277361096
   -0.095199777   -2.443460953   66.500275731   -9.754398926   -5.181929310
    0.095199777   -2.443460953   62.886743072  -28.185322590   -9.262418443
    0.285599332   -2.443460953   55.968961699  -43.629256005  -12.477836745
    0.475998887   -2.443460953   46.803016517  -50.979160775  -14.785731072
    0.666398442   -2.443460953   37.359977900  -46.024592158  -16.072793578
    0.856797996   -2.443460953   30.130867780  -27.978557289  -16.211271613
    1.047197551   -2.443460953   27.309040752   -0.759788274  -15.169341980
    1.237597106   -2.443460953   29.934772372   27.758091032  -13.109832580
    1.427996661   -2.443460953   37.407962046   48.845648183  -10.355115542
    1.618396215   -2.443460953   47.676166634   56.495881161   -7.257081853
    1.808795770   -2.443460953   57.980878786   49.427563640   -4.038605506
    1.999195325   -2.443460953   65.762069085   30.782298741   -0.737762853
    2.189594880   -2.443460953   69.321360828    6.089545636    2.755485753
    2.379994435   -2.443460953   68.071545215  -18.813628071    6.571032992
    2.570393989   -2.443460953   62.462800293  -38.985360795   10.716997376
    2.760793544   -2.443460953   53.755014642  -50.931760280   15.001258252
    2.951193099   -2.443460953   43.721558798  -52.833908543   19.028603348

   -3.141592654   -2.094395102   40.515225789  -40.820453892   13.567360396
   -2.951193099   -2.094395102   33.938080769  -27.625000798   14.941089847
   -2.760793544   -2.094395102   30.194155883  -11.750703511   15.605780036
   -2.570393989   -2.094395102   29.366539360    2.406349631   15.684291790
   -2.379994435   -2.094395102   30.808520414   11.775814219   15.400255803
   -2.189594880   -2.094395102   33.503901536   15.680405984   14.960318468
   -1.999195325   -2.094395102   36.529724833   15.650830554   14.434741932
   -1.808795770   -2.094395102   39.381793064   14.290896717   13.709921777
   -1.618396215   -2.094395102   42.033776023   13.836534169   12.528371305
   -1.427996661   -2.094395102   44.769950446   15.195076311   10.616637979
   -1.237597106   -2.094395102   47.905970104   17.850114993    7.821918982
   -1.047197551   -2.094395102   51.561239935   20.347977899    4.214487823
   -0.856797996   -2.094395102   55.546949185   21.007491642    0.096255383
   -0.666398442   -2.094395102   59.371532168   18.411832692   -4.092767878
   -0.475998887   -2.094395102   62.311961294   11.630758852   -7.914765739
   -0.285599332   -2.094395102   63.530795175    0.348575181  -11.064893399
   -0.095199777   -2.094395102   62.215225528  -14.740524148  -13.465844716
    0.095199777   -2.094395102   57.825804998  -31.414373451  -15.222730095
    0.285599332   -2.094395102   50.425432536  -45.527123658  -16.517207590
    0.475998887   -2.094395102   41.002144066  -51.788880799  -17.459320656
    0.666398442   -2.094395102   31.510129648  -45.695551270  -17.991190629
    0.856797996   -2.094395102   24.467951829  -26.300235117  -17.920022779
    1.047197551   -2.094395102   22.102474402    2.357305334  -17.034849305
    1.237597106   -2.094395102   25.445088198   32.118766595  -15.258226750
    1.427996661   -2.094395102   33.834110961   54.017371839  -12.708422157
    1.618396215   -2.094395102   45.126718944   62.014367513   -9.653801761
    1.808795770   -2.094395102   56.491570821   55.007355157   -6.384533564
    1.999195325   -2.094395102   65.337774110   36.395767849   -3.117912424
    2.189594880   -2.094395102   69.980270653   11.876497989    0.055249698
    2.379994435   -2.094395102   69.861173266  -12.723922142    3.133194769
    2.570393989   -2.094395102   65.438396931  -32.656115309    6.122510280
    2.760793544   -2.094395102   57.932957210  -44.721471234    8.969240218
    2.951193099   -2.094395102   49.025506384  -47.331127398   11.519495940

   -3.141592654   -1.745329252   43.402466202  -38.324039539    5.605837682
   -2.951193099   -1.745329252   37.219176143  -26.024455725    6.182500320
   -2.760793544   -1.745329252   33.683964280  -11.166377649    6.411053578
   -2.570393989   -1.745329252   32.874118969    2.028510479    6.300089981
   -2.379994435   -1.745329252   34.164352981   10.581047991    5.857705814
   -2.189594880   -1.745329252   36.561531875   13.738118370    5.050616687
   -1.999195325   -1.745329252   39.137470247   12.832087636    3.784793671
   -1.808795770   -1.745329252   41.346297857   10.301574843    1.938352040
   -1.618396215   -1.745329252   43.104804680    8.417085657   -0.565921325
   -1.427996661   -1.745329252   44.671416192    8.366913289   -3.673950575
   -1.237597106   -1.745329252   46.405778665   10.072882791   -7.164389592
   -1.047197551   -1.745329252   48.554163579   12.470888945  -10.675694805
   -0.856797996   -1.745329252   51.111420780   14.051036267  -13.795821542
   -0.666398442   -1.745329252   53.771569057   13.256719084  -16.180163495
   -0.475998887   -1.745329252   55.942811770    8.752644484  -17.643788723
   -0.285599332   -1.745329252   56.828013308   -0.335317906  -18.200428935
   -0.095199777   -1.745329252   55.548233583  -13.807308432  -18.072887812
    0.095199777   -1.745329252   51.421895298  -29.733034987  -17.608122641
    0.285599332   -1.745329252   44.345357649  -43.918229785  -17.163417486
    0.475998887   -1.745329252   35.181169371  -50.699085832  -16.957024955
    0.666398442   -1.745329252   25.850174361  -45.034883861  -16.960940558
    0.856797996   -1.745329252   18.933633451  -25.529042565  -16.915321761
    1.047197551   -1.745329252   16.779000877    3.901788329  -16.444205729
    1.237597106   -1.745329252   20.527377860   34.868189749  -15.250431653
    1.427996661   -1.745329252   29.560648466   57.988832469  -13.254820220
    1.618396215   -1.745329252   41.699236895   66.837253815  -10.626746992
    1.808795770   -1.745329252   54.022028427   60.141548920   -7.685357350
    1.999195325   -1.745329252   63.837822749   41.374546466   -4.776587679
    2.189594880   -1.745329252   69.392482645   16.452906552   -2.146837820
    2.379994435   -1.745329252   70.104535617   -8.568302817    0.095138628
    2.570393989   -1.745329252   66.440664407  -28.826423219    1.951060922
    2.760793544   -1.745329252   59.637801323  -41.177918885    3.472721182
    2.951193099   -1.745329252   51.370329233  -44.185706931    4.692608642

   -3.141592654   -1.396263402   42.131283000  -38.493330255    3.226889403
   -2.951193099   -1.396263402   35.934463218  -26.002172247    2.992728951
   -2.760793544   -1.396263402   32.415161894  -11.063767067    2.505779171
   -2.570393989   -1.396263402   31.609411998    1.899384310    1.758985644
   -2.379994435   -1.396263402   32.818360164    9.771006407    0.669118405
   -2.189594880   -1.396263402   34.957227637   11.753113039   -0.928318085
   -1.999195325   -1.396263402   37.009694992    9.270343870   -3.217502390
   -1.808795770   -1.396263402   38.376411212    5.029306696   -6.285986545
   -1.618396215   -1.396263402   38.988228434    1.739188128  -10.008505670
   -1.427996661   -1.396263402   39.209639434    1.082670054  -14.004689486
   -1.237597106   -1.396263402   39.590037890    3.342627705  -17.719711060
   -1.047197551   -1.396263402   40.605451808    7.484939969  -20.595308722
   -0.856797996   -1.396263402   42.451173764   11.657328845  -22.243584441
   -0.666398442   -1.396263402   44.927731935   13.699909109  -22.549286501
   -0.475998887   -1.396263402   47.426253514   11.635784937  -21.667791312
   -0.285599332   -1.396263402   49.023370647    4.075842636  -19.946554103
   -0.095199777   -1.396263402   48.637538840   -9.026730974  -17.845576750
    0.095199777   -1.396263402   45.364665487  -25.722662496  -15.828243946
    0.285599332   -1.396263402   38.909766295  -41.496057899  -14.258905919
    0.475998887   -1.396263402   30.030149714  -50.112641888  -13.300732859
    0.666398442   -1.396263402   20.665898224  -45.847946844  -12.855365503
    0.856797996   -1.396263402   13.538179306  -26.744363373  -12.613570004
    1.047197551   -1.396263402   11.208046602    3.445865258  -12.179397796
    1.237597106   -1.396263402   15.014906892   36.019837507  -11.240217452
    1.427996661   -1.396263402   24.444269553   60.953037567   -9.682790631
    1.618396215   -1.396263402   37.287314884   71.139132785   -7.612038059
    1.808795770   -1.396263402   50.487886400   64.881531936   -5.273778983
    1.999195325   -1.396263402   61.173221142   45.623516632   -2.956758906
    2.189594880   -1.396263402   67.436601336   19.573367951   -0.895778409
    2.379994435   -1.396263402   68.617299023   -6.767528275    0.768402425
    2.570393989   -1.396263402   65.184571756  -28.140262453    1.986512068
    2.760793544   -1.396263402   58.439115083  -41.181278075    2.772893209
    2.951193099   -1.396263402   50.141463923  -44.429933432    3.169777892

   -3.141592654   -1.047197551   39.689186294  -41.263230452    4.787532718
   -2.951193099   -1.047197551   33.002400800  -28.322242592    3.649302447
   -2.760793544   -1.047197551   29.102344401  -12.750181007    2.112649325
   -2.570393989   -1.047197551   28.020689536    0.611934659    0.283721545
   -2.379994435   -1.047197551   28.976008561    8.265747469   -1.823639646
   -2.189594880   -1.047197551   30.747184621    9.275237256   -4.319607057
   -1.999195325   -1.047197551   32.189548434    5.291302262   -7.368102653
   -1.808795770   -1.047197551   32.652891376   -0.413261855  -11.026851588
   -1.618396215   -1.047197551   32.142494570   -4.428913769  -15.085391705
   -1.427996661   -1.047197551   31.218137707   -4.551755674  -19.021846160
   -1.237597106   -1.047197551   30.685134097   -0.413979842  -22.137563282
   -1.047197551   -1.047197551   31.242898643    6.537096770  -23.819195031
   -0.856797996   -1.047197551   33.198571793   13.727626648  -23.778987650
   -0.666398442   -1.047197551   36.320364276   18.257657625  -22.152485131
   -0.475998887   -1.047197551   39.843723635   17.638880225  -19.418761261
   -0.285599332   -1.047197551   42.623118536   10.278893302  -16.208482305
   -0.095199777   -1.047197551   43.344527303   -3.771480512  -13.111991471
    0.095199777   -1.047197551   40.913681944  -22.232858860  -10.531392536
    0.285599332   -1.047197551   34.926555628  -40.075964718   -8.617341455
    0.475998887   -1.047197551   26.139279855  -50.465017865   -7.286774977
    0.666398442   -1.047197551   16.601773668  -47.156410745   -6.304654944
    0.856797996   -1.047197551    9.220320198  -27.936295359   -5.420937091
    1.047197551   -1.047197551    6.753754229    3.318595406   -4.465628918
    1.237597106   -1.047197551   10.682672333   37.451471938   -3.383325386
    1.427996661   -1.047197551   20.531998396   63.860952401   -2.195429558
    1.618396215   -1.047197551   34.027578817   74.956096606   -0.943785368
    1.808795770   -1.047197551   47.978741368   68.799505070    0.347508546
    1.999195325   -1.047197551   59.356601489   48.858318242    1.656855970
    2.189594880   -1.047197551   66.123306937   21.553198083    2.936761949
    2.379994435   -1.047197551   67.538329280   -6.302588861    4.091390361
    2.570393989   -1.047197551   64.051912490  -29.134245924    4.982626203
    2.760793544   -1.047197551   57.002246594  -43.306477148    5.459969799
    2.951193099   -1.047197551   48.232468813  -47.169228629    5.408680967

   -3.141592654   -0.698131701   40.006143220  -44.625066146    4.434232575
   -2.951193099   -0.698131701   32.605528153  -32.379189678    2.167773344
   -2.760793544   -0.698131701   27.901253564  -17.075639706   -0.484276105
   -2.570393989   -0.698131701   25.991643675   -3.744613841   -3.299804090
   -2.379994435   -0.698131701   26.110048566    3.789241909   -6.184863160
   -2.189594880   -0.698131701   26.991644330    4.344115067   -9.211023566
   -1.999195325   -0.698131701   27.428399787   -0.357807697  -12.506396638
   -1.808795770   -0.698131701   26.757414091   -6.591770937  -16.052268930
   -1.618396215   -0.698131701   25.081116047  -10.306989992  -19.514929758
   -1.427996661   -0.698131701   23.165742790   -8.854989327  -22.264348119
   -1.237597106   -0.698131701   22.061783745   -1.946155446  -23.602964110
   -1.047197551   -0.698131701   22.642511706    8.332426518  -23.098156051
   -0.856797996   -0.698131701   25.235724347   18.498115074  -20.807470679
   -0.666398442   -0.698131701   29.464789671   24.886820017  -17.268798184
   -0.475998887   -0.698131701   34.312893953   24.678381966  -13.275625453
   -0.285599332   -0.698131701   38.365563513   16.427603214   -9.571301974
   -0.095199777   -0.698131701   40.104361752    0.682033640   -6.599374129
    0.095199777   -0.698131701   38.342560128  -19.633924248   -4.407326583
    0.285599332   -0.698131701   32.703860590  -38.909515492   -2.711514208
    0.475998887   -0.698131701   24.062340813  -49.961003026   -1.097527425
    0.666398442   -0.698131701   14.621067865  -46.549249227    0.737191952
    0.856797996   -0.698131701    7.407982675  -26.749260921    2.797706464
    1.047197551   -0.698131701    5.232797867    5.156189515    4.800074345
    1.237597106   -0.698131701    9.557068066   39.702030499    6.361326700
    1.427996661   -0.698131701   19.849788052   66.212213519    7.239871930
    1.618396215   -0.698131701   33.785291829   77.199734143    7.475290894
    1.808795770   -0.698131701   48.147724281   70.870305731    7.341592706
    1.999195325   -0.698131701   59.902102960   50.734780145    7.170023345
    2.189594880   -0.698131701   67.000235120   23.130196931    7.159994347
    2.379994435   -0.698131701   68.668629241   -5.267938635    7.290123990
    2.570393989   -0.698131701   65.301007524  -28.977869986    7.345954777
    2.760793544   -0.698131701   58.173311549  -44.316708350    7.026784918
    2.951193099   -0.698131701   49.090696429  -49.442803842    6.087214295

   -3.141592654   -0.349065850   41.205605721  -49.055750246    3.298209044
   -2.951193099   -0.349065850   32.862102683  -37.749359872    0.339256794
   -2.760793544   -0.349065850   27.088944301  -22.836330193   -2.897621448
   -2.570393989   -0.349065850   24.079647975   -9.489268806   -6.117549551
   -2.379994435   -0.349065850   23.114554589   -1.860066515   -9.175614413
   -2.189594880   -0.349065850   22.917237586   -1.369105614  -12.112852576
   -1.999195325   -0.349065850   22.253194384   -6.184523297  -15.023706562
   -1.808795770   -0.349065850   20.491091561  -12.098465731  -17.833109881
   -1.618396215   -0.349065850   17.873778568  -14.473880481  -20.143490883
   -1.427996661   -0.349065850   15.393539301  -10.415533333  -21.316189549
   -1.237597106   -0.349065850   14.316708012   -0.018104823  -20.768083673
   -1.047197551   -0.349065850   15.600930865   13.692410690  -18.326957455
   -0.856797996   -0.349065850   19.460302194   26.181283650  -14.397996736
   -0.666398442   -0.349065850   25.235513305   33.131019621   -9.827754982
   -0.475998887   -0.349065850   31.565764765   31.744226642   -5.550291665
   -0.285599332   -0.349065850   36.758933600   21.235564309   -2.216778525
   -0.095199777   -0.349065850   39.182969723    3.138681798    0.043857685
    0.095199777   -0.349065850   37.726318558  -18.687513599    1.609487347
    0.285599332   -0.349065850   32.230481449  -38.125141869    3.142263119
    0.475998887   -0.349065850   23.823874528  -48.124819692    5.231700418
    0.666398442   -0.349065850   14.878412654  -43.190902603    8.066384426
    0.856797996   -0.349065850    8.420299602  -22.352148496   11.287552829
    1.047197551   -0.349065850    7.095541944    9.465698469   14.147693518
    1.237597106   -0.349065850   12.140249228   42.801078577   15.902634221
    1.427996661   -0.349065850   22.860444017   67.582682959   16.189831981
    1.618396215   -0.349065850   36.907517759   77.098959743   15.188428988
    1.808795770   -0.349065850   51.168659174   70.050674176   13.473050992
    1.999195325   -0.349065850   62.759029886   49.932895429   11.697346854
    2.189594880   -0.349065850   69.736393400   22.676466787   10.283127492
    2.379994435   -0.349065850   71.340154682   -5.559465295    9.284999037
    2.570393989   -0.349065850   67.889794769  -29.664301768    8.443109189
    2.760793544   -0.349065850   60.543969401  -46.013589723    7.353157413
    2.951193099   -0.349065850   51.009963320  -52.526445719    5.679876264

   -3.141592654    0.000000000   42.229342427  -54.235748508    1.335327129
   -2.951193099    0.000000000   32.820060701  -43.637033261   -1.547274536
   -2.760793544    0.000000000   25.910632708  -28.764327311   -4.480407428
   -2.570393989    0.000000000   21.812052784  -14.940454210   -7.227978364
   -2.379994435    0.000000000   19.869124087   -6.681282672   -9.699539684
   -2.189594880    0.000000000   18.804728613   -5.677060916  -11.952364459
   -1.999195325    0.000000000   17.364891829   -9.999108195  -14.041717292
   -1.808795770    0.000000000   14.952891512  -14.989671401  -15.825029330
   -1.618396215    0.000000000   11.942039452  -15.540124623  -16.875514839
   -1.427996661    0.000000000    9.509966993   -8.709474716  -16.637217730
   -1.237597106    0.000000000    9.057456868    4.815376596  -14.744761097
   -1.047197551    0.000000000   11.516366611   20.998541331  -11.321335946
   -0.856797996    0.000000000   16.883973356   34.412769110   -7.026346089
   -0.666398442    0.000000000   24.167923984   40.463351333   -2.795724328
   -0.475998887    0.000000000   31.695822145   36.831263476    0.570155939
   -0.285599332    0.000000000   37.609849911   23.757608323    2.739475763
   -0.095199777    0.000000000   40.324863221    3.880266086    3.988202480
    0.095199777    0.000000000   38.958976133  -18.193185604    5.044580383
    0.285599332    0.000000000   33.663997330  -36.284954371    6.748117198
    0.475998887    0.000000000   25.816121116  -44.041893510    9.629671508
    0.666398442    0.000000000   17.848264013  -37.173015766   13.598528622
    0.856797996    0.000000000   12.615175229  -15.827493615   17.899210898
    1.047197551    0.000000000   12.432493316   14.621874911   21.413938557
    1.237597106    0.000000000   18.208854847   45.173467772   23.183112197
    1.427996661    0.000000000   29.080150701   66.852948214   22.835435046
    1.618396215    0.000000000   42.749329788   74.066531670   20.709287876
    1.808795770    0.000000000   56.321872096   66.097390403   17.612413579
    1.999195325    0.000000000   67.173092831   46.289026153   14.415842195
    2.189594880    0.000000000   73.538375281   19.922813703   11.688987439
    2.379994435    0.000000000   74.693903846   -7.594832395    9.560582785
    2.570393989    0.000000000   70.871816218  -31.671244285    7.800492473
    2.760793544    0.000000000   63.083532098  -48.770412515    6.019729913
    2.951193099    0.000000000   52.911744491  -56.511499832    3.900651404

   -3.141592654    0.349065850   43.668957082  -58.377175550    0.796700565
   -2.951193099    0.349065850   33.413095644  -48.297031712   -1.076816841
   -2.760793544    0.349065850   25.600658136  -33.499093421   -2.871393966
   -2.570393989    0.349065850   20.625293855  -19.359176321   -4.509682944
   -2.379994435    0.349065850   17.885989770  -10.611154521   -5.995926077
   -2.189594880    0.349065850   16.121805010   -9.085305845   -7.392865904
   -1.999195325    0.349065850   14.093045602  -12.723603800   -8.706040732
   -1.808795770    0.349065850   11.264770800  -16.519493411   -9.759477082
   -1.618396215    0.349065850    8.136663318  -15.111248251  -10.176555304
   -1.427996661    0.349065850    6.021684847   -5.754259996   -9.551918964
   -1.237597106    0.349065850    6.367533501   10.142411543   -7.716235383
   -1.047197551    0.349065850    9.988992401   27.634851518   -4.926260891
   -0.856797996    0.349065850   16.617821482   40.745244343   -1.811276310
   -0.666398442    0.349065850   24.959177942   45.057519535    0.923978087
   -0.475998887    0.349065850   33.141496771   39.095620645    2.855653394
   -0.285599332    0.349065850   39.300117283   24.238061298    4.045600244
   -0.095199777    0.349065850   42.047025802    4.020613747    5.038725264
    0.095199777    0.349065850   40.816552186  -16.632621822    6.605104667
    0.285599332    0.349065850   36.065300100  -31.994053785    9.382414566
    0.475998887    0.349065850   29.321800447  -36.816345628   13.524904361
    0.666398442    0.349065850   22.926546623  -28.190958626   18.527096915
    0.856797996    0.349065850   19.402307969   -7.289630780   23.330595052
    1.047197551    0.349065850   20.615402421   20.394217905   26.716391778
    1.237597106    0.349065850   27.101677383   46.734733789   27.820187302
    1.427996661    0.349065850   37.856423901   64.203247263   26.476867616
    1.618396215    0.349065850   50.715665770   68.502322695   23.234730052
    1.808795770    0.349065850   63.099476623   59.497078088   19.044937487
    1.999195325    0.349065850   72.727828624   40.258875095   14.853398077
    2.189594880    0.349065850   78.071159108   15.274909503   11.269227325
    2.379994435    0.349065850   78.474889405  -10.912983391    8.467513958
    2.570393989    0.349065850   74.099627792  -34.298232050    6.290902059
    2.760793544    0.349065850   65.813901450  -51.488822314    4.436338190
    2.951193099    0.349065850   55.068626333  -59.876093640    2.644051412

   -3.141592654    0.698131701   45.412102271  -59.585060350   -0.250165600
   -2.951193099    0.698131701   34.891614432  -49.867101661   -0.706486246
   -2.760793544    0.698131701   26.739280994  -35.481047545   -0.957941981
   -2.570393989    0.698131701   21.351528729  -21.684173320   -1.146577684
   -2.379994435    0.698131701   18.146266367  -13.146529620   -1.408877706
   -2.189594880    0.698131701   15.893247890  -11.637892405   -1.829723856
   -1.999195325    0.698131701   13.400966834  -14.972634550   -2.391679087
   -1.808795770    0.698131701   10.209596019  -17.996838342   -2.951597318
   -1.618396215    0.698131701    6.913012642  -15.334784016   -3.274519842
   -1.427996661    0.698131701    4.895949291   -4.501148980   -3.148738386
   -1.237597106    0.698131701    5.603295955   12.591510455   -2.511427417
   -1.047197551    0.698131701    9.747690624   30.517757193   -1.504067647
   -0.856797996    0.698131701   16.894104456   43.163176790   -0.393657695
   -0.666398442    0.698131701   25.602941381   46.469571758    0.618568930
   -0.475998887    0.698131701   33.965479526   39.665706643    1.566779417
   -0.285599332    0.698131701   40.219216365   24.865022967    2.762506012
   -0.095199777    0.698131701   43.192271634    5.987426091    4.706192545
    0.095199777    0.698131701   42.557728061  -12.195277001    7.848361602
    0.285599332    0.698131701   38.926159143  -24.689868257   12.335675227
    0.475998887    0.698131701   33.800128941  -27.345303279   17.810029150
    0.666398442    0.698131701   29.281393146  -18.315026170   23.392203143
    0.856797996    0.698131701   27.496340987    0.712999574   27.906344428
    1.047197551    0.698131701   29.894627682   24.585153879   30.291784925
    1.237597106    0.698131701   36.737536160   46.267053163   30.022029958
    1.427996661    0.698131701   46.989443785   59.586757271   27.292599586
    1.618396215    0.698131701   58.692847575   61.286639542   22.892143827
    1.808795770    0.698131701   69.606651381   51.581865881   17.836729169
    1.999195325    0.698131701   77.789823053   33.200028786   13.009400841
    2.189594880    0.698131701   81.943985006    9.913298932    8.931353302
    2.379994435    0.698131701   81.502304764  -14.465753224    5.756336458
    2.570393989    0.698131701   76.594145967  -36.435897805    3.403456189
    2.760793544    0.698131701   67.988980863  -52.807158865    1.707272126
    2.951193099    0.698131701   57.024276362  -60.936176476    0.523586306

   -3.141592654    1.047197551   43.930742670  -60.205533473   -4.841179463
   -2.951193099    1.047197551   33.389151493  -49.497356380   -4.240271054
   -2.760793544    1.047197551   25.371727120  -34.497718429   -3.201022994
   -2.570393989    1.047197551   20.194234956  -20.526020371   -2.061982815
   -2.379994435    1.047197551   17.195041284  -12.183112508   -1.119726264
   -2.189594880    1.047197551   15.089052372  -11.066377833   -0.538890500
   -1.999195325    1.047197551   12.667297889  -14.786594580   -0.331816687
   -1.808795770    1.047197551    9.486258097  -18.043425421   -0.406764306
   -1.618396215    1.047197551    6.173145446  -15.439660780   -0.640539801
   -1.427996661    1.047197551    4.138269605   -4.585309420   -0.936430294
   -1.237597106    1.047197551    4.828562826   12.472822441   -1.226590569
   -1.047197551    1.047197551    8.940350673   30.271604646   -1.432585544
   -0.856797996    1.047197551   16.030613618   42.847047926   -1.418955262
   -0.666398442    1.047197551   24.699087752   46.456054531   -0.961473581
   -0.475998887    1.047197551   33.142146633   40.659819201    0.225984173
   -0.285599332    1.047197551   39.750523826   27.738850994    2.420460211
   -0.095199777    1.047197551   43.508042537   11.432317817    5.802921211
    0.095199777    1.047197551   44.172054946   -4.041647316   10.330750473
    0.285599332    1.047197551   42.301945248  -14.535596651   15.645763646
    0.475998887    1.047197551   39.181061972  -16.758600244   21.040660632
    0.666398442    1.047197551   36.555329917   -9.373985127   25.567236983
    0.856797996    1.047197551   36.158918985    6.089425424   28.301361061
    1.047197551    1.047197551   39.148778789   25.344078955   28.660672138
    1.237597106    1.047197551   45.700844508   42.583546929   26.626199379
    1.427996661    1.047197551   54.919220028   52.680496109   22.727036562
    1.618396215    1.047197551   65.134305084   52.833943553   17.802484502
    1.808795770    1.047197551   74.413448650   43.068802494   12.674404459
    1.999195325    1.047197551   81.047566807   25.537636678    7.929672338
    2.189594880    1.047197551   83.854576729    3.439899652    3.855384789
    2.379994435    1.047197551   82.295025199  -19.747427082    0.532001114
    2.570393989    1.047197551   76.489090677  -40.589300219   -2.028618619
    2.760793544    1.047197551   67.200391383  -55.820132261   -3.800323986
    2.951193099    1.047197551   55.774562726  -62.744715812   -4.737035134

   -3.141592654    1.396263402   39.048070469  -59.978684770  -11.183180071
   -2.951193099    1.396263402   28.752824921  -47.206427846  -10.335004633
   -2.760793544    1.396263402   21.315182352  -30.842203050   -8.735544490
   -2.570393989    1.396263402   16.890176417  -16.432523335   -6.769049450
   -2.379994435    1.396263402   14.643564476   -8.484767646   -4.801564530
   -2.189594880    1.396263402   13.159212968   -8.290580378   -3.065673244
   -1.999195325    1.396263402   11.160366509  -13.134292632   -1.649184682
   -1.808795770    1.396263402    8.186637581  -17.510649787   -0.574031929
   -1.618396215    1.396263402    4.875615620  -15.935091552    0.126856555
   -1.427996661    1.396263402    2.662936769   -5.922362458    0.410981011
   -1.237597106    1.396263402    3.047020305   10.667531989    0.317381717
   -1.047197551    1.396263402    6.820932897   28.642305418    0.057995005
   -0.856797996    1.396263402   13.685823691   42.255510285    0.014936405
   -0.666398442    1.396263402   22.412143286   47.787280035    0.636390012
   -0.475998887    1.396263402   31.347414626   44.572075226    2.275604908
   -0.285599332    1.396263402   38.966862978   34.434757189    5.072560190
   -0.095199777    1.396263402   44.236837672   20.496413027    8.910871571
    0.095199777    1.396263402   46.772594108    6.324014313   13.401246947
    0.285599332    1.396263402   46.874776043   -4.486043807   17.911817680
    0.475998887    1.396263402   45.491105587   -8.862077305   21.652336186
    0.666398442    1.396263402   44.036624120   -5.164999224   23.851246197
    0.856797996    1.396263402   44.025260579    5.899426717   24.014399869
    1.047197551    1.396263402   46.581472485   21.126692147   22.112370193
    1.237597106    1.396263402   52.042307307   35.589109529   18.594713614
    1.427996661    1.396263402   59.788551114   44.456156866   14.189835369
    1.618396215    1.396263402   68.424088261   44.613059765    9.607880927
    1.808795770    1.396263402   76.190858858   35.444353139    5.304670857
    1.999195325    1.396263402   81.435917031   18.541919450    1.441087036
    2.189594880    1.396263402   82.956387271   -3.106115676   -2.013705667
    2.379994435    1.396263402   80.188219626  -25.869518056   -5.107590914
    2.570393989    1.396263402   73.279128578  -45.967540262   -7.778781498
    2.760793544    1.396263402   63.083338461  -59.847456986   -9.834633093
    2.951193099    1.396263402   51.068489510  -64.797224183  -11.025814149

   -3.141592654    1.745329252   32.488702476  -59.506260278  -17.112031945
   -2.951193099    1.745329252   22.511676475  -44.417279970  -16.418504181
   -2.760793544    1.745329252   15.770359534  -26.481858160  -14.659320273
   -2.570393989    1.745329252   12.244038176  -11.528000868  -12.164047772
   -2.379994435    1.745329252   10.908161050   -3.948240647   -9.298090439
   -2.189594880    1.745329252   10.205984302   -4.669682518   -6.331488645
   -1.999195325    1.745329252    8.791251229  -10.639149179   -3.416470123
   -1.808795770    1.745329252    6.181386813  -16.192225224   -0.668920866
   -1.618396215    1.745329252    3.010226108  -15.781372377    1.746591240
   -1.427996661    1.745329252    0.729650514   -6.739431864    3.630338634
   -1.237597106    1.745329252    0.908444687    9.449729848    4.874934648
   -1.047197551    1.745329252    4.488938593   28.000494636    5.596489460
   -0.856797996    1.745329252   11.375439156   43.288952258    6.143446795
   -0.666398442    1.745329252   20.524704160   51.271526627    6.961934141
   -0.475998887    1.745329252   30.372996784   50.631238141    8.389710550
   -0.285599332    1.745329252   39.348930526   42.471491505   10.509622946
   -0.095199777    1.745329252   46.247456570   29.333153898   13.111918240
    0.095199777    1.745329252   50.424040289   14.453970669   15.729403657
    0.285599332    1.745329252   51.882770874    1.386739545   17.742011845
    0.475998887    1.745329252   51.300829781   -6.476093556   18.535507764
    0.666398442    1.745329252   49.921529164   -6.758265006   17.699831399
    0.856797996    1.745329252   49.257208316    0.804345126   15.228615222
    1.047197551    1.745329252   50.610813501   13.858848163   11.556767074
    1.237597106    1.745329252   54.612904991   27.788979229    7.400812484
    1.427996661    1.745329252   60.930324882   37.392104640    3.454165864
    1.618396215    1.745329252   68.335515176   38.752254491    0.112320993
    1.808795770    1.745329252   75.080837321   30.479708743   -2.629342882
    1.999195325    1.745329252   79.413394577   13.808767615   -5.050066851
    2.189594880    1.745329252   80.010341048   -8.121685599   -7.472820956
    2.379994435    1.745329252   76.252736156  -31.195393957  -10.050575995
    2.570393989    1.745329252   68.337734628  -51.074649064  -12.671939718
    2.760793544    1.745329252   57.258851203  -63.844406183  -14.998074226
    2.951193099    1.745329252   44.659331182  -66.800843838  -16.595671166

   -3.141592654    2.094395102   25.382653283  -60.094847038  -18.807402712
   -2.951193099    2.094395102   15.504598607  -42.818060029  -17.972703102
   -2.760793544    2.094395102    9.254611913  -23.016303205  -15.996571248
   -2.570393989    2.094395102    6.518567661   -6.808123596  -13.163424955
   -2.379994435    2.094395102    6.151283906    1.414617521   -9.811905636
   -2.189594880    2.094395102    6.496385786    0.912241941   -6.192871672
   -1.999195325    2.094395102    6.143931125   -5.106285452   -2.442808836
   -1.808795770    2.094395102    4.562889539  -10.974950888    1.320622873
   -1.618396215    2.094395102    2.328703372  -11.222722025    4.887339408
   -1.427996661    2.094395102    0.830137072   -3.119035874    7.954572371
   -1.237597106    2.094395102    1.608207739   12.155182231   10.265332471
   -1.047197551    2.094395102    5.649399663   30.226255192   11.772924318
   -0.856797996    2.094395102   12.966932528   45.694639902   12.685584395
   -0.666398442    2.094395102   22.635930922   54.373120387   13.342868700
   -0.475998887    2.094395102   33.151053012   54.489589212   14.006973363
   -0.285599332    2.094395102   42.899587424   46.604534328   14.713809521
   -0.095199777    2.094395102   50.541175464   32.826494779   15.244364119
    0.095199777    2.094395102   55.235976688   16.218896865   15.200050006
    0.285599332    2.094395102   56.788932471    0.483475283   14.147511838
    0.475998887    2.094395102   55.741630552  -10.480999115   11.798937000
    0.666398442    2.094395102   53.326928092  -13.485537565    8.176556863
    0.856797996    2.094395102   51.210560024   -7.453019107    3.714261163
    1.047197551    2.094395102   50.975639081    5.714838557   -0.844391902
    1.237597106    2.094395102   53.557867620   21.204079198   -4.720061080
    1.427996661    2.094395102   58.829559461   33.018611366   -7.426650718
    1.618396215    2.094395102   65.593219414   36.262104053   -8.962114303
    1.808795770    2.094395102   71.965196855   28.856272625   -9.758647416
    1.999195325    2.094395102   75.979521449   11.926766804  -10.429109246
    2.189594880    2.094395102   76.130768204  -10.981998788  -11.472050224
    2.379994435    2.094395102   71.723560532  -35.104821875  -13.073462870
    2.570393989    2.094395102   63.003452203  -55.483712124  -15.068302019
    2.760793544    2.094395102   51.108552889  -67.832600642  -17.027316369
    2.951193099    2.094395102   37.865834814  -69.418063340  -18.421920295

   -3.141592654    2.443460953   19.270532428  -60.105342974  -13.544111659
   -2.951193099    2.443460953    9.572229128  -40.934832502  -12.478865754
   -2.760793544    2.443460953    3.850627241  -19.420403036  -10.551919226
   -2.570393989    2.443460953    1.930105488   -1.921347493   -7.922382732
   -2.379994435    2.443460953    2.583041674    7.183467201   -4.775540763
   -2.189594880    2.443460953    4.090147158    7.316577507   -1.221499098
   -1.999195325    2.443460953    5.005191649    1.768309130    2.703430347
   -1.808795770    2.443460953    4.757623445   -3.914585415    6.923210092
   -1.618396215    2.443460953    3.846310177   -4.495777695   11.194133525
   -1.427996661    2.443460953    3.547580091    2.656439085   15.092048144
   -1.237597106    2.443460953    5.298625517   16.555199393   18.153803266
   -1.047197551    2.443460953   10.042778897   33.237161603   20.078919876
   -0.856797996    2.443460953   17.825952749   47.638469642   20.841102081
   -0.666398442    2.443460953   27.794335012   55.613153869   20.627246790
   -0.475998887    2.443460953   38.490145200   55.128348604   19.665681510
   -0.285599332    2.443460953   48.284073550   46.365630658   18.070424782
   -0.095199777    2.443460953   55.753802725   31.152812438   15.784797953
    0.095199777    2.443460953   59.945748461   12.521289507   12.645622817
    0.285599332    2.443460953   60.573048357   -5.558876699    8.531003563
    0.475998887    2.443460953   58.164713311  -18.647931904    3.532152253
    0.666398442    2.443460953   54.059241942  -22.865425659   -1.941727733
    0.856797996    2.443460953   50.151987554  -16.602960178   -7.175133450
    1.047197551    2.443460953   48.318897392   -1.681944375  -11.361128982
    1.237597106    2.443460953   49.746598768   16.577248002  -13.911197321
    1.427996661    2.443460953   54.415980193   31.255666093  -14.709896268
    1.618396215    2.443460953   61.056803985   36.547500079  -14.156654977
    1.808795770    2.443460953   67.573737081   29.871882489  -12.973822111
    1.999195325    2.443460953   71.748895564   12.432914839  -11.896849351
    2.189594880    2.443460953   71.884457709  -11.709753574  -11.409223151
    2.379994435    2.443460953   67.210668633  -37.124167852  -11.632051318
    2.570393989    2.443460953   58.021049186  -58.266224979  -12.365407152
    2.760793544    2.443460953   45.591121921  -70.511015526  -13.212126177
    2.951193099    2.443460953   31.920973409  -71.090897809  -13.726187605

   -3.141592654    2.792526803   15.968011402  -59.418760503    0.726957262
   -2.951193099    2.792526803    6.507504027  -39.118990449    2.755659086
   -2.760793544    2.792526803    1.246089946  -16.424011315    4.734802258
   -2.570393989    2.792526803    0.000000000    2.133526512    6.619001865
   -2.379994435    2.792526803    1.513877366   12.147907414    8.519717120
   -2.189594880    2.792526803    4.047124095   13.121504746   10.694804458
   -1.999195325    2.792526803    6.145099652    8.372880746   13.418034448
   -1.808795770    2.792526803    7.218597256    3.298942226   16.775840347
   -1.618396215    2.792526803    7.702262275    2.831859890   20.510685479
   -1.427996661    2.792526803    8.750550999    9.339507789   24.039866366
   -1.237597106    2.792526803   11.648937053   21.806891740   26.663594723
   -1.047197551    2.792526803   17.210952957   36.517033558   27.851467189
   -0.856797996    2.792526803   25.412762623   48.745008259   27.429021625
   -0.666398442    2.792526803   35.386558159   54.567887603   25.556699684
   -0.475998887    2.792526803   45.682115957   51.965187679   22.558406097
   -0.285599332    2.792526803   54.667077325   41.010268344   18.731067134
   -0.095199777    2.792526803   60.899453203   23.502677770   14.244544083
    0.095199777    2.792526803   63.421534871    2.680330563    9.176323884
    0.285599332    2.792526803   62.007595536  -17.013504335    3.637119047
    0.475998887    2.792526803   57.353346435  -30.547184926   -2.090407898
    0.666398442    2.792526803   51.066191895  -33.586306312   -7.498375894
    0.856797996    2.792526803   45.359466176  -24.530758631  -11.924816547
    1.047197551    2.792526803   42.371318282   -5.772712613  -14.778231330
    1.237597106    2.792526803   43.397772893   16.385524239  -15.790640973
    1.427996661    2.792526803   48.333747704   34.035241723  -15.144008979
    1.618396215    2.792526803   55.667819760   40.793598166  -13.388596906
    1.808795770    2.792526803   63.010152596   34.085258916  -11.195177395
    1.999195325    2.792526803   67.898016001   15.596695533   -9.094306789
    2.189594880    2.792526803   68.500568965   -9.972801722   -7.323439954
    2.379994435    2.792526803   64.029941844  -36.661574131   -5.841495537
    2.570393989    2.792526803   54.843032841  -58.605241191   -4.451452179
    2.760793544    2.792526803   42.319534811  -71.056404402   -2.945502439
    2.951193099    2.792526803   28.573821790  -71.258785736   -1.212840467
