#! FIELDS phi psi file.free der_phi der_psi
#! SET min_phi -pi
#! SET max_phi pi
#! SET nbins_phi  33
#! SET periodic_phi true
#! SET min_psi -pi
#! SET max_psi pi
#! SET nbins_psi  18
#! SET periodic_psi true
   -3.141592654   -3.141592654   19.167351419  -56.339765600   15.812282493
   -2.951193099   -3.141592654   10.155888851  -37.455783891   18.492999331
   -2.760793544   -3.141592654    5.110617838  -15.704192246   20.281720856
   -2.570393989   -3.141592654    3.974130804    2.726030212   21.287228456
   -2.379994435   -3.141592654    5.662735225   13.543967681   21.900718703
   -2.189594880   -3.141592654    8.602064684   16.088340610   22.663125794
   -1.999195325   -3.141592654   11.443131313   13.212042084   24.026266873
   -1.808795770   -3.141592654   13.592320559    9.636718798   26.117055347
   -1.618396215   -3.141592654   15.345652697    9.614041870   28.613808526
   -1.427996661   -3.141592654   17.610869533   15.090429678   30.832923849
   -1.237597106   -3.141592654   21.387984080   25.088848865   31.990908056
   -1.047197551   -3.141592654   27.257564264   36.382756585   31.523417009
   -0.856797996   -3.141592654   35.082967797   44.956978017   29.287926367
   -0.666398442   -3.141592654   44.015238468   47.533484679   25.542586536
   -0.475998887   -3.141592654   52.722522523   42.476643872   20.763800656
   -0.285599332   -3.141592654   59.738917936   29.982922781   15.420307259
   -0.095199777   -3.141592654   63.795228572   11.824536340    9.830041752
    0.095199777   -3.141592654   64.098084422   -8.803424940    4.175771688
    0.285599332   -3.141592654   60.583790088  -27.433405636   -1.377856748
    0.475998887   -3.141592654   54.117872683  -39.001398389   -6.548157281
    0.666398442   -3.141592654   46.473668502  -39.260592323  -10.893851411
    0.856797996   -3.141592654   39.988532001  -26.984334040  -13.911173854
    1.047197551   -3.141592654   36.827258014   -5.206296648  -15.241662353
    1.237597106   -3.141592654   38.184979257   19.137966533  -14.863531748
    1.427996661   -3.141592654   43.762392508   37.856840436  -13.114983118
    1.618396215   -3.141592654   51.849743707   44.797706058  -10.537980593
    1.808795770   -3.141592654   59.941404694   37.967254943   -7.629463019
    1.999195325   -3.141592654   65.572175825   19.596070834   -4.664693154
    2.189594880   -3.141592654   66.980648496   -5.441049394   -1.660002494
    2.379994435   -3.141592654   63.439929824  -31.430180956    1.515903588
    2.570393989   -3.141592654   55.296627309  -52.955628146    4.977115712
    2.760793544   -3.141592654   43.839624311  -65.633074274    8.691235677
    2.951193099   -3.141592654   31.047868496  -66.774915697   12.425541903

   -3.141592654   -2.792526803   26.467054475  -50.783131114   23.759135399
   -2.951193099   -2.792526803   18.306813795  -34.143189800   26.438273062
   -2.760793544   -2.792526803   13.674838807  -14.611289139   27.812357823
   -2.570393989   -2.792526803   12.588753692    2.335546222   28.132621011
   -2.379994435   -2.792526803   14.156984968   12.888060045   27.970331163
   -2.189594880   -2.792526803   17.046201170   16.392675109   27.995304749
   -1.999195325   -2.792526803   20.100069076   15.202675186   28.681595164
   -1.808795770   -2.792526803   22.787259829   13.202940164   30.084371225
   -1.618396215   -2.792526803   25.297874769   13.783521204   31.775927634
   -1.427996661   -2.792526803   28.295271730   18.342913295   32.998252475
   -1.237597106   -2.792526803   32.479361573   25.895818377   32.957072605
   -1.047197551   -2.792526803   38.182921329   33.744966969   31.140320889
   -0.856797996   -2.792526803   45.157430329   38.711435966   27.502061859
   -0.666398442   -2.792526803   52.600817027   38.307990978   22.424027342
   -0.475998887   -2.792526803   59.351754895   31.368112132   16.517235254
   -0.285599332   -2.792526803   64.166672074   18.158084332   10.376125669
   -0.095199777   -2.792526803   65.982572666    0.262884316    4.409905278
    0.095199777   -2.792526803   64.168213871  -19.369700434   -1.147875027
    0.285599332   -2.792526803   58.784137985  -36.404466277   -6.128906461
    0.475998887   -2.792526803   50.806930480  -45.802944832  -10.299374462
    0.666398442   -2.792526803   42.116357083  -43.370339584  -13.327951832
    0.856797996   -2.792526803   35.128518076  -28.126515782  -14.891355875
    1.047197551   -2.792526803   32.019012578   -3.580742257  -14.846631443
    1.237597106   -2.792526803   33.896856882   22.843253952  -13.359285233
    1.427996661   -2.792526803   40.303207106   42.713719377  -10.850818996
    1.618396215   -2.792526803   49.358962423   50.022073231   -7.812110678
    1.808795770   -2.792526803   58.448536865   43.211781415   -4.582313357
    1.999195325   -2.792526803   65.086698931   24.987099880   -1.249781974
    2.189594880   -2.792526803   67.565405517    0.476348452    2.310242243
    2.379994435   -2.792526803   65.228750465  -24.677553000    6.274673336
    2.570393989   -2.792526803   58.451277529  -45.410499374   10.695061949
    2.760793544   -2.792526803   48.468980160  -57.823012344   15.388557913
    2.951193099   -2.792526803   37.120542354  -59.605866474   19.925121074

   -3.141592654   -2.443460953   34.668098269  -44.961359924   22.332697904
   -2.951193099   -2.443460953   27.409533893  -30.557214677   24.513375294
   -2.760793544   -2.443460953   23.243469809  -13.242583555   25.492469063
   -2.570393989   -2.443460953   22.255614146    2.154275654   25.502768439
   -2.379994435   -2.443460953   23.725468371   12.221860767   25.028402357
   -2.189594880   -2.443460953   26.523644956   16.234321689   24.599956368
   -1.999195325   -2.443460953   29.637765791   16.011698119   24.549664593
   -1.808795770   -2.443460953   32.551461330   14.655287309   24.856409044
   -1.618396215   -2.443460953   35.322601264   14.861912411   25.134348083
   -1.427996661   -2.443460953   38.384809835   17.733994598   24.792701547
   -1.237597106   -2.443460953   42.202628017   22.538510626   23.278483390
   -1.047197551   -2.443460953   46.968098833   27.274301169   20.315978364
   -0.856797996   -2.443460953   52.445081924   29.603844643   16.023757721
   -0.666398442   -2.443460953   57.986485373   27.660080128   10.852544687
   -0.475998887   -2.443460953   62.664046324   20.458971891    5.399882294
   -0.285599332   -2.443460953   65.461134798    8.015780937    0.196188013
   -0.095199777   -2.443460953   65.469285275   -8.513527821   -4.448803889
    0.095199777   -2.443460953   62.132717811  -26.557171791   -8.423063320
    0.285599332   -2.443460953   55.537284137  -41.918576612  -11.704221199
    0.475998887   -2.443460953   46.678931265  -49.500945446  -14.221851794
    0.666398442   -2.443460953   37.473837826  -45.033405332  -15.800295589
    0.856797996   -2.443460953   30.373992002  -27.621860090  -16.234916568
    1.047197551   -2.443460953   27.554952101   -1.080235327  -15.424911061
    1.237597106   -2.443460953   30.059788454   26.834780555  -13.489942088
    1.427996661   -2.443460953   37.315537338   47.539871746  -10.744274476
    1.618396215   -2.443460953   47.326233157   55.170174462   -7.564409762
    1.808795770   -2.443460953   57.411054167   48.517517196   -4.217810812
    1.999195325   -2.443460953   65.087160443   30.633115783   -0.790058028
    2.189594880   -2.443460953   68.699947177    6.792858635    2.794625721
    2.379994435   -2.443460953   67.649871226  -17.475237174    6.651676406
    2.570393989   -2.443460953   62.321936582  -37.447618670   10.795852490
    2.760793544   -2.443460953   53.887504735  -49.663927270   15.055123570
    2.951193099   -2.443460953   44.042422086  -52.146758463   19.054955252

   -3.141592654   -2.094395102   41.015230974  -40.866009222   13.926180686
   -2.951193099   -2.094395102   34.379429215  -28.145539252   15.183447310
   -2.760793544   -2.094395102   30.514675685  -12.439268068   15.733388021
   -2.570393989   -2.094395102   29.562784231    1.835033622   15.704534978
   -2.379994435   -2.094395102   30.919211339   11.459588941   15.324694266
   -2.189594880   -2.094395102   33.574752786   15.554598484   14.803248833
   -1.999195325   -2.094395102   36.577828420   15.498524728   14.212719752
   -1.808795770   -2.094395102   39.377996022   13.867021366   13.444430917
   -1.618396215   -2.094395102   41.910604327   13.004255067   12.252279379
   -1.427996661   -2.094395102   44.451744490   14.009738238   10.381305397
   -1.237597106   -2.094395102   47.344758973   16.537342511    7.699705119
   -1.047197551   -2.094395102   50.761486215   19.214480458    4.289714157
   -0.856797996   -2.094395102   54.570029553   20.324209441    0.444430754
   -0.666398442   -2.094395102   58.320344767   18.331954827   -3.432405658
   -0.475998887   -2.094395102   61.304510395   12.165904923   -6.965005614
   -0.285599332   -2.094395102   62.674539148    1.379521102   -9.920639935
   -0.095199777   -2.094395102   61.586180497  -13.418623910  -12.279936604
    0.095199777   -2.094395102   57.456228234  -30.047307111  -14.167875783
    0.285599332   -2.094395102   50.300679237  -44.351113354  -15.736522202
    0.475998887   -2.094395102   41.067662686  -50.982374300  -17.023862882
    0.666398442   -2.094395102   31.685418881  -45.353397912  -17.881843173
    0.856797996   -2.094395102   24.662319713  -26.433898757  -18.038392939
    1.047197551   -2.094395102   22.228214442    1.784245580  -17.238445322
    1.237597106   -2.094395102   25.425736067   31.189725817  -15.405036915
    1.427996661   -2.094395102   33.616226962   52.903503694  -12.695267915
    1.618396215   -2.094395102   44.700247212   60.995637813   -9.435528038
    1.808795770   -2.094395102   55.907568960   54.431820792   -5.971405685
    1.999195325   -2.094395102   64.709176072   36.539731608   -2.557741181
    2.189594880   -2.094395102   69.453340388   12.788951745    0.699719546
    2.379994435   -2.094395102   69.564553809  -11.273002316    3.799693716
    2.570393989   -2.094395102   65.435502130  -31.091419388    6.758640247
    2.760793544   -2.094395102   58.202243917  -43.488122298    9.535500063
    2.951193099   -2.094395102   49.472849816  -46.714637663   11.989518774

   -3.141592654   -1.745329252   44.053202800  -38.720272200    6.042714005
   -2.951193099   -1.745329252   37.745336587  -26.879977225    6.434896858
   -2.760793544   -1.745329252   34.030200443  -12.135520842    6.494703018
   -2.570393989   -1.745329252   33.049724849    1.253061824    6.254028740
   -2.379994435   -1.745329252   34.223497037   10.144271125    5.735185780
   -2.189594880   -1.745329252   36.565580609   13.572310123    4.908938417
   -1.999195325   -1.745329252   39.118588052   12.719192965    3.678747875
   -1.808795770   -1.745329252   41.291213575   10.006674280    1.917782131
   -1.618396215   -1.745329252   42.965191438    7.827011241   -0.455449805
   -1.427996661   -1.745329252   44.395660926    7.562332722   -3.389854078
   -1.237597106   -1.745329252   45.973277588    9.284052462   -6.668977866
   -1.047197551   -1.745329252   47.993924716   11.966461445   -9.944083832
   -0.856797996   -1.745329252   50.497103868   14.012706879  -12.828387375
   -0.666398442   -1.745329252   53.197077175   13.706321973  -15.014848738
   -0.475998887   -1.745329252   55.490715667    9.562491549  -16.364575649
   -0.285599332   -1.745329252   56.546489266    0.612729385  -16.933473995
   -0.095199777   -1.745329252   55.441551965  -12.948261453  -16.966196686
    0.095199777   -1.745329252   51.455882633  -29.129895035  -16.795755953
    0.285599332   -1.745329252   44.462736093  -43.641105515  -16.724557511
    0.475998887   -1.745329252   35.321210978  -50.720053739  -16.885302884
    0.666398442   -1.745329252   25.964305045  -45.265193165  -17.160258111
    0.856797996   -1.745329252   18.991297892  -25.875114785  -17.226141757
    1.047197551   -1.745329252   16.762733202    3.476996176  -16.692617196
    1.237597106   -1.745329252   20.421710984   34.354863022  -15.299148595
    1.427996661   -1.745329252   29.349869863   57.416103270  -13.036475569
    1.618396215   -1.745329252   41.383619677   66.347758914  -10.146899761
    1.808795770   -1.745329252   53.640620136   59.990098815   -6.999916267
    1.999195325   -1.745329252   63.478875290   41.797938885   -3.959889416
    2.189594880   -1.745329252   69.174011962   17.495277997   -1.267161822
    2.379994435   -1.745329252   70.127626728   -7.126678789    0.981067006
    2.570393989   -1.745329252   66.743463631  -27.397347979    2.793468716
    2.760793544   -1.745329252   60.176350744  -40.187704716    4.222262411
    2.951193099   -1.745329252   52.032881490  -43.888385627    5.302925166

   -3.141592654   -1.396263402   42.993127034  -39.345976213    3.200069735
   -2.951193099   -1.396263402   36.584964450  -27.300274110    2.805245083
   -2.760793544   -1.396263402   32.808809257  -12.387332839    2.187696370
   -2.570393989   -1.396263402   31.777516338    0.908736993    1.364030063
   -2.379994435   -1.396263402   32.843962633    9.276806829    0.265198017
   -2.189594880   -1.396263402   34.931456590   11.682317960   -1.269809438
   -1.999195325   -1.396263402   36.992266266    9.388904235   -3.430067570
   -1.808795770   -1.396263402   38.378451626    5.085208612   -6.313742678
   -1.618396215   -1.396263402   38.982470779    1.601347097   -9.810462550
   -1.427996661   -1.396263402   39.161137402    0.802036816  -13.558728850
   -1.237597106   -1.396263402   39.487329371    3.097106459  -17.027628167
   -1.047197551   -1.396263402   40.474347055    7.466519131  -19.687051079
   -0.856797996   -1.396263402   42.345908013   11.957124237  -21.179823290
   -0.666398442   -1.396263402   44.905751581   14.254737960  -21.418401468
   -0.475998887   -1.396263402   47.519808913   12.262067231  -20.578923182
   -0.285599332   -1.396263402   49.224117056    4.545433559  -19.016641037
   -0.095199777   -1.396263402   48.898051036   -8.882649988  -17.180587254
    0.095199777   -1.396263402   45.616671862  -25.945886298  -15.499872174
    0.285599332   -1.396263402   39.090843303  -41.982207479  -14.282487607
    0.475998887   -1.396263402   30.109255766  -50.651756507  -13.621755530
    0.666398442   -1.396263402   20.654926749  -46.219192517  -13.354733999
    0.856797996   -1.396263402   13.483136592  -26.824620692  -13.133884390
    1.047197551   -1.396263402   11.162080486    3.603787134  -12.567044320
    1.237597106   -1.396263402   15.006863994   36.228529210  -11.387210934
    1.427996661   -1.396263402   24.466210650   61.049597058   -9.553308421
    1.618396215   -1.396263402   37.315472547   71.133291538   -7.242069680
    1.808795770   -1.396263402   50.521014350   64.992070971   -4.746193940
    1.999195325   -1.396263402   61.260437789   46.129162299   -2.366122345
    2.189594880   -1.396263402   67.667985907   20.581848838   -0.319346378
    2.379994435   -1.396263402   69.076007231   -5.438743051    1.279070299
    2.570393989   -1.396263402   65.893958883  -26.906808572    2.398816226
    2.760793544   -1.396263402   59.337556338  -40.488879144    3.060242153
    2.951193099   -1.396263402   51.097427015  -44.530979323    3.307950100

   -3.141592654   -1.047197551   40.590195742  -42.409205025    4.118992540
   -2.951193099   -1.047197551   33.639346682  -29.871942780    2.926947178
   -2.760793544   -1.047197551   29.442846606  -14.229542723    1.373374586
   -2.570393989   -1.047197551   28.118113612   -0.402847828   -0.430543943
   -2.379994435   -1.047197551   28.939761621    7.888568553   -2.467763390
   -2.189594880   -1.047197551   30.694288052    9.449647486   -4.847607277
   -1.999195325   -1.047197551   32.201857641    5.757539150   -7.735357918
   -1.808795770   -1.047197551   32.758059859    0.059541655  -11.194135225
   -1.618396215   -1.047197551   32.322564816   -4.122518458  -15.026505872
   -1.427996661   -1.047197551   31.438273458   -4.416332505  -18.733164666
   -1.237597106   -1.047197551   30.922359609   -0.336972458  -21.647058218
   -1.047197551   -1.047197551   31.498986867    6.682505135  -23.188979288
   -0.856797996   -1.047197551   33.492663907   13.985799813  -23.099600692
   -0.666398442   -1.047197551   36.668722381   18.549345632  -21.527138443
   -0.475998887   -1.047197551   40.237999449   17.803207456  -18.943515162
   -0.285599332   -1.047197551   43.022251624   10.147940722  -15.953637194
   -0.095199777   -1.047197551   43.682895813   -4.275590618  -13.110363987
    0.095199777   -1.047197551   41.124336211  -23.040945508  -10.774849432
    0.285599332   -1.047197551   34.970084551  -40.969794989   -9.059903051
    0.475998887   -1.047197551   26.027523469  -51.144925696   -7.850672073
    0.666398442   -1.047197551   16.402039589  -47.363928136   -6.890373988
    0.856797996   -1.047197551    9.034523632  -27.582749732   -5.922850001
    1.047197551   -1.047197551    6.677524091    4.077266239   -4.794899348
    1.237597106   -1.047197551   10.763163896   38.282723094   -3.492035448
    1.427996661   -1.047197551   20.751596840   64.461652549   -2.093892425
    1.618396215   -1.047197551   34.330335839   75.246075638   -0.700411990
    1.808795770   -1.047197551   48.321209044   68.983174126    0.627182447
    1.999195325   -1.047197551   59.749614413   49.266361553    1.864138478
    2.189594880   -1.047197551   66.631908774   22.371527276    2.992534262
    2.379994435   -1.047197551   68.234329206   -5.196359212    3.961338165
    2.570393989   -1.047197551   64.955030009  -28.136745561    4.672595689
    2.760793544   -1.047197551   58.047605093  -42.872592138    4.997394014
    2.951193099   -1.047197551   49.283422898  -47.557225194    4.827023497

   -3.141592654   -0.698131701   40.668731770  -45.745502411    3.341537834
   -2.951193099   -0.698131701   33.016326564  -33.829156376    1.181797898
   -2.760793544   -0.698131701   28.040410815  -18.396018170   -1.346152008
   -2.570393989   -0.698131701   25.923096282   -4.546859262   -4.037060115
   -2.379994435   -0.698131701   25.953304877    3.678077200   -6.801532826
   -2.189594880   -0.698131701   26.873945730    4.837645934   -9.705333145
   -1.999195325   -0.698131701   27.441095935    0.471393010  -12.866776894
   -1.808795770   -0.698131701   26.934333647   -5.739013329  -16.262282460
   -1.618396215   -0.698131701   25.403316366   -9.650862069  -19.566292262
   -1.427996661   -0.698131701   23.586863367   -8.462155467  -22.171585592
   -1.237597106   -0.698131701   22.535423439   -1.762981122  -23.412830493
   -1.047197551   -0.698131701   23.137674838    8.395825716  -22.885791369
   -0.856797996   -0.698131701   25.735211501   18.488582059  -20.660240701
   -0.666398442   -0.698131701   29.953231526   24.770922766  -17.260757865
   -0.475998887   -0.698131701   34.762615297   24.375882317  -13.443931202
   -0.285599332   -0.698131701   38.733087824   15.863495150   -9.904549676
   -0.095199777   -0.698131701   40.338247327   -0.143829377   -7.044147417
    0.095199777   -0.698131701   38.401870961  -20.608506679   -4.890335846
    0.285599332   -0.698131701   32.580034620  -39.806391312   -3.165355480
    0.475998887   -0.698131701   23.796848202  -50.499169808   -1.476810097
    0.666398442   -0.698131701   14.305861698  -46.502044602    0.454673077
    0.856797996   -0.698131701    7.162745541  -26.068840632    2.619173896
    1.047197551   -0.698131701    5.162276252    6.263303245    4.723549845
    1.237597106   -0.698131701    9.706595834   40.838762233    6.372361971
    1.427996661   -0.698131701   20.186653525   67.002645356    7.300221199
    1.618396215   -0.698131701   34.225295349   77.502750069    7.514462542
    1.808795770   -0.698131701   48.610942035   70.868326760    7.264562651
    1.999195325   -0.698131701   60.363951597   50.793092574    6.883107018
    2.189594880   -0.698131701   67.501860696   23.517470119    6.605207530
    2.379994435   -0.698131701   69.275692096   -4.575707510    6.468748663
    2.570393989   -0.698131701   66.044352562  -28.301809550    6.318195029
    2.760793544   -0.698131701   59.009567523  -44.077800202    5.887002130
    2.951193099   -0.698131701   49.907345092  -49.903780603    4.932999680

   -3.141592654   -0.349065850   41.510400505  -49.879751181    2.071744656
   -2.951193099   -0.349065850   32.976512093  -38.863549613   -0.622919138
   -2.760793544   -0.349065850   26.994327460  -23.842437868   -3.608674225
   -2.570393989   -0.349065850   23.832781108  -10.024457077   -6.626364326
   -2.379994435   -0.349065850   22.826174958   -1.743829353   -9.540539160
   -2.189594880   -0.349065850   22.709420166   -0.661805619  -12.379849474
   -1.999195325   -0.349065850   22.217025093   -5.134253181  -15.217106236
   -1.808795770   -0.349065850   20.661882017  -11.022735508  -17.961222363
   -1.618396215   -0.349065850   18.229756882  -13.631129163  -20.214807194
   -1.427996661   -0.349065850   15.875894816   -9.932341695  -21.356229694
   -1.237597106   -0.349065850   14.855369138    0.107439656  -20.826730991
   -1.047197551   -0.349065850   16.134501943   13.535252974  -18.469503000
   -0.856797996   -0.349065850   19.943503496   25.829430152  -14.683859121
   -0.666398442   -0.349065850   25.638025416   32.644908141  -10.283606144
   -0.475998887   -0.349065850   31.866008119   31.164233573   -6.151450899
   -0.285599332   -0.349065850   36.941662529   20.590932817   -2.886756073
   -0.095199777   -0.349065850   39.239465315    2.471358627   -0.588700846
    0.095199777   -0.349065850   37.658550895  -19.305536382    1.112514841
    0.285599332   -0.349065850   32.058225925  -38.573734780    2.835978970
    0.475998887   -0.349065850   23.593958485  -48.248235438    5.112672672
    0.666398442   -0.349065850   14.666755385  -42.854662983    8.083614093
    0.856797996   -0.349065850    8.318406819  -21.543037490   11.369608208
    1.047197551   -0.349065850    7.178514159   10.555822673   14.227860711
    1.237597106   -0.349065850   12.428577170   43.804957413   15.928327048
    1.427996661   -0.349065850   23.300991837   68.137206594   16.114539272
    1.618396215   -0.349065850   37.395886597   77.054885922   14.956283869
    1.808795770   -0.349065850   51.603020047   69.585820077   13.014974853
    1.999195325   -0.349065850   63.095134955   49.444833043   10.947987954
    2.189594880   -0.349065850   70.006580301   22.516177394    9.213317190
    2.379994435   -0.349065850   71.619894901   -5.308435478    7.930996270
    2.570393989   -0.349065850   68.239259193  -29.235449017    6.910888426
    2.760793544   -0.349065850   60.960806933  -45.795469929    5.790412110
    2.951193099   -0.349065850   51.422713142  -52.812872535    4.232926576

   -3.141592654    0.000000000   42.149713340  -54.455993385    0.368572816
   -2.951193099    0.000000000   32.666223893  -44.155404538   -2.180944100
   -2.760793544    0.000000000   25.652024428  -29.283848432   -4.828582487
   -2.570393989    0.000000000   21.479407101  -15.143331981   -7.374750158
   -2.379994435    0.000000000   19.543951396   -6.377164389   -9.734908433
   -2.189594880    0.000000000   18.585504493   -4.882670135  -11.947335924
   -1.999195325    0.000000000   17.328052339   -8.917797253  -14.038370830
   -1.808795770    0.000000000   15.125389516  -13.921387538  -15.843392829
   -1.618396215    0.000000000   12.293645889  -14.760769130  -16.930559477
   -1.427996661    0.000000000    9.967736248   -8.383142674  -16.754849721
   -1.237597106    0.000000000    9.530678546    4.666748205  -14.965616304
   -1.047197551    0.000000000   11.922292067   20.469443328  -11.687849557
   -0.856797996    0.000000000   17.165071514   33.668011654   -7.560217689
   -0.666398442    0.000000000   24.300696508   39.681251071   -3.475293029
   -0.475998887    0.000000000   31.688942168   36.171899945   -0.180787740
   -0.285599332    0.000000000   37.497188294   23.320634291    2.033006943
   -0.095199777    0.000000000   40.151969719    3.686610128    3.451575472
    0.095199777    0.000000000   38.768699493  -18.187638897    4.769653258
    0.285599332    0.000000000   33.488890742  -36.129774770    6.758852827
    0.475998887    0.000000000   25.683522990  -43.738407077    9.871736425
    0.666398442    0.000000000   17.790752330  -36.673166118   13.958779327
    0.856797996    0.000000000   12.672872347  -15.117317416   18.243149049
    1.047197551    0.000000000   12.636152007   15.415828486   21.622945378
    1.237597106    0.000000000   18.549310703   45.765701242   23.175639841
    1.427996661    0.000000000   29.488087930   66.934087966   22.567883081
    1.618396215    0.000000000   43.110535925   73.502635474   20.161389217
    1.808795770    0.000000000   56.525634454   65.066407195   16.774684960
    1.999195325    0.000000000   67.168330579   45.215886927   13.290485036
    2.189594880    0.000000000   73.360566571   19.239337534   10.305965126
    2.379994435    0.000000000   74.440886346   -7.690042751    7.997214973
    2.570393989    0.000000000   70.647558158  -31.314671921    6.183503467
    2.760793544    0.000000000   62.941963338  -48.320952184    4.500435493
    2.951193099    0.000000000   52.835039430  -56.320488920    2.615514470

   -3.141592654    0.349065850   43.294734444  -57.881249220    0.039673556
   -2.951193099    0.349065850   33.098028066  -48.152015342   -1.542745408
   -2.760793544    0.349065850   25.293345728  -33.513218338   -3.107779176
   -2.570393989    0.349065850   20.320978368  -19.261896840   -4.604758181
   -2.379994435    0.349065850   17.627274674  -10.201040097   -6.037852785
   -2.189594880    0.349065850   15.974392005   -8.331744253   -7.447717610
   -1.999195325    0.349065850   14.110666315  -11.777081982   -8.809199289
   -1.808795770    0.349065850   11.460136895  -15.645778191   -9.922163135
   -1.618396215    0.349065850    8.469402151  -14.577331465  -10.400801995
   -1.427996661    0.349065850    6.409067607   -5.725281621   -9.843783218
   -1.237597106    0.349065850    6.709909478    9.660460795   -8.088838937
   -1.047197551    0.349065850   10.200847068   26.785696355   -5.389997098
   -0.856797996    0.349065850   16.651543511   39.776319498   -2.359972302
   -0.666398442    0.349065850   24.818270073   44.238101242    0.324396259
   -0.475998887    0.349065850   32.877055706   38.649637401    2.267845318
   -0.285599332    0.349065850   38.995138567   24.266838330    3.549172119
   -0.095199777    0.349065850   41.788752424    4.464607182    4.707758268
    0.095199777    0.349065850   40.667090096  -15.967496944    6.480551877
    0.285599332    0.349065850   36.044777890  -31.331401495    9.451217910
    0.475998887    0.349065850   29.414405112  -36.295533877   13.714936065
    0.666398442    0.349065850   23.102894613  -27.817942326   18.723561458
    0.856797996    0.349065850   19.639400569   -7.010280344   23.406548389
    1.047197551    0.349065850   20.895970182   20.563652817   26.566449403
    1.237597106    0.349065850   27.392223710   46.639632958   27.383755021
    1.427996661    0.349065850   38.085979134   63.633360173   25.744144783
    1.618396215    0.349065850   50.781962046   67.368306505   22.233518268
    1.808795770    0.349065850   62.907737341   57.977947604   17.821420645
    1.999195325    0.349065850   72.242324643   38.779196856   13.458726493
    2.189594880    0.349065850   77.345492734   14.302575874    9.760874302
    2.379994435    0.349065850   77.635527821  -11.109000764    6.921184786
    2.570393989    0.349065850   73.293253416  -33.787817192    4.805124824
    2.760793544    0.349065850   65.145471320  -50.615947839    3.118493233
    2.951193099    0.349065850   54.566932053  -59.054124863    1.584013458

   -3.141592654    0.698131701   44.843574266  -58.560649696   -0.773645652
   -2.951193099    0.698131701   34.474823170  -49.292375060   -1.089991366
   -2.760793544    0.698131701   26.397048342  -35.231299487   -1.238155558
   -2.570393989    0.698131701   21.044725811  -21.510472751   -1.372281430
   -2.379994435    0.698131701   17.883521486  -12.822451847   -1.629866344
   -2.189594880    0.698131701   15.714497083  -11.074954519   -2.084707562
   -1.999195325    0.698131701   13.346350668  -14.255537025   -2.700030036
   -1.808795770    0.698131701   10.289821319  -17.338394401   -3.312753717
   -1.618396215    0.698131701    7.093780788  -14.970207881   -3.673477707
   -1.427996661    0.698131701    5.104865839   -4.580819726   -3.563772017
   -1.237597106    0.698131701    5.753082234   12.070835731   -2.920054399
   -1.047197551    0.698131701    9.766915905   29.707762332   -1.885237098
   -0.856797996    0.698131701   16.750564408   42.317248544   -0.729221123
   -0.666398442    0.698131701   25.315995980   45.854472213    0.342928047
   -0.475998887    0.698131701   33.600570583   39.490970248    1.361239789
   -0.285599332    0.698131701   39.869678997   25.203955098    2.632739945
   -0.095199777    0.698131701   42.948623245    6.733597162    4.651410307
    0.095199777    0.698131701   42.474593484  -11.300927024    7.855947221
    0.285599332    0.698131701   39.003024076  -23.942014970   12.374684217
    0.475998887    0.698131701   33.988045772  -26.938002131   17.827312391
    0.666398442    0.698131701   29.510985663  -18.268543162   23.317750281
    0.856797996    0.698131701   27.706675521    0.489142371   27.667053075
    1.047197551    0.698131701   30.042040524   24.155393696   29.831018910
    1.237597106    0.698131701   36.779763480   45.577616383   29.317282217
    1.427996661    0.698131701   46.865090233   58.513102380   26.364550541
    1.618396215    0.698131701   58.322056268   59.787194540   21.797893638
    1.808795770    0.698131701   68.922049728   49.841020112   16.651956292
    1.999195325    0.698131701   76.781837197   31.627479549   11.806735922
    2.189594880    0.698131701   80.689780487    8.971262847    7.767318966
    2.379994435    0.698131701   80.152600530  -14.496768681    4.671993190
    2.570393989    0.698131701   75.322855957  -35.612135224    2.430596084
    2.760793544    0.698131701   66.928816140  -51.483783471    0.871638402
    2.951193099    0.698131701   56.225663087  -59.580733012   -0.157293860

   -3.141592654    1.047197551   43.350682816  -59.094969974   -5.158354618
   -2.951193099    1.047197551   32.972004539  -48.891029810   -4.567166424
   -2.760793544    1.047197551   25.030083022  -34.269999872   -3.551058631
   -2.570393989    1.047197551   19.878665511  -20.428858393   -2.445744837
   -2.379994435    1.047197551   16.904164258  -11.985037629   -1.548097148
   -2.189594880    1.047197551   14.855038079  -10.658577836   -1.020764008
   -1.999195325    1.047197551   12.527796880  -14.219451030   -0.866179839
   -1.808795770    1.047197551    9.456923983  -17.487748695   -0.975184099
   -1.618396215    1.047197551    6.232539129  -15.091354604   -1.205060718
   -1.427996661    1.047197551    4.233149994   -4.568909329   -1.445977841
   -1.237597106    1.047197551    4.893803662   12.164577208   -1.632151703
   -1.047197551    1.047197551    8.924895756   29.766486851   -1.705181743
   -0.856797996    1.047197551   15.915365126   42.346665605   -1.564140833
   -0.666398442    1.047197551   24.504608203   46.157543335   -1.022548275
   -0.475998887    1.047197551   32.921606855   40.704283368    0.180688326
   -0.285599332    1.047197551   39.574099914   28.156160019    2.320102173
   -0.095199777    1.047197551   43.438138541   12.108438693    5.596784068
    0.095199777    1.047197551   44.236881963   -3.341956683    9.999481677
    0.285599332    1.047197551   42.481000891  -14.067496106   15.197894675
    0.475998887    1.047197551   39.412994552  -16.677463520   20.497642099
    0.666398442    1.047197551   36.764739655   -9.672229361   24.948025683
    0.856797996    1.047197551   36.283097192    5.520119373   27.612880123
    1.047197551    1.047197551   39.145610445   24.586067622   27.899498556
    1.237597106    1.047197551   45.533851320   41.612093962   25.789725187
    1.427996661    1.047197551   54.539394542   51.409797073   21.827904480
    1.618396215    1.047197551   64.481585237   51.259472213   16.876240782
    1.808795770    1.047197551   73.445638705   41.390347816   11.774772333
    1.999195325    1.047197551   79.780263676   24.148254217    7.112012244
    2.189594880    1.047197551   82.384075433    2.758352633    3.157598466
    2.379994435    1.047197551   80.781572414  -19.495149355   -0.035238054
    2.570393989    1.047197551   75.106284793  -39.506732558   -2.481606177
    2.760793544    1.047197551   66.073284798  -54.290271907   -4.172530008
    2.951193099    1.047197551   54.942484871  -61.244295368   -5.065990413

   -3.141592654    1.396263402   38.612358076  -59.143289099  -11.304685987
   -2.951193099    1.396263402   28.423629548  -46.905058137  -10.538537692
   -2.760793544    1.396263402   21.005770026  -30.887072534   -9.007188060
   -2.570393989    1.396263402   16.560680287  -16.545177320   -7.090312349
   -2.379994435    1.396263402   14.305059427   -8.432770600   -5.162202730
   -2.189594880    1.396263402   12.855299138   -7.971653670   -3.466560731
   -1.999195325    1.396263402   10.939578936  -12.595956730   -2.092435385
   -1.808795770    1.396263402    8.077731182  -16.904013195   -1.047735055
   -1.618396215    1.396263402    4.874800083  -15.430036914   -0.341507325
   -1.427996661    1.396263402    2.738320981   -5.636012518    0.002972302
   -1.237597106    1.396263402    3.152740591   10.710874300    0.024112333
   -1.047197551    1.396263402    6.914740295   28.492345582   -0.094145399
   -0.856797996    1.396263402   13.739400490   42.006653069   -0.018443044
   -0.666398442    1.396263402   22.416515662   47.539493276    0.647071100
   -0.475998887    1.396263402   31.311842770   44.417995810    2.223032816
   -0.285599332    1.396263402   38.915373109   34.430541989    4.851069013
   -0.095199777    1.396263402   44.197394256   20.621307107    8.452393795
    0.095199777    1.396263402   46.760601627    6.469972152   12.697950187
    0.285599332    1.396263402   46.881016669   -4.456380575   17.017224424
    0.475998887    1.396263402   45.483960564   -9.031661274   20.660508575
    0.666398442    1.396263402   43.978492669   -5.515278696   22.864378919
    0.856797996    1.396263402   43.887818124    5.433700308   23.110743574
    1.047197551    1.396263402   46.345765914   20.558802049   21.328133085
    1.237597106    1.396263402   51.682410371   34.836816984   17.926679026
    1.427996661    1.396263402   59.258238102   43.412648906   13.615818757
    1.618396215    1.396263402   67.665829897   43.289482666    9.112156401
    1.808795770    1.396263402   75.169578442   34.066103264    4.891757056
    1.999195325    1.396263402   80.177509960   17.504131439    1.130651479
    2.189594880    1.396263402   81.563855290   -3.423524846   -2.207131251
    2.379994435    1.396263402   78.817641948  -25.313288598   -5.192891201
    2.570393989    1.396263402   72.085334712  -44.715381251   -7.794777983
    2.760793544    1.396263402   62.161167184  -58.323130889   -9.838314414
    2.951193099    1.396263402   50.424158060  -63.465969959  -11.071635451

   -3.141592654    1.745329252   32.201583962  -59.045709061  -16.832794972
   -2.951193099    1.745329252   22.260316902  -44.469999791  -16.274030799
   -2.760793544    1.745329252   15.478866730  -26.794812154  -14.624444141
   -2.570393989    1.745329252   11.891477679  -11.802958641  -12.201547693
   -2.379994435    1.745329252   10.524427600   -3.971642211   -9.377867747
   -2.189594880    1.745329252    9.848575233   -4.366363988   -6.440830074
   -1.999195325    1.745329252    8.518701621  -10.066361195   -3.555221296
   -1.808795770    1.745329252    6.033097627  -15.485351387   -0.835774531
   -1.618396215    1.745329252    2.997253461  -15.086882461    1.566239101
   -1.427996661    1.745329252    0.837646033   -6.175027930    3.464427481
   -1.237597106    1.745329252    1.104548558    9.809598809    4.750263420
   -1.047197551    1.745329252    4.729458212   28.107248766    5.516497725
   -0.856797996    1.745329252   11.609608130   43.120263031    6.072412457
   -0.666398442    1.745329252   20.700976798   50.842907127    6.823994264
   -0.475998887    1.745329252   30.448295822   50.022166519    8.089466140
   -0.285599332    1.745329252   39.300932937   41.813698334    9.966046977
   -0.095199777    1.745329252   46.079345217   28.751503841   12.293798569
    0.095199777    1.745329252   50.157410612   14.011155965   14.677309488
    0.285599332    1.745329252   51.545179504    1.086085035   16.565869093
    0.475998887    1.745329252   50.917525857   -6.652060799   17.385412573
    0.666398442    1.745329252   49.515288341   -6.820400473   16.720929073
    0.856797996    1.745329252   48.846483681    0.813784518   14.517379499
    1.047197551    1.745329252   50.198966334   13.813566671   11.137673638
    1.237597106    1.745329252   54.171509107   27.494727569    7.232874934
    1.427996661    1.745329252   60.395445180   36.699404758    3.462977199
    1.618396215    1.745329252   67.630979631   37.699915733    0.231293644
    1.808795770    1.745329252   74.162062162   29.352944156   -2.432430369
    1.999195325    1.745329252   78.306757966   13.038234773   -4.772384546
    2.189594880    1.745329252   78.820777990   -8.177191691   -7.100942207
    2.379994435    1.745329252   75.129197108  -30.453213515   -9.589574596
    2.570393989    1.745329252   67.413059286  -49.787362948  -12.161950326
    2.760793544    1.745329252   56.595066554  -62.469090564  -14.505308924
    2.951193099    1.745329252   44.229503042  -65.771945997  -16.188028322

   -3.141592654    2.094395102   25.238162015  -59.937173133  -18.117850423
   -2.951193099    2.094395102   15.340662643  -43.134975923  -17.451847675
   -2.760793544    2.094395102    9.008647947  -23.498950742  -15.621684825
   -2.570393989    2.094395102    6.189537605   -7.145163649  -12.891414689
   -2.379994435    2.094395102    5.787484122    1.408938324   -9.599394173
   -2.189594880    2.094395102    6.166474004    1.270236001   -6.011455456
   -1.999195325    2.094395102    5.910055403   -4.474333726   -2.282627729
   -1.808795770    2.094395102    4.464091262  -10.212986196    1.456328937
   -1.618396215    2.094395102    2.375727993  -10.470951687    4.990383101
   -1.427996661    2.094395102    1.009191755   -2.497044990    8.015571675
   -1.237597106    2.094395102    1.884238095   12.543240639   10.270702193
   -1.047197551    2.094395102    5.968011728   30.275479133   11.697742447
   -0.856797996    2.094395102   13.254968652   45.319325167   12.490933492
   -0.666398442    2.094395102   22.809503859   53.554819291   12.979636872
   -0.475998887    2.094395102   33.133182310   53.328912327   13.430866927
   -0.285599332    2.094395102   42.644464345   45.321099862   13.906634850
   -0.095199777    2.094395102   50.050535577   31.684106550   14.235091499
    0.095199777    2.094395102   54.558336787   15.430966382   14.075677424
    0.285599332    2.094395102   56.004397352    0.162654893   13.044059100
    0.475998887    2.094395102   54.941151448  -10.328751614   10.869647817
    0.666398442    2.094395102   52.593785750  -12.948411921    7.547516483
    0.856797996    2.094395102   50.601282423   -6.723388629    3.445741334
    1.047197551    2.094395102   50.500384524    6.343611079   -0.771470999
    1.237597106    2.094395102   53.166827174   21.417334682   -4.386258021
    1.427996661    2.094395102   58.422313455   32.633262700   -6.932910697
    1.618396215    2.094395102   65.059120717   35.365146436   -8.384882421
    1.808795770    2.094395102   71.238947792   27.821181346   -9.125765242
    1.999195325    2.094395102   75.082589067   11.251721942   -9.725340282
    2.189594880    2.094395102   75.170741586  -10.929057949  -10.671001093
    2.379994435    2.094395102   70.848161566  -34.288210845  -12.173254800
    2.570393989    2.094395102   62.332848959  -54.218728599  -14.110527310
    2.760793544    2.094395102   50.682409112  -66.609620585  -16.086767104
    2.951193099    2.094395102   37.633558255  -68.650220677  -17.578998261

   -3.141592654    2.443460953   19.363311782  -60.220902047  -12.756584408
   -2.951193099    2.443460953    9.596626416  -41.481419252  -11.834281904
   -2.760793544    2.443460953    3.757323210  -20.042833787  -10.031536825
   -2.570393989    2.443460953    1.736718193   -2.297825336   -7.486544614
   -2.379994435    2.443460953    2.355033602    7.212918111   -4.380160222
   -2.189594880    2.443460953    3.906139255    7.737155801   -0.834781875
   -1.999195325    2.443460953    4.927733821    2.440562158    3.089839761
   -1.808795770    2.443460953    4.817560823   -3.172984401    7.290665117
   -1.618396215    2.443460953    4.040407814   -3.847647872   11.501444141
   -1.427996661    2.443460953    3.845186474    3.082683927   15.285363065
   -1.237597106    2.443460953    5.647067201   16.654891510   18.178954228
   -1.047197551    2.443460953   10.370675556   32.914967929   19.893318167
   -0.856797996    2.443460953   18.046190352   46.829526894   20.425435789
   -0.666398442    2.443460953   27.814690093   54.339045876   19.991642902
   -0.475998887    2.443460953   38.234612051   53.547800177   18.852442331
   -0.285599332    2.443460953   47.720425908   44.770840061   17.151945070
   -0.095199777    2.443460953   54.911817999   29.884352341   14.857896433
    0.095199777    2.443460953   58.915435752   11.852841389   11.821928248
    0.285599332    2.443460953   59.483713171   -5.498387633    7.920211953
    0.475998887    2.443460953   57.153740242  -17.899613855    3.217850941
    0.666398442    2.443460953   53.241277979  -21.626204932   -1.926607412
    0.856797996    2.443460953   49.590895700  -15.200885828   -6.860448689
    1.047197551    2.443460953   48.007347747   -0.527128850  -10.828952042
    1.237597106    2.443460953   49.600483477   17.114863122  -13.264639144
    1.427996661    2.443460953   54.297345205   31.014528480  -14.033982211
    1.618396215    2.443460953   60.827534976   35.691197946  -13.488425504
    1.808795770    2.443460953   67.157389890   28.861709329  -12.297811560
    1.999195325    2.443460953   71.169517815   11.816615146  -11.165823279
    2.189594880    2.443460953   71.256030730  -11.575228791  -10.580536362
    2.379994435    2.443460953   66.680493231  -36.258891430  -10.698997551
    2.570393989    2.443460953   57.696986379  -57.044256781  -11.367430207
    2.760793544    2.443460953   45.492360607  -69.446569959  -12.218929044
    2.951193099    2.443460953   31.976644998  -70.570181384  -12.810764528

   -3.141592654    2.792526803   16.308756960  -59.639526800    1.122600386
   -2.951193099    2.792526803    6.759001335  -39.774587959    3.061905403
   -2.760793544    2.792526803    1.360527843  -17.137199040    4.969489410
   -2.570393989    2.792526803    0.000000000    1.698865860    6.812381294
   -2.379994435    2.792526803    1.471402059   12.151757245    8.703470083
   -2.189594880    2.792526803    4.045415182   13.528938829   10.889005888
   -1.999195325    2.792526803    6.245544138    9.004423835   13.618341576
   -1.808795770    2.792526803    7.442028038    3.922206697   16.947364572
   -1.618396215    2.792526803    8.026196994    3.239835530   20.592226108
   -1.427996661    2.792526803    9.118871076    9.384748042   23.959025938
   -1.237597106    2.792526803   11.983278130   21.402770605   26.358811129
   -1.047197551    2.792526803   17.421503914   35.628050144   27.293750969
   -0.856797996    2.792526803   25.408712420   47.396607200   26.637874517
   -0.666398442    2.792526803   35.090805862   52.885869735   24.602369209
   -0.475998887    2.792526803   45.052847155   50.200704159   21.550736316
   -0.285599332    2.792526803   53.720877135   39.513021691   17.796850845
   -0.095199777    2.792526803   59.721365149   22.621173762   13.500649585
    0.095199777    2.792526803   62.152987626    2.640098301    8.706375288
    0.285599332    2.792526803   60.814801786  -16.185989564    3.475060550
    0.475998887    2.792526803   56.387297113  -29.031292744   -1.967123329
    0.666398442    2.792526803   50.427994532  -31.719446095   -7.164285167
    0.856797996    2.792526803   45.076085388  -22.738356342  -11.487684840
    1.047197551    2.792526803   42.386584238   -4.489369071  -14.347614712
    1.237597106    2.792526803   43.581741615   16.843112815  -15.444017827
    1.427996661    2.792526803   48.518312865   33.610975375  -14.903686412
    1.618396215    2.792526803   55.706240700   39.762789942  -13.219254404
    1.808795770    2.792526803   62.835658341   32.985453438  -11.025120025
    1.999195325    2.792526803   67.553350181   14.992420734   -8.850038288
    2.189594880    2.792526803   68.116299592   -9.760759711   -6.962858223
    2.379994435    2.792526803   63.760347991  -35.712719064   -5.370329941
    2.570393989    2.792526803   54.791983869  -57.341887608   -3.916555619
    2.760793544    2.792526803   42.495796839  -70.012846415   -2.410028255
    2.951193099    2.792526803   28.895039282  -70.812607518   -0.731893423
