#! FIELDS phi psi file.free der_phi der_psi
#! SET min_phi -pi
#! SET max_phi pi
#! SET nbins_phi  33
#! SET periodic_phi true
#! SET min_psi -pi
#! SET max_psi pi
#! SET nbins_psi  18
#! SET periodic_psi true
   -3.141592654   -3.141592654   13.475724945  -26.509545924    5.192776831
   -2.951193099   -3.141592654    8.648099542  -23.400369454    7.064163228
   -2.760793544   -3.141592654    4.840618954  -16.008993167    8.866429238
   -2.570393989   -3.141592654    2.693559027   -6.413973150   10.384796615
   -2.379994435   -3.141592654    2.354581469    2.518952680   11.524707310
   -2.189594880   -3.141592654    3.468504941    8.610140930   12.337862072
   -1.999195325   -3.141592654    5.419022995   11.383317282   12.948591891
   -1.808795770   -3.141592654    7.664436165   11.989947071   13.419852713
   -1.618396215   -3.141592654    9.960065407   12.183989345   13.655207762
   -1.427996661   -3.141592654   12.353349186   13.109883690   13.422380548
   -1.237597106   -3.141592654   14.996744132   14.703546658   12.498308936
   -1.047197551   -3.141592654   17.933373523   15.995344322   10.837741489
   -0.856797996   -3.141592654   21.002802193   15.947668983    8.642835153
   -0.666398442   -3.141592654   23.902241971   14.195309329    6.286529314
   -0.475998887   -3.141592654   26.337285411   11.188849812    4.150108036
   -0.285599332   -3.141592654   28.148580145    7.800056949    2.478326779
   -0.095199777   -3.141592654   29.341542777    4.820230898    1.336789636
    0.095199777   -3.141592654   30.040811212    2.634859911    0.649999553
    0.285599332   -3.141592654   30.403308151    1.285392936    0.285079001
    0.475998887   -3.141592654   30.572493098    0.550673249    0.112562883
    0.666398442   -3.141592654   30.641943473    0.208940326    0.039069369
    0.856797996   -3.141592654   30.669507978    0.054066963    0.010497492
    1.047197551   -3.141592654   30.676042473    0.005638963    0.001886390
    1.237597106   -3.141592654   30.673736571   -0.028779319    0.001063694
    1.427996661   -3.141592654   30.659268075   -0.122949487    0.003467182
    1.618396215   -3.141592654   30.614541668   -0.375294330    0.012645970
    1.808795770   -3.141592654   30.491450247   -0.993954343    0.039315039
    1.999195325   -3.141592654   30.189656870   -2.324391635    0.108654314
    2.189594880   -3.141592654   29.531954086   -4.812063373    0.268089567
    2.379994435   -3.141592654   28.259151494   -8.819322702    0.594064581
    2.570393989   -3.141592654   26.080204221  -14.258370888    1.185895055
    2.760793544   -3.141592654   22.791604155  -20.242175739    2.138587305
    2.951193099   -3.141592654   18.447085077  -25.012125469    3.493522466

   -3.141592654   -2.792526803   15.963276400  -22.313604975    8.919125818
   -2.951193099   -2.792526803   11.926244839  -19.408579307   11.657352705
   -2.760793544   -2.792526803    8.805952985  -12.878220936   13.990418502
   -2.570393989   -2.792526803    7.138049537   -4.545690322   15.563069809
   -2.379994435   -2.792526803    7.032348267    3.138061807   16.258391185
   -2.189594880   -2.792526803    8.172336349    8.342229658   16.220226404
   -1.999195325   -2.792526803   10.023964183   10.677842802   15.733477785
   -1.808795770   -2.792526803   12.115552516   11.093355229   15.037125275
   -1.618396215   -2.792526803   14.218124091   11.014720606   14.192449620
   -1.427996661   -2.792526803   16.340310828   11.380190207   13.091286719
   -1.237597106   -2.792526803   18.581612546   12.192683729   11.589574051
   -1.047197551   -2.792526803   20.968541274   12.772314847    9.662898721
   -0.856797996   -2.792526803   23.384657096   12.392081279    7.471361871
   -0.666398442   -2.792526803   25.615752562   10.821364243    5.299198394
   -0.475998887   -2.792526803   27.459647510    8.411945530    3.424215406
   -0.285599332   -2.792526803   28.814874360    5.804075265    2.006726722
   -0.095199777   -2.792526803   29.699282994    3.558043771    1.064291673
    0.095199777   -2.792526803   30.214050144    1.930810851    0.509121381
    0.285599332   -2.792526803   30.479041555    0.936532265    0.220182255
    0.475998887   -2.792526803   30.602243183    0.397579274    0.085439630
    0.666398442   -2.792526803   30.652347279    0.149919496    0.029288928
    0.856797996   -2.792526803   30.672224059    0.037695138    0.007361030
    1.047197551   -2.792526803   30.676560006    0.003154697    0.001540889
    1.237597106   -2.792526803   30.674309543   -0.026220961    0.002145530
    1.427996661   -2.792526803   30.661401571   -0.108984481    0.008436895
    1.618396215   -2.792526803   30.621980420   -0.330539826    0.028871352
    1.808795770   -2.792526803   30.513906463   -0.871384889    0.086043823
    1.999195325   -2.792526803   30.250046744   -2.028729517    0.228972049
    2.189594880   -2.792526803   29.677440002   -4.181429751    0.545990356
    2.379994435   -2.792526803   28.574192071   -7.628410882    1.170892682
    2.570393989   -2.792526803   26.694535565  -12.271121895    2.261955881
    2.760793544   -2.792526803   23.872844798  -17.320374602    3.944878956
    2.951193099   -2.792526803   20.168457348  -21.252020744    6.225048105

   -3.141592654   -2.443460953   19.386446397  -16.857888558   10.280407353
   -2.951193099   -2.443460953   16.355065592  -14.462940051   13.192830761
   -2.760793544   -2.443460953   14.054889214   -9.336316093   15.482794341
   -2.570393989   -2.443460953   12.882296249   -2.926004731   16.738928917
   -2.379994435   -2.443460953   12.900866680    2.876072899   16.843983392
   -2.189594880   -2.443460953   13.849175849    6.696972501   15.996083492
   -1.999195325   -2.443460953   15.307384159    8.290223403   14.578053843
   -1.808795770   -2.443460953   16.912716439    8.423882151   12.960377838
   -1.618396215   -2.443460953   18.493922520    8.207729385   11.356194833
   -1.427996661   -2.443460953   20.063611172    8.365776465    9.799447425
   -1.237597106   -2.443460953   21.705368211    8.911364035    8.230978600
   -1.047197551   -2.443460953   23.449749422    9.340959386    6.614000148
   -0.856797996   -2.443460953   25.220372421    9.103584898    4.997758064
   -0.666398442   -2.443460953   26.864730474    8.004584977    3.503034569
   -0.475998887   -2.443460953   28.234231470    6.275597928    2.256303844
   -0.285599332   -2.443460953   29.249957737    4.374166736    1.327046210
   -0.095199777   -2.443460953   29.919855654    2.712265815    0.710371086
    0.095199777   -2.443460953   30.314350962    1.490751486    0.344264531
    0.285599332   -2.443460953   30.520122690    0.732826891    0.151677289
    0.475998887   -2.443460953   30.617117802    0.315523577    0.059782118
    0.666398442   -2.443460953   30.657023765    0.121579711    0.021226221
    0.856797996   -2.443460953   30.673089689    0.032154636    0.005619937
    1.047197551   -2.443460953   30.676766857    0.003362921    0.001412401
    1.237597106   -2.443460953   30.675089489   -0.020723037    0.002841763
    1.427996661   -2.443460953   30.664872197   -0.086562843    0.010989374
    1.618396215   -2.443460953   30.633729375   -0.260919038    0.036910345
    1.808795770   -2.443460953   30.548657831   -0.684863486    0.108570643
    1.999195325   -2.443460953   30.341855392   -1.587384327    0.285294384
    2.189594880   -2.443460953   29.894907895   -3.257650627    0.672333412
    2.379994435   -2.443460953   29.037484385   -5.916484596    1.425116293
    2.570393989   -2.443460953   27.583463149   -9.470711992    2.720000244
    2.760793544   -2.443460953   25.411993302  -13.293248810    4.683192778
    2.951193099   -2.443460953   22.578466587  -16.200774646    7.288198259

   -3.141592654   -2.094395102   22.845429201  -11.623405286    9.444159085
   -2.951193099   -2.094395102   20.756285509   -9.968250023   11.970011828
   -2.760793544   -2.094395102   19.167387831   -6.483594503   13.823647727
   -2.570393989   -2.094395102   18.339222334   -2.191608008   14.619512524
   -2.379994435   -2.094395102   18.300549114    1.606234600   14.253486853
   -2.189594880   -2.094395102   18.860254265    4.005641057   12.921846350
   -1.999195325   -2.094395102   19.729725245    4.915263668   11.007492562
   -1.808795770   -2.094395102   20.676323966    4.954898927    8.911869605
   -1.618396215   -2.094395102   21.614544647    4.950480603    6.928224493
   -1.427996661   -2.094395102   22.591216789    5.394187823    5.204128545
   -1.237597106   -2.094395102   23.693210789    6.210577564    3.776819316
   -1.047197551   -2.094395102   24.949547024    6.921980684    2.631638039
   -0.856797996   -2.094395102   26.290970663    7.031383645    1.742093952
   -0.666398442   -2.094395102   27.579002091    6.352932920    1.083391211
   -0.475998887   -2.094395102   28.675683311    5.071352348    0.627192071
   -0.285599332   -2.094395102   29.501144213    3.578178251    0.335921837
   -0.095199777   -2.094395102   30.051082818    2.235968254    0.166094414
    0.095199777   -2.094395102   30.376799411    1.235495619    0.075004996
    0.285599332   -2.094395102   30.547449237    0.607894055    0.031722683
    0.475998887   -2.094395102   30.627762370    0.262148056    0.011601037
    0.666398442   -2.094395102   30.660819453    0.100761292    0.004104774
    0.856797996   -2.094395102   30.674050690    0.026701427    0.000885305
    1.047197551   -2.094395102   30.677136751    0.003025822    0.000437297
    1.237597106   -2.094395102   30.676073387   -0.015130925    0.002710244
    1.427996661   -2.094395102   30.668761220   -0.061598044    0.010892645
    1.618396215   -2.094395102   30.646714387   -0.184553660    0.036150137
    1.808795770   -2.094395102   30.586634965   -0.482833571    0.105601535
    1.999195325   -2.094395102   30.441176251   -1.114836565    0.275312571
    2.189594880   -2.094395102   30.127882750   -2.279897192    0.644038348
    2.379994435   -2.094395102   29.528933852   -4.126575872    1.355250644
    2.570393989   -2.094395102   28.516605086   -6.583743193    2.567262550
    2.760793544   -2.094395102   27.009451782   -9.212686062    4.384771817
    2.951193099   -2.094395102   25.048642685  -11.195605772    6.763888750

   -3.141592654   -1.745329252   25.711329225   -7.510876647    7.337322972
   -2.951193099   -1.745329252   24.341513802   -6.670683235    9.225674303
   -2.760793544   -1.745329252   23.239630151   -4.767993431   10.533778680
   -2.570393989   -1.745329252   22.553809674   -2.430603952   10.943439481
   -2.379994435   -1.745329252   22.291594484   -0.436971778   10.356185551
   -2.189594880   -1.745329252   22.332932215    0.718247656    8.916412196
   -1.999195325   -1.745329252   22.514482078    1.092850954    6.937474213
   -1.808795770   -1.745329252   22.732829392    1.214456771    4.784885575
   -1.618396215   -1.745329252   23.000877660    1.701061309    2.778359918
   -1.427996661   -1.745329252   23.423184413    2.840046477    1.140446762
   -1.237597106   -1.745329252   24.110100593    4.403235806   -0.016428995
   -1.047197551   -1.745329252   25.089719775    5.806302664   -0.682774376
   -0.856797996   -1.745329252   26.274481804    6.478655257   -0.933352567
   -0.666398442   -1.745329252   27.496656473    6.191485709   -0.894375142
   -0.475998887   -1.745329252   28.584924973    5.126857009   -0.704231129
   -0.285599332   -1.745329252   29.429441886    3.711749973   -0.477069903
   -0.095199777   -1.745329252   30.004866331    2.363500829   -0.283262043
    0.095199777   -1.745329252   30.351134953    1.327025164   -0.148823134
    0.285599332   -1.745329252   30.535260635    0.659962521   -0.068926191
    0.475998887   -1.745329252   30.622457916    0.288982615   -0.028993516
    0.666398442   -1.745329252   30.658973128    0.111228437   -0.010236928
    0.856797996   -1.745329252   30.673467822    0.030408743   -0.003267220
    1.047197551   -1.745329252   30.677056186    0.005535647   -0.000478330
    1.237597106   -1.745329252   30.676935228   -0.009836871    0.002182890
    1.427996661   -1.745329252   30.672256414   -0.039264311    0.008915831
    1.618396215   -1.745329252   30.658262391   -0.117027363    0.029320329
    1.808795770   -1.745329252   30.620184088   -0.305502313    0.085261259
    1.999195325   -1.745329252   30.528272581   -0.703584284    0.220933189
    2.189594880   -1.745329252   30.330685508   -1.436523840    0.514104342
    2.379994435   -1.745329252   29.953544833   -2.597397297    1.076342847
    2.570393989   -1.745329252   29.316191067   -4.146237665    2.028549009
    2.760793544   -1.745329252   28.365523371   -5.819911192    3.446813175
    2.951193099   -1.745329252   27.122809301   -7.123047098    5.288070475

   -3.141592654   -1.396263402   27.286176133   -5.271184735    5.951694040
   -2.951193099   -1.396263402   26.303590059   -4.932467140    7.373608414
   -2.760793544   -1.396263402   25.444500407   -4.027203258    8.231679161
   -2.570393989   -1.396263402   24.778737079   -2.986375809    8.242038701
   -2.379994435   -1.396263402   24.285587625   -2.277740668    7.303002081
   -2.189594880   -1.396263402   23.877019770   -2.094447302    5.521955581
   -1.999195325   -1.396263402   23.469710024   -2.187784741    3.174815539
   -1.808795770   -1.396263402   23.062866698   -1.983398183    0.634790392
   -1.618396215   -1.396263402   22.768732608   -0.938254464   -1.701019404
   -1.427996661   -1.396263402   22.768462535    1.077365515   -3.484675342
   -1.237597106   -1.396263402   23.213926785    3.630316540   -4.492492946
   -1.047197551   -1.396263402   24.134313535    5.924533586   -4.682859563
   -0.856797996   -1.396263402   25.406277231    7.224768968   -4.202515713
   -0.666398442   -1.396263402   26.803426174    7.230849225   -3.323253461
   -0.475998887   -1.396263402   28.092590956    6.161209262   -2.338669735
   -0.285599332   -1.396263402   29.117059400    4.550876053   -1.471071826
   -0.095199777   -1.396263402   29.827422065    2.943553722   -0.828611203
    0.095199777   -1.396263402   30.260959862    1.674299145   -0.418620103
    0.285599332   -1.396263402   30.494364335    0.841213722   -0.188977544
    0.475998887   -1.396263402   30.605687808    0.373572973   -0.077010209
    0.666398442   -1.396263402   30.653064329    0.144307661   -0.027234409
    0.856797996   -1.396263402   30.671640988    0.041648641   -0.008061040
    1.047197551   -1.396263402   30.676715128    0.009049073   -0.001496198
    1.237597106   -1.396263402   30.677448445   -0.006616147    0.001716474
    1.427996661   -1.396263402   30.674312422   -0.026284644    0.007466397
    1.618396215   -1.396263402   30.664925206   -0.078583063    0.024564676
    1.808795770   -1.396263402   30.639397402   -0.205092882    0.071310590
    1.999195325   -1.396263402   30.577546257   -0.473566889    0.184740308
    2.189594880   -1.396263402   30.444344234   -0.968841834    0.429238969
    2.379994435   -1.396263402   30.189808727   -1.754155121    0.896586343
    2.570393989   -1.396263402   29.758758620   -2.806652898    1.683629694
    2.760793544   -1.396263402   29.113561495   -3.958027596    2.845540232
    2.951193099   -1.396263402   28.264704083   -4.890543590    4.333695539

   -3.141592654   -1.047197551   28.093724430   -4.303113998    4.782704693
   -2.951193099   -1.047197551   27.262250981   -4.364411980    5.820444256
   -2.760793544   -1.047197551   26.449696033   -4.150517013    6.299819447
   -2.570393989   -1.047197551   25.676928476   -4.011886775    5.970489628
   -2.379994435   -1.047197551   24.895847377   -4.273725045    4.749583019
   -2.189594880   -1.047197551   24.022509533   -4.943951303    2.745222424
   -1.999195325   -1.047197551   23.015581734   -5.564994217    0.224442416
   -1.808795770   -1.047197551   21.955443451   -5.369335814   -2.440324106
   -1.618396215   -1.047197551   21.065074620   -3.711321394   -4.829500263
   -1.427996661   -1.047197551   20.640483733   -0.531693054   -6.551682318
   -1.237597106   -1.047197551   20.915804846    3.468840037   -7.342660694
   -1.047197551   -1.047197551   21.938442597    7.111308206   -7.154690677
   -0.856797996   -1.047197551   23.531746218    9.322293908   -6.178203436
   -0.666398442   -1.047197551   25.367834737    9.648301334   -4.765661066
   -0.475998887   -1.047197551   27.104784390    8.377744096   -3.295060332
   -0.285599332   -1.047197551   28.506073907    6.264180803   -2.044371610
   -0.095199777   -1.047197551   29.487784024    4.087292774   -1.138575076
    0.095199777   -1.047197551   30.091345238    2.341856092   -0.569359946
    0.285599332   -1.047197551   30.418509987    1.182778046   -0.254874309
    0.475998887   -1.047197551   30.575187573    0.528551169   -0.102997367
    0.666398442   -1.047197551   30.642298507    0.204968348   -0.036178347
    0.856797996   -1.047197551   30.668534539    0.060647762   -0.010617686
    1.047197551   -1.047197551   30.676131184    0.013861546   -0.001915023
    1.237597106   -1.047197551   30.677784789   -0.004037174    0.001229325
    1.427996661   -1.047197551   30.675660936   -0.017855898    0.005919301
    1.618396215   -1.047197551   30.669192909   -0.054323687    0.019640369
    1.808795770   -1.047197551   30.651460461   -0.143282416    0.057294496
    1.999195325   -1.047197551   30.607879596   -0.335395097    0.149170934
    2.189594880   -1.047197551   30.512690505   -0.696336225    0.348248127
    2.379994435   -1.047197551   30.328242755   -1.279670484    0.730225103
    2.570393989   -1.047197551   30.010797974   -2.082817503    1.373721411
    2.760793544   -1.047197551   29.526386896   -3.000958995    2.319740341
    2.951193099   -1.047197551   28.873593263   -3.815873764    3.516942853

   -3.141592654   -0.698131701   29.103791122   -3.062453607    2.279710386
   -2.951193099   -0.698131701   28.457959264   -3.731755524    2.510572236
   -2.760793544   -0.698131701   27.673906927   -4.542456268    2.282855932
   -2.570393989   -0.698131701   26.707864797   -5.670174586    1.449624838
   -2.379994435   -0.698131701   25.489594609   -7.182463589   -0.034778108
   -2.189594880   -0.698131701   23.963561675   -8.824639085   -2.095637789
   -1.999195325   -0.698131701   22.163685334   -9.913279095   -4.533084431
   -1.808795770   -0.698131701   20.283649664   -9.511393541   -7.023201663
   -1.618396215   -0.698131701   18.683096298   -6.909719442   -9.146332931
   -1.427996661   -0.698131701   17.790210173   -2.172502236  -10.476204274
   -1.237597106   -0.698131701   17.926442020    3.655631234  -10.724001534
   -1.047197551   -0.698131701   19.146452621    8.925775343   -9.867450752
   -0.856797996   -0.698131701   21.194729377   12.166573377   -8.176199262
   -0.666398442   -0.698131701   23.610266613   12.771201343   -6.102778936
   -0.475998887   -0.698131701   25.916171345   11.153304290   -4.102321653
   -0.285599332   -0.698131701   27.783353076    8.355502296   -2.481938417
   -0.095199777   -0.698131701   29.092815455    5.451687311   -1.350856224
    0.095199777   -0.698131701   29.897379033    3.121521879   -0.661027759
    0.285599332   -0.698131701   30.333167853    1.574000770   -0.290188097
    0.475998887   -0.698131701   30.541296778    0.703645552   -0.114882330
    0.666398442   -0.698131701   30.630651073    0.271392836   -0.039533653
    0.856797996   -0.698131701   30.665272235    0.080777573   -0.010928542
    1.047197551   -0.698131701   30.675502349    0.018423190   -0.001880960
    1.237597106   -0.698131701   30.677997050   -0.002468605    0.000870311
    1.427996661   -0.698131701   30.676780553   -0.010486164    0.003984592
    1.618396215   -0.698131701   30.673037485   -0.031154777    0.012758626
    1.808795770   -0.698131701   30.662920415   -0.080932046    0.036225876
    1.999195325   -0.698131701   30.638340373   -0.187654111    0.091559677
    2.189594880   -0.698131701   30.585115801   -0.387852166    0.207559145
    2.379994435   -0.698131701   30.482415462   -0.713499476    0.421933443
    2.570393989   -0.698131701   30.303826020   -1.180471929    0.766648760
    2.760793544   -0.698131701   30.023496948   -1.768691366    1.242956198
    2.951193099   -0.698131701   29.625496081   -2.412016925    1.792484028

   -3.141592654   -0.349065850   29.454955897   -3.007124414   -0.249777496
   -2.951193099   -0.349065850   28.769950562   -4.240623905   -0.726672356
   -2.760793544   -0.349065850   27.817061051   -5.837503771   -1.509290263
   -2.570393989   -0.349065850   26.518711147   -7.876138608   -2.644952739
   -2.379994435   -0.349065850   24.793354575  -10.288361332   -4.149171152
   -2.189594880   -0.349065850   22.602966010  -12.651113348   -5.991109373
   -1.999195325   -0.349065850   20.035127071  -14.068513743   -8.057753325
   -1.808795770   -0.349065850   17.380536720  -13.371072599  -10.109261745
   -1.618396215   -0.349065850   15.134156492   -9.703984443  -11.775748220
   -1.427996661   -0.349065850   13.866903420   -3.220960118  -12.645516297
   -1.237597106   -0.349065850   13.997430448    4.648898047  -12.431950814
   -1.047197551   -0.349065850   15.584765035   11.702067805  -11.126280994
   -0.856797996   -0.349065850   18.276123473   16.000540440   -9.028173760
   -0.666398442   -0.349065850   21.451191454   16.774071892   -6.623460870
   -0.475998887   -0.349065850   24.475748060   14.609489090   -4.385723636
   -0.285599332   -0.349065850   26.917584075   10.908047232   -2.617452071
   -0.095199777   -0.349065850   28.624256038    7.092074658   -1.407087858
    0.095199777   -0.349065850   29.669245766    4.046882273   -0.680612957
    0.285599332   -0.349065850   30.233407213    2.034146937   -0.295961631
    0.475998887   -0.349065850   30.501951860    0.907461471   -0.116027222
    0.666398442   -0.349065850   30.617127594    0.348599879   -0.039614590
    0.856797996   -0.349065850   30.661608671    0.103240942   -0.010539726
    1.047197551   -0.349065850   30.674861220    0.023204710   -0.001764968
    1.237597106   -0.349065850   30.678168210   -0.000699431    0.000116793
    1.427996661   -0.349065850   30.677661658   -0.004970966    0.001107176
    1.618396215   -0.349065850   30.675789369   -0.015535316    0.003208287
    1.808795770   -0.349065850   30.670617999   -0.041688634    0.008399651
    1.999195325   -0.349065850   30.657373876   -0.102135587    0.018908322
    2.189594880   -0.349065850   30.627317721   -0.223660546    0.037644314
    2.379994435   -0.349065850   30.566017845   -0.438932603    0.064219096
    2.570393989   -0.349065850   30.450764015   -0.791276291    0.088125756
    2.760793544   -0.349065850   30.251175081   -1.322240967    0.081016324
    2.951193099   -0.349065850   29.932992907   -2.049686365   -0.007458199

   -3.141592654    0.000000000   28.967790463   -4.181491559   -2.727292389
   -2.951193099    0.000000000   28.027463492   -5.745413521   -3.849471730
   -2.760793544    0.000000000   26.758095576   -7.654538500   -5.063208654
   -2.570393989    0.000000000   25.084343907  -10.005235989   -6.298868947
   -2.379994435    0.000000000   22.921783337  -12.756600361   -7.540964573
   -2.189594880    0.000000000   20.228831290  -15.451776306   -8.823007321
   -1.999195325    0.000000000   17.107380995  -17.035068876  -10.159331007
   -1.808795770    0.000000000   13.904051606  -16.074469289  -11.449268148
   -1.618396215    0.000000000   11.218497574  -11.498210670  -12.433373065
   -1.427996661    0.000000000    9.747479357   -3.482660074  -12.766290722
   -1.237597106    0.000000000   10.000365792    6.200350293  -12.187960403
   -1.047197551    0.000000000   12.040057746   14.816442901  -10.686369431
   -0.856797996    0.000000000   15.420088897   19.980901042   -8.535440665
   -0.666398442    0.000000000   19.368278139   20.780614685   -6.179295607
   -0.475998887    0.000000000   23.103699786   17.987948145   -4.043293480
   -0.285599332    0.000000000   26.102508833   13.357757870   -2.386929220
   -0.095199777    0.000000000   28.187700098    8.643139041   -1.270741280
    0.095199777    0.000000000   29.458793185    4.909647476   -0.609149919
    0.285599332    0.000000000   30.142043609    2.458883543   -0.263215252
    0.475998887    0.000000000   30.466190310    1.093540851   -0.102456678
    0.666398442    0.000000000   30.604938095    0.418267226   -0.034815082
    0.856797996    0.000000000   30.658392156    0.122854421   -0.008944045
    1.047197551    0.000000000   30.674363615    0.026488016   -0.001353329
    1.237597106    0.000000000   30.678089031   -0.000234040   -0.000541652
    1.427996661    0.000000000   30.677594451   -0.005546596   -0.001462652
    1.618396215    0.000000000   30.675353497   -0.018697599   -0.005555821
    1.808795770    0.000000000   30.669008146   -0.051996130   -0.017518480
    1.999195325    0.000000000   30.652008735   -0.132853320   -0.049724798
    2.189594880    0.000000000   30.612296932   -0.299742920   -0.125040297
    2.379994435    0.000000000   30.528898288   -0.603932182   -0.282477418
    2.570393989    0.000000000   30.368646575   -1.109346545   -0.575736053
    2.760793544    0.000000000   30.087514483   -1.869814225   -1.062419839
    2.951193099    0.000000000   29.637660247   -2.892773682   -1.780570434

   -3.141592654    0.349065850   28.128650548   -5.891516122   -4.073362615
   -2.951193099    0.349065850   26.837472839   -7.696151674   -5.503742965
   -2.760793544    0.349065850   25.185689459   -9.697832502   -6.874881867
   -2.570393989    0.349065850   23.122484418  -12.045317509   -8.034307768
   -2.379994435    0.349065850   20.571697376  -14.804920378   -8.930246948
   -2.189594880    0.349065850   17.481975221  -17.581528783   -9.625568334
   -1.999195325    0.349065850   13.947089385  -19.227555719  -10.226877639
   -1.808795770    0.349065850   10.339427847  -18.059131804  -10.765406735
   -1.618396215    0.349065850    7.336653340  -12.743759112  -11.118005480
   -1.427996661    0.349065850    5.745917382   -3.412374644  -11.043914412
   -1.237597106    0.349065850    6.164377510    7.879435692  -10.329482327
   -1.047197551    0.349065850    8.664788761   17.900179068   -8.942390651
   -0.856797996    0.349065850   12.717143539   23.829546233   -7.082343655
   -0.666398442    0.349065850   17.408219143   24.609784802   -5.095061118
   -0.475998887    0.349065850   21.820183069   21.188311283   -3.316506331
   -0.285599332    0.349065850   25.344657996   15.659516042   -1.949099050
   -0.095199777    0.349065850   27.784326979   10.088366793   -1.033825397
    0.095199777    0.349065850   29.265406944    5.707634596   -0.494303764
    0.285599332    0.349065850   30.058410363    2.849575863   -0.213652012
    0.475998887    0.349065850   30.433609962    1.263415076   -0.083151720
    0.666398442    0.349065850   30.593833998    0.481751265   -0.028388086
    0.856797996    0.349065850   30.655572356    0.139893902   -0.007132103
    1.047197551    0.349065850   30.673954959    0.028807381   -0.001026882
    1.237597106    0.349065850   30.677860065   -0.000315743   -0.001107818
    1.427996661    0.349065850   30.677049117   -0.009090962   -0.003343901
    1.618396215    0.349065850   30.673422601   -0.030304016   -0.011591229
    1.808795770    0.349065850   30.663098975   -0.084425473   -0.034848966
    1.999195325    0.349065850   30.635793960   -0.213484631   -0.093758705
    2.189594880    0.349065850   30.572543409   -0.476415929   -0.225739627
    2.379994435    0.349065850   30.440688381   -0.950294657   -0.490234524
    2.570393989    0.349065850   30.190932199   -1.717868690   -0.962198496
    2.760793544    0.349065850   29.761373382   -2.829182107   -1.711434331
    2.951193099    0.349065850   29.091389767   -4.245639278   -2.764833059

   -3.141592654    0.698131701   27.111275724   -7.752305964   -4.953235240
   -2.951193099    0.698131701   25.453279573   -9.649132990   -6.516911974
   -2.760793544    0.698131701   23.439692051  -11.508699849   -7.871853845
   -2.570393989    0.698131701   21.059494200  -13.547111451   -8.799696285
   -2.379994435    0.698131701   18.255219675  -15.975169772   -9.212960340
   -2.189594880    0.698131701   14.966263079  -18.527520371   -9.186269625
   -1.999195325    0.698131701   11.262839255  -20.062209231   -8.898076209
   -1.808795770    0.698131701    7.508244179  -18.742831733   -8.513297336
   -1.618396215    0.698131701    4.408299300  -13.024694515   -8.083725828
   -1.427996661    0.698131701    2.830265042   -2.944343049   -7.536434409
   -1.237597106    0.698131701    3.427939525    9.305713980   -6.756806057
   -1.047197551    0.698131701    6.285741062   20.182540019   -5.700399068
   -0.856797996    0.698131701   10.824130631   26.568581673   -4.448741914
   -0.666398442    0.698131701   16.039687086   27.295527035   -3.175827487
   -0.475998887    0.698131701   20.924696255   23.420428275   -2.060935203
   -0.285599332    0.698131701   24.815399010   17.261751203   -1.211593189
   -0.095199777    0.698131701   27.501919973   11.094202012   -0.644667928
    0.095199777    0.698131701   29.129396052    6.264175333   -0.310149068
    0.285599332    0.698131701   29.999093976    3.123910286   -0.135647306
    0.475998887    0.698131701   30.410269431    1.383636645   -0.053421389
    0.666398442    0.698131701   30.585779675    0.527123705   -0.018620701
    0.856797996    0.698131701   30.653474082    0.152329394   -0.004784073
    1.047197551    0.698131701   30.673660299    0.030005058   -0.000714987
    1.237597106    0.698131701   30.677498744   -0.000981763   -0.001521734
    1.427996661    0.698131701   30.676125298   -0.014990217   -0.004786570
    1.618396215    0.698131701   30.670331428   -0.048417562   -0.016163730
    1.808795770    0.698131701   30.653908101   -0.133465730   -0.047993702
    1.999195325    0.698131701   30.611449546   -0.330502749   -0.126946964
    2.189594880    0.698131701   30.514780367   -0.723143450   -0.301062009
    2.379994435    0.698131701   30.316760223   -1.414795854   -0.643677500
    2.570393989    0.698131701   29.949851692   -2.498959858   -1.242478311
    2.760793544    0.698131701   29.334786239   -4.002392003   -2.170344426
    2.951193099    0.698131701   28.402968912   -5.814136052   -3.437909853

   -3.141592654    1.047197551   25.212722880  -10.928727825   -6.776020651
   -2.951193099    1.047197551   22.962920446  -12.589445837   -8.731549160
   -2.760793544    1.047197551   20.458271679  -13.640724716  -10.240698770
   -2.570393989    1.047197551   17.781629478  -14.492531802  -10.973309541
   -2.379994435    1.047197551   14.915596059  -15.704958379  -10.796822725
   -2.189594880    1.047197551   11.771444968  -17.347952972   -9.822744976
   -1.999195325    1.047197551    8.342547465  -18.435078338   -8.344786079
   -1.808795770    1.047197551    4.908441822  -17.050449363   -6.707978953
   -1.618396215    1.047197551    2.122554132  -11.424103613   -5.182791499
   -1.427996661    1.047197551    0.843338694   -1.387752590   -3.904053141
   -1.237597106    1.047197551    1.742194342   10.927295300   -2.886920262
   -1.047197551    1.047197551    4.918034619   21.894756521   -2.086649702
   -0.856797996    1.047197551    9.783838938   28.268288341   -1.454185651
   -0.666398442    1.047197551   15.308894695   28.813450952   -0.960983535
   -0.475998887    1.047197551   20.454786649   24.621610421   -0.594478207
   -0.285599332    1.047197551   24.540254077   18.101187915   -0.341062842
   -0.095199777    1.047197551   27.355457456   11.614167576   -0.180754203
    0.095199777    1.047197551   29.058661528    6.550107620   -0.088066113
    0.285599332    1.047197551   29.967825458    3.266110493   -0.040205962
    0.475998887    1.047197551   30.397849773    1.446014940   -0.016343907
    0.666398442    1.047197551   30.581353335    0.551395215   -0.006223733
    0.856797996    1.047197551   30.652324361    0.158849312   -0.001650372
    1.047197551    1.047197551   30.673503692    0.030272683   -0.000320294
    1.237597106    1.047197551   30.677032324   -0.002436841   -0.001844743
    1.427996661    1.047197551   30.674546873   -0.025368946   -0.006638091
    1.618396215    1.047197551   30.664799727   -0.081840537   -0.022599782
    1.808795770    1.047197551   30.637088787   -0.225723185   -0.067395716
    1.999195325    1.047197551   30.565980440   -0.554303937   -0.178770266
    2.189594880    1.047197551   30.404803080   -1.202333540   -0.425170109
    2.379994435    1.047197551   30.077637613   -2.323509135   -0.909553228
    2.570393989    1.047197551   29.482012923   -4.019837898   -1.751580591
    2.760793544    1.047197551   28.509463690   -6.240752449   -3.041842355
    2.951193099    1.047197551   27.087656603   -8.688389470   -4.771878921

   -3.141592654    1.396263402   22.497582231  -15.104055787   -8.688612942
   -2.951193099    1.396263402   19.498694345  -16.134160166  -10.995540064
   -2.760793544    1.396263402   16.446714961  -15.724189518  -12.599572919
   -2.570393989    1.396263402   13.557293367  -14.597487468  -13.076865322
   -2.379994435    1.396263402   10.864514981  -13.823570411  -12.269058816
   -2.189594880    1.396263402    8.232573951  -13.960671000  -10.333612777
   -1.999195325    1.396263402    5.532390868  -14.303668499   -7.672598072
   -1.808795770    1.396263402    2.893224751  -12.949009823   -4.793118567
   -1.618396215    1.396263402    0.837312822   -7.931293491   -2.167660205
   -1.427996661    1.396263402    0.139554461    1.202104794   -0.134729521
   -1.237597106    1.396263402    1.441495166   12.584885892    1.150415968
   -1.047197551    1.396263402    4.855387821   22.773062953    1.716084129
   -0.856797996    1.396263402    9.832899394   28.601737567    1.729799014
   -0.666398442    1.396263402   15.389126576   28.835186149    1.421136708
   -0.475998887    1.396263402   20.525309227   24.514204346    1.002534560
   -0.285599332    1.396263402   24.588067996   17.975463379    0.619919141
   -0.095199777    1.396263402   27.382355932   11.518679682    0.338995767
    0.095199777    1.396263402   29.071581294    6.492466590    0.164883894
    0.285599332    1.396263402   29.972855559    3.239128100    0.070635082
    0.475998887    1.396263402   30.399673881    1.434009424    0.027582981
    0.666398442    1.396263402   30.581754990    0.548020490    0.008865915
    0.856797996    1.396263402   30.652429073    0.157735841    0.002382908
    1.047197551    1.396263402   30.673472047    0.029062638    0.000167575
    1.237597106    1.396263402   30.676303025   -0.006155949   -0.002309150
    1.427996661    1.396263402   30.671759100   -0.043405420   -0.009282417
    1.618396215    1.396263402   30.655356959   -0.137853750   -0.031303484
    1.808795770    1.396263402   30.609050165   -0.376477617   -0.092597240
    1.999195325    1.396263402   30.491916346   -0.910709813   -0.243732470
    2.189594880    1.396263402   30.229323299   -1.947987520   -0.575584179
    2.379994435    1.396263402   29.703830987   -3.703886724   -1.221673817
    2.570393989    1.396263402   28.765657607   -6.270399780   -2.331584596
    2.760793544    1.396263402   27.272516547   -9.454349674   -4.006847775
    2.951193099    1.396263402   25.160161059  -12.664955705   -6.209141039

   -3.141592654    1.745329252   19.267977008  -19.835221396   -9.552350071
   -2.951193099    1.745329252   15.440939388  -19.922246850  -11.910335323
   -2.760793544    1.745329252   11.838028704  -17.582980161  -13.389226170
   -2.570393989    1.745329252    8.828884811  -13.948563906  -13.529678932
   -2.379994435    1.745329252    6.500529972  -10.703124764  -12.172366595
   -2.189594880    1.745329252    4.653319907   -8.976738683   -9.501202644
   -1.999195325    1.745329252    3.005165294   -8.409711825   -5.969443664
   -1.808795770    1.745329252    1.492869581   -7.169608015   -2.172095263
   -1.618396215    1.745329252    0.455547011   -3.132931207    1.281980839
   -1.427996661    1.745329252    0.531418974    4.470973601    3.887548575
   -1.237597106    1.745329252    2.295202782   14.177066332    5.350298767
   -1.047197551    1.745329252    5.868826862   22.924702299    5.655137598
   -0.856797996    1.745329252   10.776097187   27.801248189    5.050954653
   -0.666398442    1.745329252   16.134047795   27.629333473    3.939117759
   -0.475998887    1.745329252   21.038919159   23.336445816    2.719857786
   -0.285599332    1.745329252   24.901130879   17.060642753    1.673716415
   -0.095199777    1.745329252   27.552074481   10.919620076    0.920987958
    0.095199777    1.745329252   29.153789014    6.152781886    0.454351554
    0.285599332    1.745329252   30.008217867    3.072275504    0.200366203
    0.475998887    1.745329252   30.413535870    1.359942703    0.080039729
    0.666398442    1.745329252   30.586276558    0.521447907    0.027454644
    0.856797996    1.745329252   30.653659863    0.149892600    0.007613707
    1.047197551    1.745329252   30.673524680    0.026958240    0.001036323
    1.237597106    1.745329252   30.675449527   -0.011594853   -0.002521333
    1.427996661    1.745329252   30.668169005   -0.066551276   -0.011039818
    1.618396215    1.745329252   30.643307226   -0.209011554   -0.036882609
    1.808795770    1.745329252   30.573554285   -0.566235821   -0.108208545
    1.999195325    1.745329252   30.398825233   -1.355466983   -0.282786645
    2.189594880    1.745329252   30.010247375   -2.870788446   -0.663232280
    2.379994435    1.745329252   29.240569573   -5.395854741   -1.397427432
    2.570393989    1.745329252   27.885130211   -8.996737836   -2.645647779
    2.760793544    1.745329252   25.766247913  -13.288926777   -4.505499719
    2.951193099    1.745329252   22.838170851  -17.313452845   -6.909983612

   -3.141592654    2.094395102   16.046566974  -24.345047501   -8.451074871
   -2.951193099    2.094395102   11.448264319  -23.333045443  -10.336805963
   -2.760793544    2.094395102    7.380732848  -18.915733960  -11.325661567
   -2.570393989    2.094395102    4.364376000  -12.647292962  -11.021736090
   -2.379994435    2.094395102    2.535740506   -6.813221283   -9.309667368
   -2.189594880    2.094395102    1.631795208   -3.094702178   -6.378969443
   -1.999195325    2.094395102    1.218834458   -1.496195078   -2.656001985
   -1.808795770    2.094395102    1.032737467   -0.341037000    1.292432749
   -1.618396215    2.094395102    1.201074982    2.539539173    4.851355999
   -1.427996661    2.094395102    2.179769758    8.182063746    7.464524715
   -1.237597106    2.094395102    4.432869861   15.598695517    8.769455801
   -1.047197551    2.094395102    8.073978287   22.296004208    8.714255580
   -0.856797996    2.094395102   12.718711749   25.805479501    7.575954321
   -0.666398442    2.094395102   17.634378739   25.105496429    5.843147199
   -0.475998887    2.094395102   22.066782769   20.978236694    4.023957730
   -0.285599332    2.094395102   25.529421000   15.249340825    2.481826711
   -0.095199777    2.094395102   27.895836754    9.730694546    1.373028184
    0.095199777    2.094395102   29.322614369    5.472436778    0.682337089
    0.285599332    2.094395102   30.082505547    2.731027832    0.304023569
    0.475998887    2.094395102   30.443170027    1.206586365    0.122465316
    0.666398442    2.094395102   30.596447374    0.463537585    0.042717120
    0.856797996    2.094395102   30.656431536    0.132971699    0.012228215
    1.047197551    2.094395102   30.673872900    0.022765646    0.001831158
    1.237597106    2.094395102   30.674595469   -0.018033859   -0.002284287
    1.427996661    2.094395102   30.664290190   -0.091447498   -0.010765556
    1.618396215    2.094395102   30.630419487   -0.284706298   -0.035547164
    1.808795770    2.094395102   30.535919933   -0.766087086   -0.103258488
    1.999195325    2.094395102   30.300874535   -1.819729430   -0.267496637
    2.189594880    2.094395102   29.781387442   -3.825850245   -0.621888066
    2.379994435    2.094395102   28.760292666   -7.130163662   -1.298463184
    2.570393989    2.094395102   26.979681017  -11.760041204   -2.434062347
    2.760793544    2.094395102   24.231238546  -17.120956348   -4.099471962
    2.951193099    2.094395102   20.495408581  -21.872822496   -6.207522278

   -3.141592654    2.443460953   13.616541060  -27.447886389   -5.099024690
   -2.951193099    2.443460953    8.516476791  -25.359240394   -5.980051267
   -2.760793544    2.443460953    4.226942833  -19.121833065   -6.160932920
   -2.570393989    2.443460953    1.378264060  -10.656306295   -5.405083219
   -2.379994435    2.443460953    0.133752335   -2.722827971   -3.661713639
   -2.189594880    2.443460953    0.170647817    2.585381172   -1.070331284
   -1.999195325    2.443460953    0.929401522    4.982844049    2.074128332
   -1.808795770    2.443460953    1.977752881    5.978713688    5.353608586
   -1.618396215    2.443460953    3.254088616    7.696827874    8.261786930
   -1.427996661    2.443460953    5.034659045   11.335441485   10.288108103
   -1.237597106    2.443460953    7.660157881   16.336702755   11.067315866
   -1.047197551    2.443460953   11.222309371   20.811775744   10.529222732
   -0.856797996    2.443460953   15.427851908   22.824914174    8.943704399
   -0.666398442    2.443460953   19.710179579   21.584750180    6.810687438
   -0.475998887    2.443460953   23.489482009   17.740825702    4.658716494
   -0.285599332    2.443460953   26.403480190   12.762410959    2.864433546
   -0.095199777    2.443460953   28.377791755    8.087380560    1.583665267
    0.095199777    2.443460953   29.561433020    4.523534744    0.787670003
    0.285599332    2.443460953   30.188702674    2.249577593    0.351997331
    0.475998887    2.443460953   30.485863945    0.988529900    0.142038677
    0.666398442    2.443460953   30.611367842    0.379484464    0.049844608
    0.856797996    2.443460953   30.660648784    0.107397198    0.014355698
    1.047197551    2.443460953   30.674469383    0.017146907    0.002372397
    1.237597106    2.443460953   30.673918973   -0.024054515   -0.001502784
    1.427996661    2.443460953   30.660969673   -0.112617866   -0.007809183
    1.618396215    2.443460953   30.619547674   -0.348036922   -0.025254327
    1.808795770    2.443460953   30.504557600   -0.930980231   -0.072115821
    1.999195325    2.443460953   30.220146891   -2.197858211   -0.183843650
    2.189594880    2.443460953   29.594897618   -4.592976500   -0.420577560
    2.379994435    2.443460953   28.373491870   -8.502155832   -0.863346552
    2.570393989    2.443460953   26.259770891  -13.905986659   -1.588227790
    2.760793544    2.443460953   23.028472253  -20.024972091   -2.618128639
    2.951193099    2.443460953   18.690837612  -25.207519858   -3.865346068

   -3.141592654    2.792526803   12.670933999  -28.243319133   -0.105507715
   -2.951193099    2.792526803    7.485225541  -25.401976174    0.380839977
   -2.760793544    2.792526803    3.283992336  -18.117584100    1.215245986
   -2.570393989    2.792526803    0.735350677   -8.511844143    2.419095387
   -2.379994435    2.792526803    0.000000000    0.447159932    3.975578049
   -2.189594880    2.792526803    0.717538585    6.509006478    5.838504374
   -1.999195325    2.792526803    2.264403026    9.259626635    7.910746479
   -1.808795770    2.792526803    4.118632830   10.063526058    9.991186757
   -1.618396215    2.792526803    6.101653483   10.918240913   11.743788923
   -1.427996661    2.792526803    8.360393061   13.043153954   12.758649316
   -1.237597106    2.792526803   11.133767487   16.156151927   12.712964561
   -1.047197551    2.792526803   14.485950998   18.847674730   11.543586462
   -0.856797996    2.792526803   18.190654777   19.651238867    9.508255507
   -0.666398442    2.792526803   21.817724937   18.009828040    7.082993637
   -0.475998887    2.792526803   24.937958979   14.487780483    4.763654118
   -0.285599332    2.792526803   27.299847029   10.255686463    2.888648124
   -0.095199777    2.792526803   28.877066071    6.415282220    1.578383156
    0.095199777    2.792526803   29.811688974    3.546375470    0.776741821
    0.285599332    2.792526803   30.301492138    1.746198047    0.344011571
    0.475998887    2.792526803   30.531703164    0.757879999    0.137470271
    0.666398442    2.792526803   30.627576368    0.289453105    0.048082766
    0.856797996    2.792526803   30.665421262    0.078685586    0.013483649
    1.047197551    2.792526803   30.675301422    0.010611129    0.002269577
    1.237597106    2.792526803   30.673598206   -0.028017825   -0.000282872
    1.427996661    2.792526803   30.659107977   -0.124297941   -0.002574240
    1.618396215    2.792526803   30.613668004   -0.381576880   -0.007531189
    1.808795770    2.792526803   30.488094708   -1.015309583   -0.019672126
    1.999195325    2.792526803   30.178998962   -2.384441919   -0.045518571
    2.189594880    2.792526803   29.502662354   -4.957293540   -0.093327051
    2.379994435    2.792526803   28.188341893   -9.125252934   -0.167752037
    2.570393989    2.792526803   25.927861417  -14.825530495   -0.258747697
    2.760793544    2.792526803   22.497867119  -21.171530531   -0.329291656
    2.951193099    2.792526803   17.936841153  -26.358503904   -0.310149275
