#! FIELDS phi psi file.free der_phi der_psi
#! SET min_phi -pi
#! SET max_phi pi
#! SET nbins_phi  33
#! SET periodic_phi true
#! SET min_psi -pi
#! SET max_psi pi
#! SET nbins_psi  18
#! SET periodic_psi true
   -3.141592654   -3.141592654   19.218529378  -56.523299007   14.448630747
   -2.951193099   -3.141592654   10.135253788  -37.872881381   17.188017763
   -2.760793544   -3.141592654    5.046996968  -15.626684659   19.189305952
   -2.570393989   -3.141592654    4.001362236    3.621892303   20.496467338
   -2.379994435   -3.141592654    5.922437128   15.026183432   21.413071810
   -2.189594880   -3.141592654    9.152479876   17.555616658   22.388042424
   -1.999195325   -3.141592654   12.222378843   14.068902585   23.796935142
   -1.808795770   -3.141592654   14.448094660    9.569370640   25.720840519
   -1.618396215   -3.141592654   16.098473226    8.628156050   27.838853716
   -1.427996661   -3.141592654   18.102360778   13.380137396   29.516297802
   -1.237597106   -3.141592654   21.498940743   22.843574928   30.059570408
   -1.047197551   -3.141592654   26.898063985   33.703945275   29.020733910
   -0.856797996   -3.141592654   34.177258841   41.924327842   26.376479019
   -0.666398442   -3.141592654   42.510855274   44.328027780   22.479797011
   -0.475998887   -3.141592654   50.620112549   39.488970826   17.850170078
   -0.285599332   -3.141592654   57.132418207   27.788925446   12.929172592
   -0.095199777   -3.141592654   60.894722570   11.039214407    7.940303136
    0.095199777   -3.141592654   61.216386618   -7.766427792    2.933217396
    0.285599332   -3.141592654   58.076726899  -24.559975890   -2.055351799
    0.475998887   -3.141592654   52.297765895  -34.767439891   -6.824143468
    0.666398442   -3.141592654   45.520125364  -34.562255168  -10.940970250
    0.856797996   -3.141592654   39.884983152  -22.932629700  -13.846141115
    1.047197551   -3.141592654   37.349731634   -2.814314506  -15.094820438
    1.237597106   -3.141592654   38.953243544   19.295256418  -14.599169071
    1.427996661   -3.141592654   44.350943939   35.905386604  -12.689023551
    1.618396215   -3.141592654   51.928505024   41.601980032   -9.957971046
    1.808795770   -3.141592654   59.395478382   34.837334576   -6.984008900
    1.999195325   -3.141592654   64.537470983   17.761169361   -4.106118430
    2.189594880   -3.141592654   65.773937649   -5.384581302   -1.356737881
    2.379994435   -3.141592654   62.407219004  -29.777975888    1.431228891
    2.570393989   -3.141592654   54.655280548  -50.683229016    4.447259775
    2.760793544   -3.141592654   43.600870427  -63.825454924    7.749458979
    2.951193099   -3.141592654   31.054742878  -66.035713018   11.187533529

   -3.141592654   -2.792526803   26.034044857  -50.737539529   21.930728096
   -2.951193099   -2.792526803   17.870356139  -34.089101238   24.797760279
   -2.760793544   -2.792526803   13.299433085  -13.933101197   26.438812629
   -2.570393989   -2.792526803   12.419986923    3.823964382   27.030005814
   -2.379994435   -2.792526803   14.321348838   14.811829811   27.073758761
   -2.189594880   -2.792526803   17.560287299   18.019715407   27.183039763
   -1.999195325   -2.792526803   20.838286648   15.837615639   27.792225243
   -1.808795770   -2.792526803   23.520154083   12.498811815   28.939679500
   -1.618396215   -2.792526803   25.771171842   11.807229882   30.219705274
   -1.427996661   -2.792526803   28.297386713   15.452393573   30.941601202
   -1.237597106   -2.792526803   31.877249909   22.524290165   30.416078661
   -1.047197551   -2.792526803   36.922723817   30.264523242   28.252702390
   -0.856797996   -2.792526803   43.247954052   35.426636009   24.511622995
   -0.666398442   -2.792526803   50.106852276   35.508407559   19.631604133
   -0.475998887   -2.792526803   56.396699631   29.388891689   14.209811700
   -0.285599332   -2.792526803   60.940821348   17.358168322    8.750843140
   -0.095199777   -2.792526803   62.739868565    0.937738862    3.519397333
    0.095199777   -2.792526803   61.202455908  -17.128322882   -1.408095578
    0.285599332   -2.792526803   56.379136741  -32.803534423   -5.982529844
    0.475998887   -2.792526803   49.176538862  -41.367557189  -10.012948998
    0.666398442   -2.792526803   41.349629744  -38.870764695  -13.119681864
    0.856797996   -2.792526803   35.154282176  -24.438109896  -14.863056585
    1.047197551   -2.792526803   32.604962194   -1.486433458  -14.968509117
    1.237597106   -2.792526803   34.688992838   22.887517814  -13.518023404
    1.427996661   -2.792526803   40.910118561   40.798150970  -10.937633084
    1.618396215   -2.792526803   49.466104055   46.863440649   -7.803159245
    1.808795770   -2.792526803   57.925264403   39.960564979   -4.569217435
    1.999195325   -2.792526803   64.028893752   22.788198052   -1.403559056
    2.189594880   -2.792526803   66.244566213   -0.045894966    1.814303724
    2.379994435   -2.792526803   63.960527347  -23.695191402    5.330875067
    2.570393989   -2.792526803   57.451016585  -43.736684811    9.309037904
    2.760793544   -2.792526803   47.775988829  -56.396911275   13.672699178
    2.951193099   -2.792526803   36.628454430  -58.945869112   18.058262449

   -3.141592654   -2.443460953   33.688100398  -44.578287730   21.031185386
   -2.951193099   -2.443460953   26.503617911  -30.051649265   23.388283532
   -2.760793544   -2.443460953   22.485034296  -12.127440877   24.537428610
   -2.570393989   -2.443460953   21.777286391    3.963960545   24.663534830
   -2.379994435   -2.443460953   23.624624808   14.280492802   24.226928977
   -2.189594880   -2.443460953   26.776305600   17.760708035   23.748187811
   -1.999195325   -2.443460953   30.070452687   16.281270925   23.554273622
   -1.808795770   -2.443460953   32.885050860   13.338560109   23.624473049
   -1.618396215   -2.443460953   35.263083859   12.116837320   23.596558948
   -1.427996661   -2.443460953   37.706058907   14.089073429   22.938809947
   -1.237597106   -2.443460953   40.794866329   18.646710511   21.187078717
   -1.047197551   -2.443460953   44.842313774   23.713243121   18.161983107
   -0.856797996   -2.443460953   49.707016962   26.796848169   14.052283009
   -0.666398442   -2.443460953   54.807641850   25.875796240    9.322247361
   -0.475998887   -2.443460953   59.255855810   19.857378863    4.512551228
   -0.285599332   -2.443460953   62.056707250    8.667790502    0.032139542
   -0.095199777   -2.443460953   62.306009859   -6.631337902   -3.964156261
    0.095199777   -2.443460953   59.432208191  -23.601411175   -7.506243839
    0.285599332   -2.443460953   53.477288417  -38.195404564  -10.651147248
    0.475998887   -2.443460953   45.365556732  -45.453164318  -13.315470653
    0.666398442   -2.443460953   36.919222645  -41.201985531  -15.219255932
    0.856797996   -2.443460953   30.480933489  -24.595646998  -16.003512208
    1.047197551   -2.443460953   28.115541082    0.581872414  -15.427870628
    1.237597106   -2.443460953   30.773231042   26.745206284  -13.550046559
    1.427996661   -2.443460953   37.839389535   45.681397580  -10.725989843
    1.618396215   -2.443460953   47.362998722   52.047643013   -7.450144105
    1.808795770   -2.443460953   56.806391521   45.089760052   -4.117991752
    1.999195325   -2.443460953   63.887066278   27.972807154   -0.882342761
    2.189594880   -2.443460953   67.126845801    5.601542449    2.356025988
    2.379994435   -2.443460953   65.996123684  -17.188153635    5.808423322
    2.570393989   -2.443460953   60.817082021  -36.299558293    9.608068655
    2.760793544   -2.443460953   52.616943228  -48.464807420   13.669441346
    2.951193099   -2.443460953   42.960494862  -51.393046068   17.643087593

   -3.141592654   -2.094395102   39.805276033  -40.229987568   13.685569314
   -2.951193099   -2.094395102   33.288448459  -27.442320588   14.964567229
   -2.760793544   -2.094395102   29.596941312  -11.258212021   15.462276005
   -2.570393989   -2.094395102   28.923704225    3.566347128   15.311670551
   -2.379994435   -2.094395102   30.630971155   13.323418868   14.774139666
   -2.189594880   -2.094395102   33.594423867   16.802510441   14.096221336
   -1.999195325   -2.094395102   36.718290757   15.426633043   13.370147944
   -1.808795770   -2.094395102   39.350620237   12.175299917   12.487844260
   -1.618396215   -2.094395102   41.420671236    9.919200378   11.203981663
   -1.427996661   -2.094395102   43.290391535   10.177851211    9.284210038
   -1.237597106   -2.094395102   45.444699640   12.752283353    6.640030490
   -1.047197551   -2.094395102   48.200731997   16.160734295    3.404075492
   -0.856797996   -2.094395102   51.533920043   18.441257124   -0.100548435
   -0.666398442   -2.094395102   55.051570107   17.782243848   -3.484622671
   -0.475998887   -2.094395102   58.054339150   12.889560122   -6.440324214
   -0.285599332   -2.094395102   59.666963302    3.166324868   -8.846510232
   -0.095199777   -2.094395102   58.996400817  -10.853310925  -10.806862899
    0.095199777   -2.094395102   55.403040261  -27.011131240  -12.539310976
    0.285599332   -2.094395102   48.846006252  -41.130738259  -14.218954596
    0.475998887   -2.094395102   40.222675472  -47.824933947  -15.821184693
    0.666398442   -2.094395102   31.416711433  -42.494177492  -17.066946245
    0.856797996   -2.094395102   24.887041497  -24.159526269  -17.535834860
    1.047197551   -2.094395102   22.800061420    3.091644256  -16.869354059
    1.237597106   -2.094395102   26.121037548   31.125537676  -14.978657772
    1.427996661   -2.094395102   34.148770244   51.260165567  -12.103461686
    1.618396215   -2.094395102   44.784335311   58.022363161   -8.702761355
    1.808795770   -2.094395102   55.356619578   50.903494097   -5.234813270
    1.999195325   -2.094395102   63.516167994   33.500805123   -1.988551601
    2.189594880   -2.094395102   67.797595732   11.065325614    0.984056465
    2.379994435   -2.094395102   67.727475201  -11.476670945    3.786372249
    2.570393989   -2.094395102   63.671306742  -30.230770623    6.532160829
    2.760793544   -2.094395102   56.642492396  -42.315472140    9.222639335
    2.951193099   -2.094395102   48.117693413  -45.783417932   11.694019603

   -3.141592654   -1.745329252   43.006508165  -38.211409826    6.654726594
   -2.951193099   -1.745329252   36.777456630  -26.474673635    6.903762542
   -2.760793544   -1.745329252   33.164636804  -11.389558084    6.704904273
   -2.570393989   -1.745329252   32.374109917    2.506773233    6.140812249
   -2.379994435   -1.745329252   33.812177078   11.593984804    5.315753970
   -2.189594880   -1.745329252   36.395279099   14.540443463    4.276427599
   -1.999195325   -1.745329252   39.030639632   12.522690220    2.963709288
   -1.808795770   -1.745329252   41.026258166    8.340732406    1.243276886
   -1.618396215   -1.745329252   42.257321732    4.925144546   -0.999946819
   -1.427996661   -1.745329252   43.068992946    4.107719759   -3.746526706
   -1.237597106   -1.745329252   44.001910806    6.115364514   -6.792094915
   -1.047197551   -1.745329252   45.503000445    9.775001370   -9.781529596
   -0.856797996   -1.745329252   47.713409916   13.166665022  -12.319902390
   -0.666398442   -1.745329252   50.382847898   14.211274666  -14.111199944
   -0.475998887   -1.745329252   52.881228632   11.149453086  -15.061180835
   -0.285599332   -1.745329252   54.309486465    2.870984386  -15.302695093
   -0.095199777   -1.745329252   53.664073143  -10.427881606  -15.165612293
    0.095199777   -1.745329252   50.156738024  -26.647297283  -15.039716818
    0.285599332   -1.745329252   43.619696400  -41.325423258  -15.219116488
    0.475998887   -1.745329252   34.903239412  -48.546024196  -15.751202024
    0.666398442   -1.745329252   25.951837165  -43.170984293  -16.381504951
    0.856797996   -1.745329252   19.365384750  -23.937000442  -16.654549663
    1.047197551   -1.745329252   17.465324399    4.912894002  -16.111662301
    1.237597106   -1.745329252   21.305703329   34.732589264  -14.521067000
    1.427996661   -1.745329252   30.164171757   56.262448628  -11.984914152
    1.618396215   -1.745329252   41.826704554   63.664224158   -8.884149933
    1.808795770   -1.745329252   53.474315741   56.438650581   -5.685325863
    1.999195325   -1.745329252   62.639563005   38.480170979   -2.761528938
    2.189594880   -1.745329252   67.807440564   15.405913582   -0.280817273
    2.379994435   -1.745329252   68.515590537   -7.613828385    1.764316996
    2.570393989   -1.745329252   65.165120165  -26.662253746    3.458183437
    2.760793544   -1.745329252   58.791095370  -39.024419396    4.860493864
    2.951193099   -1.745329252   50.852473127  -42.967000909    5.950935639

   -3.141592654   -1.396263402   42.346196682  -39.201208335    3.818922577
   -2.951193099   -1.396263402   35.927792100  -27.463607911    3.192645207
   -2.760793544   -1.396263402   32.131249843  -12.341062288    2.222630496
   -2.570393989   -1.396263402   31.155429081    1.478713463    0.996895513
   -2.379994435   -1.396263402   32.370347606   10.221259819   -0.450335011
   -2.189594880   -1.396263402   34.629297025   12.439292517   -2.185036428
   -1.999195325   -1.396263402   36.763762658    9.310602925   -4.348500436
   -1.808795770   -1.396263402   38.023960289    3.823918435   -7.051003015
   -1.618396215   -1.396263402   38.282602057   -0.697694940  -10.239217571
   -1.427996661   -1.396263402   37.968427323   -1.946869412  -13.621671777
   -1.237597106   -1.396263402   37.787347593    0.655465536  -16.721626064
   -1.047197551   -1.396263402   38.389954852    5.958669391  -19.037572174
   -0.856797996   -1.396263402   40.090310297   11.696456729  -20.222312352
   -0.666398442   -1.396263402   42.717160621   15.189231608  -20.196691521
   -0.475998887   -1.396263402   45.598007464   14.059466625  -19.157198593
   -0.285599332   -1.396263402   47.689190322    6.736053392  -17.492769546
   -0.095199777   -1.396263402   47.781021582   -6.731291404  -15.684385230
    0.095199777   -1.396263402   44.882784369  -24.077592766  -14.169160294
    0.285599332   -1.396263402   38.684539832  -40.368540206  -13.219990970
    0.475998887   -1.396263402   30.004083617  -49.036751733  -12.850214215
    0.666398442   -1.396263402   20.880400106  -44.322355522  -12.797754541
    0.856797996   -1.396263402   14.101758529  -24.616501427  -12.637428970
    1.047197551   -1.396263402   12.200947863    5.705525886  -11.958347660
    1.237597106   -1.396263402   16.373984183   37.436358530  -10.546914252
    1.427996661   -1.396263402   25.913581362   60.595491401   -8.465058811
    1.618396215   -1.396263402   38.493460861   68.795232380   -5.995106906
    1.808795770   -1.396263402   51.115758665   61.377388372   -3.487773585
    1.999195325   -1.396263402   61.139428925   42.457111439   -1.227207519
    2.189594880   -1.396263402   66.940720482   18.053539490    0.643018214
    2.379994435   -1.396263402   68.026046561   -6.275672174    2.093810396
    2.570393989   -1.396263402   64.825057828  -26.377096382    3.142714656
    2.760793544   -1.396263402   58.431709970  -39.456003024    3.794223299
    2.951193099   -1.396263402   50.368197684  -43.799545133    4.026484153

   -3.141592654   -1.047197551   40.357333567  -42.729399096    4.259671452
   -2.951193099   -1.047197551   33.283961498  -30.739668266    2.948081979
   -2.760793544   -1.047197551   28.918218824  -15.015177052    1.127544179
   -2.570393989   -1.047197551   27.492898996   -0.605335148   -1.034959774
   -2.379994435   -1.047197551   28.337318237    8.317994031   -3.416443836
   -2.189594880   -1.047197551   30.200998680   10.082128636   -6.012566315
   -1.999195325   -1.047197551   31.798613771    5.969368444   -8.914175060
   -1.808795770   -1.047197551   32.317202876   -0.586996257  -12.175180929
   -1.618396215   -1.047197551   31.671529863   -5.646344266  -15.651286567
   -1.427996661   -1.047197551   30.443049515   -6.405355283  -18.930219953
   -1.237597106   -1.047197551   29.551780683   -2.169504615  -21.430552502
   -1.047197551   -1.047197551   29.839462635    5.562908071  -22.635881112
   -0.856797996   -1.047197551   31.713563229   13.882695404  -22.317701913
   -0.666398442   -1.047197551   34.966536639   19.437321060  -20.628985315
   -0.475998887   -1.047197551   38.777617829   19.391004644  -18.029526567
   -0.285599332   -1.047197551   41.896811580   12.009888959  -15.102649724
   -0.095199777   -1.047197551   42.905577634   -2.518918344  -12.373961136
    0.095199777   -1.047197551   40.654678990  -21.557409132  -10.173655526
    0.285599332   -1.047197551   34.763715409  -39.628914764   -8.581366769
    0.475998887   -1.047197551   26.089506418  -49.586140377   -7.448590995
    0.666398442   -1.047197551   16.810200737  -45.242373707   -6.495257660
    0.856797996   -1.047197551    9.904809733  -24.885191349   -5.461788495
    1.047197551   -1.047197551    8.078461872    6.824448561   -4.218824217
    1.237597106   -1.047197551   12.616619888   40.120781449   -2.800150074
    1.427996661   -1.047197551   22.789835921   64.452434327   -1.341012513
    1.618396215   -1.047197551   36.157691238   73.070904586    0.016965404
    1.808795770   -1.047197551   49.570019621   65.268591734    1.205409875
    1.999195325   -1.047197551   60.247423416   45.349156763    2.235596201
    2.189594880   -1.047197551   66.474884715   19.601538657    3.156198324
    2.379994435   -1.047197551   67.717070032   -6.177417728    3.985452340
    2.570393989   -1.047197551   64.400758579  -27.663597659    4.662977300
    2.760793544   -1.047197551   57.646352047  -41.911551242    5.043942321
    2.951193099   -1.047197551   49.032868682  -47.047947739    4.953235561

   -3.141592654   -0.698131701   40.597998175  -45.985706344    3.233837039
   -2.951193099   -0.698131701   32.811852482  -34.900106561    1.069293630
   -2.760793544   -0.698131701   27.602439138  -19.637269540   -1.623233490
   -2.570393989   -0.698131701   25.284905052   -5.307287968   -4.596020169
   -2.379994435   -0.698131701   25.238261037    3.654993718   -7.662479604
   -2.189594880   -0.698131701   26.206629459    5.300561632  -10.775417526
   -1.999195325   -0.698131701   26.865416942    0.871082640  -13.971603932
   -1.808795770   -0.698131701   26.387584249   -5.894174489  -17.206533374
   -1.618396215   -0.698131701   24.757385718  -10.531382520  -20.199458081
   -1.427996661   -0.698131701   22.719048747   -9.839116381  -22.430328419
   -1.237597106   -0.698131701   21.393331228   -3.166195739  -23.328553701
   -1.047197551   -0.698131701   21.764131547    7.445390162  -22.564411621
   -0.856797996   -0.698131701   24.249147613   18.299186589  -20.242327141
   -0.666398442   -0.698131701   28.508552036   25.389276994  -16.879465309
   -0.475998887   -0.698131701   33.499875083   25.625476794  -13.189305050
   -0.285599332   -0.698131701   37.744261270   17.441782765   -9.801737535
   -0.095199777   -0.698131701   39.656856023    1.481463354   -7.052246879
    0.095199777   -0.698131701   38.021971110  -19.057245441   -4.922884007
    0.285599332   -0.698131701   32.494880748  -38.209963382   -3.126253670
    0.475998887   -0.698131701   24.041893075  -48.560826858   -1.295878737
    0.666398442   -0.698131701   14.973547948  -43.973609031    0.794240494
    0.856797996   -0.698131701    8.364313998  -23.039892610    3.074852449
    1.047197551   -0.698131701    6.943472200    9.181640560    5.206099316
    1.237597106   -0.698131701   11.953516359   42.640959361    6.772365861
    1.427996661   -0.698131701   22.591210668   66.748612755    7.519951763
    1.618396215   -0.698131701   36.355618227   74.918486799    7.491782624
    1.808795770   -0.698131701   50.075709387   66.666327243    6.985205143
    1.999195325   -0.698131701   60.986385140   46.423865831    6.381890779
    2.189594880   -0.698131701   67.396170462   20.447353798    5.959992498
    2.379994435   -0.698131701   68.773735397   -5.627330938    5.788096182
    2.570393989   -0.698131701   65.514556680  -27.669417067    5.718041788
    2.760793544   -0.698131701   58.678279640  -42.821163062    5.455882747
    2.951193099   -0.698131701   49.783432471  -49.124279741    4.694770954

   -3.141592654   -0.349065850   41.399723562  -49.861868948    1.932041706
   -2.951193099   -0.349065850   32.757705289  -39.931532384   -0.573478460
   -2.760793544   -0.349065850   26.517583223  -25.333041293   -3.547514865
   -2.570393989   -0.349065850   23.092658787  -11.172379097   -6.707534742
   -2.379994435   -0.349065850   21.936351719   -2.113409733   -9.838693923
   -2.189594880   -0.349065850   21.818919041   -0.339661953  -12.868405064
   -1.999195325   -0.349065850   21.418199378   -4.589581700  -15.787907204
   -1.808795770   -0.349065850   19.944715143  -10.785178156  -18.473105169
   -1.618396215   -0.349065850   17.501682461  -14.005756209  -20.552882554
   -1.427996661   -0.349065850   15.019362363  -10.862004971  -21.474097579
   -1.237597106   -0.349065850   13.792274014   -1.051869815  -20.759165080
   -1.047197551   -0.349065850   14.860975314   12.558743266  -18.316301394
   -0.856797996   -0.349065850   18.528045715   25.370677003  -14.569594815
   -0.666398442   -0.349065850   24.197646534   32.861089867  -10.311841720
   -0.475998887   -0.349065850   30.531043696   32.041760710   -6.365212076
   -0.285599332   -0.349065850   35.826008540   21.992257673   -3.247258700
   -0.095199777   -0.349065850   38.425564927    4.224330711   -0.983907023
    0.095199777   -0.349065850   37.201161737  -17.314060646    0.828695891
    0.285599332   -0.349065850   32.001755969  -36.328138623    2.783880190
    0.475998887   -0.349065850   23.996805660  -45.638384266    5.331662434
    0.666398442   -0.349065850   15.605662029  -39.837057261    8.500992369
    0.856797996   -0.349065850    9.854087156  -18.359618580   11.814495095
    1.047197551   -0.349065850    9.286505227   13.243917978   14.483713456
    1.237597106   -0.349065850   14.926074736   45.055999826   15.805996265
    1.427996661   -0.349065850   25.831671112   67.155148584   15.515263495
    1.618396215   -0.349065850   39.510267587   73.733543367   13.895756959
    1.808795770   -0.349065850   52.922010962   64.775504099   11.604238836
    1.999195325   -0.349065850   63.475364177   44.679924032    9.348177914
    2.189594880   -0.349065850   69.606724542   19.297937367    7.594280078
    2.379994435   -0.349065850   70.819217262   -6.262953557    6.448693331
    2.570393989   -0.349065850   67.449890199  -28.298780976    5.696666803
    2.760793544   -0.349065850   60.441178811  -44.112784930    4.936012335
    2.951193099   -0.349065850   51.192829460  -51.618742500    3.765402812

   -3.141592654    0.000000000   42.008566094  -53.746775189    0.281859797
   -2.951193099    0.000000000   32.522769639  -44.817840993   -2.000211378
   -2.760793544    0.000000000   25.296462621  -30.696960778   -4.549163363
   -2.570393989    0.000000000   20.848699862  -16.474028570   -7.148680313
   -2.379994435    0.000000000   18.715210514   -7.046241737   -9.652337579
   -2.189594880    0.000000000   17.700592937   -4.822752640  -12.017138955
   -1.999195325    0.000000000   16.497066477   -8.497462371  -14.200783297
   -1.808795770    0.000000000   14.367098568  -13.660660327  -16.005863954
   -1.618396215    0.000000000   11.537677487  -15.037841726  -17.015300488
   -1.427996661    0.000000000    9.099957181   -9.255562498  -16.733393520
   -1.237597106    0.000000000    8.455339138    3.426092634  -14.869122059
   -1.047197551    0.000000000   10.604676808   19.242339868  -11.591596825
   -0.856797996    0.000000000   15.645179722   32.843506978   -7.547672770
   -0.666398442    0.000000000   22.684758368   39.542474013   -3.601251311
   -0.475998887    0.000000000   30.124203482   36.861794958   -0.444377592
   -0.285599332    0.000000000   36.142703373   24.830772520    1.696724442
   -0.095199777    0.000000000   39.152557020    5.888798254    3.154993156
    0.095199777    0.000000000   38.238626928  -15.484737866    4.632584013
    0.285599332    0.000000000   33.505541844  -33.103870705    6.854239221
    0.475998887    0.000000000   26.294230649  -40.538119293   10.178195949
    0.666398442    0.000000000   19.012490979  -33.489223725   14.338573597
    0.856797996    0.000000000   14.471875458  -12.311130314   18.466976225
    1.047197551    0.000000000   14.886510623   17.233390738   21.436270824
    1.237597106    0.000000000   20.991978411   45.859750842   22.388036740
    1.427996661    0.000000000   31.738805637   64.791327640   21.126026798
    1.618396215    0.000000000   44.744177209   69.266186531   18.169522470
    1.808795770    0.000000000   57.224971543   59.723320797   14.453935306
    1.999195325    0.000000000   66.865949690   40.316576739   10.901395081
    2.189594880    0.000000000   72.286495840   16.232247891    8.079296135
    2.379994435    0.000000000   73.033777463   -8.154183706    6.101438788
    2.570393989    0.000000000   69.366861715  -29.670163447    4.724382474
    2.760793544    0.000000000   62.080124960  -45.796274010    3.528785490
    2.951193099    0.000000000   52.426006305  -54.280360107    2.123998110

   -3.141592654    0.349065850   43.062882054  -56.452889932   -0.037598279
   -2.951193099    0.349065850   32.977162157  -48.351465964   -1.342510180
   -2.760793544    0.349065850   25.021973987  -34.741282462   -2.762072340
   -2.570393989    0.349065850   19.786508153  -20.640577448   -4.236047763
   -2.379994435    0.349065850   16.870929324  -11.057786997   -5.732391238
   -2.189594880    0.349065850   15.121581921   -8.493595050   -7.240891962
   -1.999195325    0.349065850   13.273043607  -11.532319620   -8.687005468
   -1.808795770    0.349065850   10.668974783  -15.485530816   -9.837645486
   -1.618396215    0.349065850    7.667327086  -14.899734083  -10.301770851
   -1.427996661    0.349065850    5.488188525   -6.634010711   -9.695308573
   -1.237597106    0.349065850    5.572385074    8.355309037   -7.883634475
   -1.047197551    0.349065850    8.805583805   25.464406794   -5.145301704
   -0.856797996    0.349065850   15.035517232   38.860899679   -2.103837594
   -0.666398442    0.349065850   23.093258291   44.064915131    0.566044531
   -0.475998887    0.349065850   31.206184716   39.413448284    2.482095641
   -0.285599332    0.349065850   37.561542094   25.989475331    3.743570123
   -0.095199777    0.349065850   40.763236911    7.004910479    4.908757212
    0.095199777    0.349065850   40.181773792  -12.877094313    6.717418448
    0.285599332    0.349065850   36.173967887  -28.009218163    9.724603502
    0.475998887    0.349065850   30.171134304  -33.071102699   13.962410896
    0.666398442    0.349065850   24.436118117  -25.040271050   18.800447386
    0.856797996    0.349065850   21.425588259   -5.101076653   23.106191411
    1.047197551    0.349065850   22.922305666   21.089537352   25.680319723
    1.237597106    0.349065850   29.346220529   45.295586995   25.785920437
    1.427996661    0.349065850   39.585999083   60.228861072   23.458810506
    1.618396215    0.349065850   51.464171921   62.320441598   19.447593386
    1.808795770    0.349065850   62.555270269   52.397832367   14.831009681
    1.999195325    0.349065850   70.895302013   34.173174081   10.575521591
    2.189594880    0.349065850   75.321712973   11.971191101    7.229753557
    2.379994435    0.349065850   75.430532221  -10.678650686    4.885225883
    2.570393989    0.349065850   71.395501505  -31.155244897    3.315460817
    2.760793544    0.349065850   63.856069376  -47.102303316    2.163903506
    2.951193099    0.349065850   53.911683940  -56.113366673    1.111967020

   -3.141592654    0.698131701   44.520572393  -56.470695298   -1.160713574
   -2.951193099    0.698131701   34.374658974  -48.985882542   -1.286532085
   -2.760793544    0.698131701   26.224762108  -36.148029910   -1.306623067
   -2.570393989    0.698131701   20.649384078  -22.780013926   -1.373071936
   -2.379994435    0.698131701   17.270294644  -13.742463725   -1.618595603
   -2.189594880    0.698131701   14.981289828  -11.411139944   -2.101874503
   -1.999195325    0.698131701   12.590414922  -14.222120185   -2.755625207
   -1.808795770    0.698131701    9.542168937  -17.357877265   -3.376767792
   -1.618396215    0.698131701    6.308368933  -15.387910779   -3.682561736
   -1.427996661    0.698131701    4.193052956   -5.471105054   -3.439558854
   -1.237597106    0.698131701    4.639509358   10.900607048   -2.593013914
   -1.047197551    0.698131701    8.430601201   28.612856711   -1.318941874
   -0.856797996    0.698131701   15.241109583   41.665704162    0.063253757
   -0.666398442    0.698131701   23.745942041   45.915503687    1.292006137
   -0.475998887    0.698131701   32.121698931   40.404209830    2.351349789
   -0.285599332    0.698131701   38.646376043   26.969519605    3.530574431
   -0.095199777    0.698131701   42.131760351    9.215975569    5.340438024
    0.095199777    0.698131701   42.177737496   -8.366316400    8.259242199
    0.285599332    0.698131701   39.279495562  -20.905721377   12.451849525
    0.475998887    0.698131701   34.819569164  -24.204140647   17.548217686
    0.666398442    0.698131701   30.799549292  -16.264388643   22.630705752
    0.856797996    0.698131701   29.271583114    1.322033030   26.489420421
    1.047197551    0.698131701   31.619990752   23.398895787   28.075875153
    1.237597106    0.698131701   38.038209274   42.962657724   26.952297672
    1.427996661    0.698131701   47.450557414   54.122789967   23.469137092
    1.618396215    0.698131701   57.947294687   54.255894183   18.579789832
    1.808795770    0.698131701   67.474897333   44.345386275   13.403900156
    1.999195325    0.698131701   74.403479814   27.575098870    8.819044437
    2.189594880    0.698131701   77.769753027    7.471649194    5.245386853
    2.379994435    0.698131701   77.221118137  -13.140443796    2.699892609
    2.570393989    0.698131701   72.874443482  -32.069931274    0.986146389
    2.760793544    0.698131701   65.256558355  -47.119988483   -0.127026884
    2.951193099    0.698131701   55.342265084  -55.868705611   -0.806709734

   -3.141592654    1.047197551   42.964093898  -56.720732110   -5.577029635
   -2.951193099    1.047197551   32.857348657  -48.347432795   -4.991521260
   -2.760793544    1.047197551   24.885164061  -34.987297717   -3.938056183
   -2.570393989    1.047197551   19.543569498  -21.560024480   -2.758446585
   -2.379994435    1.047197551   16.369560292  -12.856722479   -1.783469893
   -2.189594880    1.047197551   14.201177843  -11.033849158   -1.206066499
   -1.999195325    1.047197551   11.839433167  -14.257184488   -1.027028455
   -1.808795770    1.047197551    8.767631085  -17.514409823   -1.099111715
   -1.618396215    1.047197551    5.518577728  -15.348517780   -1.227036055
   -1.427996661    1.047197551    3.444958485   -5.065341020   -1.265075289
   -1.237597106    1.047197551    4.001060148   11.612753943   -1.153107444
   -1.047197551    1.047197551    7.941521147   29.418024023   -0.888834422
   -0.856797996    1.047197551   14.900102261   42.400147304   -0.464846496
   -0.666398442    1.047197551   23.543649726   46.690084761    0.203879459
   -0.475998887    1.047197551   32.106811641   41.706319339    1.307469801
   -0.285599332    1.047197551   38.990331619   29.577333812    3.110689822
   -0.095199777    1.047197551   43.158067041   13.874713455    5.872123962
    0.095199777    1.047197551   44.315653710   -1.358099567    9.682064976
    0.285599332    1.047197551   42.941709160  -12.068999621   14.313228427
    0.475998887    1.047197551   40.231318930  -14.969454564   19.135310827
    0.666398442    1.047197551   37.848905251   -8.649757610   23.206167679
    0.856797996    1.047197551   37.460283750    5.407082950   25.557866320
    1.047197551    1.047197551   40.159587708   22.930899538   25.563333140
    1.237597106    1.047197551   46.067153170   38.221342351   23.207661930
    1.427996661    1.047197551   54.274298637   46.502758559   19.088063343
    1.618396215    1.047197551   63.193337623   45.603721237   14.144029044
    1.808795770    1.047197551   71.103124321   36.209154912    9.267037539
    1.999195325    1.047197551   76.602891383   20.770730308    5.025945276
    2.189594880    1.047197551   78.814440008    2.121324064    1.597566398
    2.379994435    1.047197551   77.366999032  -17.280962718   -1.091513789
    2.570393989    1.047197551   72.326337457  -35.245640508   -3.162004263
    2.760793544    1.047197551   64.188861913  -49.391484908   -4.646998775
    2.951193099    1.047197551   53.933217240  -57.152721745   -5.476888849

   -3.141592654    1.396263402   38.340618356  -57.053351588  -11.656697346
   -2.951193099    1.396263402   28.375241715  -46.565597914  -11.012557605
   -2.760793544    1.396263402   20.902600081  -31.656161313   -9.466530716
   -2.570393989    1.396263402   16.270449007  -17.604795892   -7.418374611
   -2.379994435    1.396263402   13.834637043   -9.188358393   -5.314181026
   -2.189594880    1.396263402   12.287467569   -8.237869734   -3.471696391
   -1.999195325    1.396263402   10.358527388  -12.508353667   -2.009749482
   -1.808795770    1.396263402    7.527544748  -16.704511610   -0.906555180
   -1.618396215    1.396263402    4.359839582  -15.271962410   -0.107451742
   -1.427996661    1.396263402    2.248665189   -5.504267693    0.416120750
   -1.237597106    1.396263402    2.692806119   10.920540206    0.702390490
   -1.047197551    1.396263402    6.508357185   28.861341473    0.870082718
   -0.856797996    1.396263402   13.415679764   42.507224734    1.140446169
   -0.666398442    1.396263402   22.190168119   48.049981663    1.795222831
   -0.475998887    1.396263402   31.174115009   44.834092893    3.088505172
   -0.285599332    1.396263402   38.846457093   34.756506687    5.175622746
   -0.095199777    1.396263402   44.189710267   20.977887322    8.072131799
    0.095199777    1.396263402   46.834546327    6.998107802   11.591303026
    0.285599332    1.396263402   47.075718602   -3.711255797   15.301921538
    0.475998887    1.396263402   45.829775203   -8.225910460   18.542108852
    0.666398442    1.396263402   44.454278705   -5.025352689   20.563128543
    0.856797996    1.396263402   44.384484188    5.077473104   20.798312754
    1.047197551    1.396263402   46.651999546   18.847756000   19.102676713
    1.237597106    1.396263402   51.510417817   31.526858357   15.834307188
    1.427996661    1.396263402   58.318027302   38.752784708   11.697013270
    1.618396215    1.396263402   65.770595481   38.115489028    7.438599509
    1.808795770    1.396263402   72.336723404   29.627369266    3.564677153
    1.999195325    1.396263402   76.671065366   15.057204606    0.234277392
    2.189594880    1.396263402   77.847250948   -3.111712019   -2.662793364
    2.379994435    1.396263402   75.422111806  -22.337079064   -5.302584747
    2.570393989    1.396263402   69.439097287  -40.028583213   -7.738437840
    2.760793544    1.396263402   60.456229698  -53.363202719   -9.815088471
    2.951193099    1.396263402   49.578766956  -59.575118760  -11.221558681

   -3.141592654    1.745329252   32.064254863  -57.609125061  -16.880101319
   -2.951193099    1.745329252   22.243371688  -44.532185812  -16.543462779
   -2.760793544    1.745329252   15.361912712  -27.637637205  -14.918005051
   -2.570393989    1.745329252   11.600290345  -12.675307337  -12.345477500
   -2.379994435    1.745329252   10.102228070   -4.423272840   -9.288356800
   -2.189594880    1.745329252    9.387584944   -4.335363601   -6.134006637
   -1.999195325    1.745329252    8.097118789   -9.718869390   -3.103411068
   -1.808795770    1.745329252    5.692297307  -15.005068312   -0.303976029
   -1.618396215    1.745329252    2.753626721  -14.546254057    2.160666820
   -1.427996661    1.745329252    0.704090067   -5.538958889    4.146006962
   -1.237597106    1.745329252    1.101808861   10.554504217    5.541098264
   -1.047197551    1.745329252    4.870504090   28.851364629    6.383866706
   -0.856797996    1.745329252   11.872144277   43.618302672    6.896609365
   -0.666398442    1.745329252   21.011747786   50.823797991    7.409515439
   -0.475998887    1.745329252   30.694784755   49.374431137    8.215480518
   -0.285599332    1.745329252   39.373977734   40.697769489    9.457724421
   -0.095199777    1.745329252   45.924604204   27.567148692   11.086207334
    0.095199777    1.745329252   49.806644986   13.214751766   12.847228027
    0.285599332    1.745329252   51.104615067    0.976224738   14.318624474
    0.475998887    1.745329252   50.520698854   -6.113260193   14.998549012
    0.666398442    1.745329252   49.251584409   -6.050727027   14.468995845
    0.856797996    1.745329252   48.696322213    1.116843606   12.603526208
    1.047197551    1.745329252   50.003077196   12.931283489    9.661119851
    1.237597106    1.745329252   53.657523350   25.019846194    6.202266626
    1.427996661    1.745329252   59.266958377   32.817940682    2.841255074
    1.618396215    1.745329252   65.691273026   33.267650439   -0.016518174
    1.808795770    1.745329252   71.425067154   25.649043119   -2.318925030
    1.999195325    1.745329252   75.033872551   11.290649613   -4.309895679
    2.189594880    1.745329252   75.459235003   -7.313148364   -6.344546483
    2.379994435    1.745329252   72.168109109  -27.220355301   -8.668864480
    2.570393989    1.745329252   65.213481705  -45.236951999  -11.270876880
    2.760793544    1.745329252   55.274572295  -58.010651333  -13.843529556
    2.951193099    1.745329252   43.650936238  -62.579512548  -15.882328645

   -3.141592654    2.094395102   25.261468618  -59.198976843  -17.842555428
   -2.951193099    2.094395102   15.383448567  -43.534492604  -17.408126925
   -2.760793544    2.094395102    8.926846615  -24.268268090  -15.594833550
   -2.570393989    2.094395102    5.978905220   -7.642011703  -12.692022111
   -2.379994435    2.094395102    5.530786491    1.441465571   -9.129297277
   -2.189594880    2.094395102    5.959219272    1.722538128   -5.281348959
   -1.999195325    2.094395102    5.809505401   -3.843918407   -1.380182699
   -1.808795770    2.094395102    4.485906229   -9.568010515    2.421343443
   -1.618396215    2.094395102    2.519147264   -9.828233032    5.928522931
   -1.427996661    2.094395102    1.278057507   -1.802641713    8.865056303
   -1.237597106    2.094395102    2.286945689   13.248545539   10.975449810
   -1.047197551    2.094395102    6.489172913   30.772193783   12.182226457
   -0.856797996    2.094395102   13.822349808   45.259476237   12.649916510
   -0.666398442    2.094395102   23.286292189   52.637265328   12.699095407
   -0.475998887    2.094395102   33.347669259   51.522322595   12.627505996
   -0.285599332    2.094395102   42.453879208   42.968706957   12.568753793
   -0.095199777    2.094395102   49.408266778   29.426205250   12.446632874
    0.095199777    2.094395102   53.549653118   13.952752821   12.014316238
    0.285599332    2.094395102   54.826010589   -0.089643554   10.952401807
    0.475998887    2.094395102   53.833737940   -9.368718957    9.004712259
    0.666398442    2.094395102   51.746069097  -11.298089149    6.126806746
    0.856797996    2.094395102   50.063404127   -5.275594059    2.603055069
    1.047197551    2.094395102   50.142185752    6.651971287   -1.002166046
    1.237597106    2.094395102   52.707305654   20.009107794   -4.056223884
    1.427996661    2.094395102   57.532695927   29.617797829   -6.142423368
    1.618396215    2.094395102   63.504240670   31.607594001   -7.242072265
    1.808795770    2.094395102   69.000299280   24.640434172   -7.722059538
    1.999195325    2.094395102   72.394450124    9.883587599   -8.140204494
    2.189594880    2.094395102   72.448474008   -9.887860505   -8.996402438
    2.379994435    2.094395102   68.533407164  -31.175641122  -10.537324127
    2.570393989    2.094395102   60.723396783  -50.140369226  -12.673350993
    2.760793544    2.094395102   49.832577700  -62.913209436  -14.998129934
    2.951193099    2.094395102   37.367646372  -66.315836551  -16.917069769

   -3.141592654    2.443460953   19.511299445  -60.073899889  -12.481205490
   -2.951193099    2.443460953    9.683251878  -42.120968092  -11.746499782
   -2.760793544    2.443460953    3.710463384  -20.671401048   -9.930589292
   -2.570393989    2.443460953    1.616538667   -2.377430122   -7.196457601
   -2.379994435    2.443460953    2.279938090    7.754345843   -3.809174348
   -2.189594880    2.443460953    3.971310133    8.610034910    0.002517106
   -1.999195325    2.443460953    5.161901713    3.294610382    4.091109187
   -1.808795770    2.443460953    5.195160833   -2.527044167    8.307168696
   -1.618396215    2.443460953    4.520000149   -3.405327820   12.378888100
   -1.427996661    2.443460953    4.394848739    3.398704639   15.885261576
   -1.237597106    2.443460953    6.242008589   16.809629094   18.384673584
   -1.047197551    2.443460953   10.962808410   32.689063510   19.616425171
   -0.856797996    2.443460953   18.532781950   45.905506844   19.617521094
   -0.666398442    2.443460953   28.038906779   52.497507771   18.665173302
   -0.475998887    2.443460953   38.024810388   50.884835262   17.093869098
   -0.285599332    2.443460953   46.960429337   41.774427759   15.117330759
   -0.095199777    2.443460953   53.608247495   27.324388084   12.749186619
    0.095199777    2.443460953   57.227528131   10.498284971    9.853839020
    0.285599332    2.443460953   57.691985109   -5.185681589    6.286943325
    0.475998887    2.443460953   55.578331108  -15.993677318    2.065676652
    0.666398442    2.443460953   52.132292020  -18.777241548   -2.513588894
    0.856797996    2.443460953   49.030719584  -12.470810429   -6.864305865
    1.047197551    2.443460953   47.865020033    0.975984404  -10.288680609
    1.237597106    2.443460953   49.564832100   16.680256357  -12.260403588
    1.427996661    2.443460953   53.990050302   28.684563064  -12.668764114
    1.618396215    2.443460953   59.957772033   32.332271584  -11.869656294
    1.808795770    2.443460953   65.655887468   25.836109840  -10.525697106
    1.999195325    2.443460953   69.228678645   10.404267324   -9.332965221
    2.189594880    2.443460953   69.254923478  -10.767668977   -8.782279819
    2.379994435    2.443460953   65.023201566  -33.587264067   -9.045725423
    2.570393989    2.443460953   56.640679887  -53.617685498   -9.979868236
    2.760793544    2.443460953   45.056011584  -66.547809166  -11.198074955
    2.951193099    2.443460953   31.969993861  -69.027211173  -12.193327646

   -3.141592654    2.792526803   16.533626422  -59.855956182    0.821529738
   -2.951193099    2.792526803    6.881202378  -40.475570184    2.651158016
   -2.760793544    2.792526803    1.366868365  -17.526389314    4.625684310
   -2.570393989    2.792526803    0.000000000    2.062135665    6.678373153
   -2.379994435    2.792526803    1.607741287   13.181621446    8.842289425
   -2.189594880    2.792526803    4.405993475   14.771854587   11.263201503
   -1.999195325    2.792526803    6.823853493    9.984661380   14.100225685
   -1.808795770    2.792526803    8.158680657    4.383630000   17.350667372
   -1.618396215    2.792526803    8.778309658    3.169113193   20.715823285
   -1.427996661    2.792526803    9.813382204    8.878272993   23.625656902
   -1.237597106    2.792526803   12.541097814   20.482705681   25.446225525
   -1.047197551    2.792526803   17.755911814   34.181409808   25.760550947
   -0.856797996    2.792526803   25.404168365   45.272473275   24.538945051
   -0.666398442    2.792526803   34.613586714   50.069366193   22.091132604
   -0.475998887    2.792526803   43.993123399   46.981066177   18.857144455
   -0.285599332    2.792526803   52.055362767   36.501349324   15.181402712
   -0.095199777    2.792526803   57.563160974   20.604515159   11.197003638
    0.095199777    2.792526803   59.760235856    2.292812609    6.875247745
    0.285599332    2.792526803   58.540348801  -14.581149745    2.184813201
    0.475998887    2.792526803   54.585463685  -25.759174971   -2.729833278
    0.666398442    2.792526803   49.344677665  -27.615716145   -7.459696432
    0.856797996    2.792526803   44.759903933  -18.981897752  -11.384877586
    1.047197551    2.792526803   42.658054479   -2.228867784  -13.898131454
    1.237597106    2.792526803   44.079414732   16.912325804  -14.680837941
    1.427996661    2.792526803   48.819331482   31.571302963  -13.860776349
    1.618396215    2.792526803   55.483062353   36.518834412  -11.953966365
    1.808795770    2.792526803   61.988350185   29.925411847   -9.629288321
    1.999195325    2.792526803   66.246848757   13.405002717   -7.442620055
    2.189594880    2.792526803   66.702477224   -9.276113100   -5.673055450
    2.379994435    2.792526803   62.614535859  -33.515562732   -4.320465042
    2.570393989    2.792526803   54.144000581  -54.516716665   -3.202614310
    2.760793544    2.792526803   42.346815813  -67.765513791   -2.080125961
    2.951193099    2.792526803   29.056630340  -69.845034896   -0.765924300
