#! FIELDS phi psi file.free der_phi der_psi
#! SET min_phi -pi
#! SET max_phi pi
#! SET nbins_phi  33
#! SET periodic_phi true
#! SET min_psi -pi
#! SET max_psi pi
#! SET nbins_psi  18
#! SET periodic_psi true
   -3.141592654   -3.141592654   18.423198239  -55.565996418   16.245014295
   -2.951193099   -3.141592654    9.618783744  -36.184180821   18.911141089
   -2.760793544   -3.141592654    4.811406775  -14.588660304   20.625599636
   -2.570393989   -3.141592654    3.837356966    3.257308482   21.530125704
   -2.379994435   -3.141592654    5.564973876   13.428832780   22.050112627
   -2.189594880   -3.141592654    8.437912244   15.553388240   22.758356188
   -1.999195325   -3.141592654   11.165699275   12.613555795   24.140222971
   -1.808795770   -3.141592654   13.223360715    9.321289935   26.358633391
   -1.618396215   -3.141592654   14.966459998    9.844707850   29.115340604
   -1.427996661   -3.141592654   17.343071122   16.037418185   31.718433110
   -1.237597106   -3.141592654   21.376738692   26.824657799   33.330484301
   -1.047197551   -3.141592654   27.651586816   38.874042945   33.289621884
   -0.856797996   -3.141592654   36.012058405   48.035451231   31.334210176
   -0.666398442   -3.141592654   45.560588302   50.846814667   27.620135533
   -0.475998887   -3.141592654   54.879998876   45.479656532   22.576318461
   -0.285599332   -3.141592654   62.386583636   32.003717498   16.702639456
   -0.095199777   -3.141592654   66.684925985   12.247749017   10.426830902
    0.095199777   -3.141592654   66.888435679  -10.301296127    4.091007468
    0.285599332   -3.141592654   62.913205333  -30.725036596   -1.977628621
    0.475998887   -3.141592654   55.694729119  -43.492284765   -7.381251557
    0.666398442   -3.141592654   47.153852397  -44.028129984  -11.648927038
    0.856797996   -3.141592654   39.817157255  -31.010034701  -14.343686426
    1.047197551   -3.141592654   36.032129433   -7.626970405  -15.246453402
    1.237597106   -3.141592654   37.121531281   18.757125908  -14.493694978
    1.427996661   -3.141592654   42.811961485   39.323440548  -12.540904077
    1.618396215   -3.141592654   51.294365580   47.288718380   -9.964886027
    1.808795770   -3.141592654   59.865180878   40.299090154   -7.211485991
    1.999195325   -3.141592654   65.838534253   20.724266212   -4.453118999
    2.189594880   -3.141592654   67.307377974   -5.941640033   -1.601056163
    2.379994435   -3.141592654   63.540448433  -33.187338708    1.538270146
    2.570393989   -3.141592654   55.015332564  -55.042064782    5.078070916
    2.760793544   -3.141592654   43.209515776  -67.081605935    8.931382294
    2.951193099   -3.141592654   30.250420386  -67.063438614   12.794061895

   -3.141592654   -2.792526803   25.877438592  -50.371836625   24.503655100
   -2.951193099   -2.792526803   17.849621901  -33.275822138   27.071644586
   -2.760793544   -2.792526803   13.381684233  -13.853960505   28.320213573
   -2.570393989   -2.792526803   12.399098292    2.613949456   28.541193809
   -2.379994435   -2.792526803   13.970490890   12.653897169   28.333114478
   -2.189594880   -2.792526803   16.785565099   15.900068484   28.383623495
   -1.999195325   -2.792526803   19.753211863   14.855641704   29.183141146
   -1.808795770   -2.792526803   22.420771033   13.397604314   30.803564909
   -1.618396215   -2.792526803   25.043962974   14.788757978   32.815926972
   -1.427996661   -2.792526803   28.319028200   20.238637750   34.424094157
   -1.237597106   -2.792526803   32.941617968   28.554269996   34.750320073
   -1.047197551   -2.792526803   39.202392534   36.863510270   33.168945435
   -0.856797996   -2.792526803   46.782810201   41.871366161   29.525935473
   -0.666398442   -2.792526803   54.794259919   41.025146861   24.144159573
   -0.475998887   -2.792526803   61.982032777   33.151184458   17.656993113
   -0.285599332   -2.792526803   67.013895664   18.583651169   10.767084751
   -0.095199777   -2.792526803   68.761899206   -0.905206155    4.053029468
    0.095199777   -2.792526803   66.577614364  -22.056955621   -2.070188209
    0.285599332   -2.792526803   60.569226748  -40.188713821   -7.295659630
    0.475998887   -2.792526803   51.821541892  -49.993464182  -11.337652735
    0.666398442   -2.792526803   42.358158914  -47.177957620  -13.918658090
    0.856797996   -2.792526803   34.740082737  -30.850201362  -14.860541013
    1.047197551   -2.792526803   31.256464242   -4.742546230  -14.209424695
    1.237597106   -2.792526803   33.075407938   23.364878534  -12.296257031
    1.427996661   -2.792526803   39.719963095   44.589961394   -9.625401515
    1.618396215   -2.792526803   49.205181522   52.492503736   -6.663865676
    1.808795770   -2.792526803   58.743893798   45.287822423   -3.644157008
    1.999195325   -2.792526803   65.671100079   25.839323136   -0.523683482
    2.189594880   -2.792526803   68.167340564   -0.187017697    2.917674311
    2.379994435   -2.792526803   65.585794073  -26.477647853    6.882683523
    2.570393989   -2.792526803   58.423203126  -47.510720806   11.382246210
    2.760793544   -2.792526803   48.083275245  -59.367965060   16.159467846
    2.951193099   -2.792526803   36.535923033  -60.134539379   20.722469780

   -3.141592654   -2.443460953   34.161585771  -44.731307886   22.484546157
   -2.951193099   -2.443460953   27.001290381  -29.852131459   24.640341680
   -2.760793544   -2.443460953   22.975639119  -12.561861942   25.619572155
   -2.570393989   -2.443460953   22.087546807    2.473142068   25.671571211
   -2.379994435   -2.443460953   23.579460342   12.145827483   25.280179106
   -2.189594880   -2.443460953   26.344705350   16.015628373   24.971457621
   -1.999195325   -2.443460953   29.436585393   16.064980199   25.078465249
   -1.808795770   -2.443460953   32.419252104   15.377499927   25.586758722
   -1.618396215   -2.443460953   35.412258240   16.473643036   26.101919608
   -1.427996661   -2.443460953   38.865474357   20.186325398   25.990832258
   -1.237597106   -2.443460953   43.207779458   25.509057089   24.620679735
   -1.047197551   -2.443460953   48.550566030   30.263681403   21.621480920
   -0.856797996   -2.443460953   54.556989587   32.081785038   17.043828695
   -0.666398442   -2.443460953   60.486179093   29.187099718   11.335909126
   -0.475998887   -2.443460953   65.341456814   20.758107599    5.177519389
   -0.285599332   -2.443460953   68.071109225    6.999263007   -0.747946668
   -0.095199777   -2.443460953   67.769383662  -10.725558083   -5.949560546
    0.095199777   -2.443460953   63.924257654  -29.624540309  -10.163491550
    0.285599332   -2.443460953   56.704336392  -45.326407202  -13.296540145
    0.475998887   -2.443460953   47.211879331  -52.670852081  -15.315508129
    0.666398442   -2.443460953   37.468004941  -47.461300696  -16.183069460
    0.856797996   -2.443460953   30.005370512  -28.978075989  -15.892151884
    1.047197551   -2.443460953   27.043736679   -1.223229863  -14.534101456
    1.237597106   -2.443460953   29.633661900   27.835711365  -12.349249853
    1.427996661   -2.443460953   37.166410957   49.364039363   -9.661880766
    1.618396215   -2.443460953   47.559128011   57.235565798   -6.754604333
    1.808795770   -2.443460953   58.002311677   50.086495147   -3.747689064
    1.999195325   -2.443460953   65.878818620   31.085615926   -0.593904512
    2.189594880   -2.443460953   69.451770973    5.928959068    2.850058317
    2.379994435   -2.443460953   68.135617792  -19.312786030    6.692653944
    2.570393989   -2.443460953   62.422633609  -39.531792947   10.890614673
    2.760793544   -2.443460953   53.630203037  -51.243119371   15.205391679
    2.951193099   -2.443460953   43.571114397  -52.800313442   19.223973104

   -3.141592654   -2.094395102   40.342310605  -40.540366568   13.351909041
   -2.951193099   -2.094395102   33.829608576  -27.269882490   14.772721437
   -2.760793544   -2.094395102   30.145088851  -11.512341117   15.518248262
   -2.570393989   -2.094395102   29.345051973    2.449003671   15.694696503
   -2.379994435   -2.094395102   30.781397238   11.692242771   15.499480212
   -2.189594880   -2.094395102   33.462477790   15.638287257   15.120457670
   -1.999195325   -2.094395102   36.500352064   15.849042351   14.624284756
   -1.808795770   -2.094395102   39.425270830   14.873906954   13.909379981
   -1.618396215   -2.094395102   42.229192046   14.837294864   12.729140523
   -1.427996661   -2.094395102   45.189103161   16.509493274   10.805485236
   -1.237597106   -2.094395102   48.587981174   19.241751407    7.961713790
   -1.047197551   -2.094395102   52.492821464   21.523366116    4.236576552
   -0.856797996   -2.094395102   56.661468980   21.716869327   -0.085225869
   -0.666398442   -2.094395102   60.565948742   18.528475957   -4.549712155
   -0.475998887   -2.094395102   63.473129433   11.174531629   -8.669835522
   -0.285599332   -2.094395102   64.560289015   -0.555718132  -12.067665245
   -0.095199777   -2.094395102   63.044852061  -15.908219582  -14.591075207
    0.095199777   -2.094395102   58.424904364  -32.639533126  -16.293179837
    0.285599332   -2.094395102   50.801405895  -46.621988202  -17.347940622
    0.475998887   -2.094395102   41.193121283  -52.628289287  -17.911207693
    0.666398442   -2.094395102   31.569327511  -46.248562838  -18.017535088
    0.856797996   -2.094395102   24.446258272  -26.614749545  -17.585523566
    1.047197551   -2.094395102   22.038853258    2.220534313  -16.496332892
    1.237597106   -2.094395102   25.370137031   32.134359750  -14.710473660
    1.427996661   -2.094395102   33.777267452   54.189125289  -12.315880529
    1.618396215   -2.094395102   45.115622333   62.305853869   -9.499004835
    1.808795770   -2.094395102   56.538272013   55.290310316   -6.455727103
    1.999195325   -2.094395102   65.423356005   36.487356106   -3.338406357
    2.189594880   -2.094395102   70.054900725   11.659681129   -0.223891190
    2.379994435   -2.094395102   69.867882087  -13.199119585    2.857679912
    2.570393989   -2.094395102   65.346684141  -33.176763906    5.869947779
    2.760793544   -2.094395102   57.758516614  -45.039743800    8.731055418
    2.951193099   -2.094395102   48.822052598  -47.319819749   11.287212049

   -3.141592654   -1.745329252   43.090917891  -37.913483925    5.111361786
   -2.951193099   -1.745329252   37.004092497  -25.465170590    5.836513503
   -2.760793544   -1.745329252   33.571506204  -10.685518075    6.246055875
   -2.570393989   -1.745329252   32.834854759    2.298528459    6.313485030
   -2.379994435   -1.745329252   34.157455259   10.663739657    6.009141333
   -2.189594880   -1.745329252   36.564398125   13.780240312    5.275499510
   -1.999195325   -1.745329252   39.161007647   13.039348994    4.013385376
   -1.808795770   -1.745329252   41.438325310   10.831498152    2.113060213
   -1.618396215   -1.745329252   43.332722788    9.299679644   -0.487278560
   -1.427996661   -1.745329252   45.092338759    9.470309749   -3.726137583
   -1.237597106   -1.745329252   47.037717156   11.125381430   -7.384979422
   -1.047197551   -1.745329252   49.358003284   13.172010149  -11.106045476
   -0.856797996   -1.745329252   51.998355568   14.198561288  -14.466899714
   -0.666398442   -1.745329252   54.631049950   12.828249244  -17.090856759
   -0.475998887   -1.745329252   56.677416017    7.901661112  -18.742345294
   -0.285599332   -1.745329252   57.379907387   -1.364005080  -19.380299554
   -0.095199777   -1.745329252   55.908206461  -14.761199286  -19.188457841
    0.095199777   -1.745329252   51.624087583  -30.416389077  -18.506317614
    0.285599332   -1.745329252   44.451968182  -44.237363931  -17.724244162
    0.475998887   -1.745329252   35.260307820  -50.690859869  -17.130398066
    0.666398442   -1.745329252   25.950637924  -44.858104866  -16.787212088
    0.856797996   -1.745329252   19.067595611  -25.392479416  -16.518298558
    1.047197551   -1.745329252   16.923340813    3.859512912  -15.996238484
    1.237597106   -1.745329252   20.646071917   34.653281021  -14.920013565
    1.427996661   -1.745329252   29.631935436   57.728258615  -13.156160940
    1.618396215   -1.745329252   41.727537728   66.654110632  -10.793791892
    1.808795770   -1.745329252   54.024587735   60.036940182   -8.079809277
    1.999195325   -1.745329252   63.818913903   41.220955177   -5.322263463
    2.189594880   -1.745329252   69.328593766   16.115826451   -2.769968956
    2.379994435   -1.745329252   69.957566808   -9.092441136   -0.556758718
    2.570393989   -1.745329252   66.189224354  -29.366523919    1.295197026
    2.760793544   -1.745329252   59.302074917  -41.490543061    2.832541631
    2.951193099   -1.745329252   51.010857404  -44.118876992    4.100830475

   -3.141592654   -1.396263402   41.606262247  -37.805103002    2.903803086
   -2.951193099   -1.396263402   35.566080090  -25.095386971    2.837245351
   -2.760793544   -1.396263402   32.217584545  -10.225443964    2.545604203
   -2.570393989   -1.396263402   31.548315398    2.464431648    1.982924326
   -2.379994435   -1.396263402   32.835124308   10.028444750    1.027128696
   -2.189594880   -1.396263402   35.003221361   11.822359213   -0.510631064
   -1.999195325   -1.396263402   37.067529474    9.360404320   -2.819137883
   -1.808795770   -1.396263402   38.468218702    5.317707016   -5.974147467
   -1.618396215   -1.396263402   39.159917191    2.277849488   -9.833141581
   -1.427996661   -1.396263402   39.500667986    1.759048089  -14.001787379
   -1.237597106   -1.396263402   40.004999366    3.912452240  -17.915552170
   -1.047197551   -1.396263402   41.099135039    7.701036362  -21.003405541
   -0.856797996   -1.396263402   42.941782154   11.400257281  -22.852578814
   -0.666398442   -1.396263402   45.329271414   13.044630748  -23.310241209
   -0.475998887   -1.396263402   47.683379147   10.817316846  -22.489957358
   -0.285599332   -1.396263402   49.131779109    3.372125961  -20.708216339
   -0.095199777   -1.396263402   48.641543100   -9.397455365  -18.419740659
    0.095199777   -1.396263402   45.338775115  -25.667630744  -16.114151792
    0.285599332   -1.396263402   38.931753545  -41.074787670  -14.210591924
    0.475998887   -1.396263402   30.152447367  -49.529655888  -12.942775611
    0.666398442   -1.396263402   20.891927287  -45.397048535  -12.279973894
    0.856797996   -1.396263402   13.815909321  -26.691434993  -11.958012400
    1.047197551   -1.396263402   11.448957901    3.007024998  -11.589717224
    1.237597106   -1.396263402   15.135014673   35.229026831  -10.832744850
    1.427996661   -1.396263402   24.403905108   60.108085107   -9.516153468
    1.618396215   -1.396263402   37.103703521   70.503979723   -7.681963905
    1.808795770   -1.396263402   50.210797596   64.519374156   -5.530978332
    1.999195325   -1.396263402   60.842898457   45.383141880   -3.337017467
    2.189594880   -1.396263402   67.055542551   19.249663612   -1.346630979
    2.379994435   -1.396263402   68.159871567   -7.242560856    0.279519499
    2.570393989   -1.396263402   64.633452848  -28.615426062    1.481143023
    2.760793544   -1.396263402   57.819231900  -41.388833606    2.278928134
    2.951193099   -1.396263402   49.524655901  -44.179747678    2.732249125

   -3.141592654   -1.047197551   38.944375898  -40.174959455    4.931767519
   -2.951193099   -1.047197551   32.497700289  -26.950295330    3.863107723
   -2.760793544   -1.047197551   28.856955725  -11.461145712    2.433256968
   -2.570393989   -1.047197551   27.989784704    1.532649157    0.716912400
   -2.379994435   -1.047197551   29.076888733    8.726237475   -1.306998187
   -2.189594880   -1.047197551   30.899294204    9.371519408   -3.773373916
   -1.999195325   -1.047197551   32.342341045    5.240735079   -6.854121703
   -1.808795770   -1.047197551   32.799323931   -0.401864698  -10.601685699
   -1.618396215   -1.047197551   32.306533480   -4.260196986  -14.793146892
   -1.427996661   -1.047197551   31.426244834   -4.288138224  -18.891732831
   -1.237597106   -1.047197551   30.939123816   -0.241842897  -22.181173795
   -1.047197551   -1.047197551   31.506548911    6.436520743  -24.023618607
   -0.856797996   -1.047197551   33.411892061   13.300955403  -24.099356863
   -0.666398442   -1.047197551   36.430521008   17.630247270  -22.511775737
   -0.475998887   -1.047197551   39.835107663   17.061238756  -19.718919603
   -0.285599332   -1.047197551   42.529730028    9.996431924  -16.352084217
   -0.095199777   -1.047197551   43.237970086   -3.621438947  -13.027457124
    0.095199777   -1.047197551   40.876849061  -21.672232036  -10.191515605
    0.285599332   -1.047197551   35.022769497  -39.284544688   -8.045784237
    0.475998887   -1.047197551   26.385637763  -49.740257382   -6.550969489
    0.666398442   -1.047197551   16.953560151  -46.829582061   -5.497961078
    0.856797996   -1.047197551    9.576776149  -28.242089956   -4.639213484
    1.047197551   -1.047197551    6.989655989    2.377173228   -3.783969685
    1.237597106   -1.047197551   10.697918259   36.134273501   -2.839142611
    1.427996661   -1.047197551   20.293062380   62.571931450   -1.782496594
    1.618396215   -1.047197551   33.573746537   74.015903001   -0.622384119
    1.808795770   -1.047197551   47.386809264   68.268397234    0.627396744
    1.999195325   -1.047197551   58.688909322   48.540900347    1.930698279
    2.189594880   -1.047197551   65.395126794   21.198555200    3.210391788
    2.379994435   -1.047197551   66.730733279   -6.777665070    4.345724617
    2.570393989   -1.047197551   63.155214929  -29.554284794    5.192862971
    2.760793544   -1.047197551   56.055952617  -43.360152546    5.618278364
    2.951193099   -1.047197551   47.330446979  -46.637015310    5.536599294

   -3.141592654   -0.698131701   39.278648368  -43.511793082    4.917255452
   -2.951193099   -0.698131701   32.131133140  -30.900782057    2.617497171
   -2.760793544   -0.698131701   27.710898183  -15.641799824   -0.023146940
   -2.570393989   -0.698131701   26.042537442   -2.697077631   -2.803529787
   -2.379994435   -0.698131701   26.311333164    4.311487752   -5.658211200
   -2.189594880   -0.698131701   27.247616194    4.414143638   -8.681808746
   -1.999195325   -0.698131701   27.671581733   -0.521307286  -12.011958773
   -1.808795770   -0.698131701   26.966035752   -6.759112565  -15.628948619
   -1.618396215   -0.698131701   25.269502689  -10.351155370  -19.189119445
   -1.427996661   -0.698131701   23.357400320   -8.800503434  -22.045745263
   -1.237597106   -0.698131701   22.263370172   -1.935088812  -23.479149176
   -1.047197551   -0.698131701   22.831361492    8.164919156  -23.029830512
   -0.856797996   -0.698131701   25.373493030   18.134613644  -20.730864355
   -0.666398442   -0.698131701   29.524823525   24.462157327  -17.108493332
   -0.475998887   -0.698131701   34.304018640   24.414124609  -12.965084457
   -0.285599332   -0.698131701   38.337191750   16.504432311   -9.074224090
   -0.095199777   -0.698131701   40.129039428    1.154751122   -5.922974274
    0.095199777   -0.698131701   38.488847815  -18.860880868   -3.601351193
    0.285599332   -0.698131701   33.009626166  -38.056250576   -1.853965373
    0.475998887   -0.698131701   24.515656901  -49.321173658   -0.272258482
    0.666398442   -0.698131701   15.152741779  -46.412143668    1.464291220
    0.856797996   -0.698131701    7.903199102  -27.285584648    3.396344603
    1.047197551   -0.698131701    5.565056750    4.009975678    5.282788420
    1.237597106   -0.698131701    9.636512465   38.258373022    6.778282210
    1.427996661   -0.698131701   19.660640617   64.899054594    7.663299748
    1.618396215   -0.698131701   33.385634876   76.323668567    7.975686961
    1.808795770   -0.698131701   47.626940930   70.443282879    7.962991029
    1.999195325   -0.698131701   59.323974332   50.496283305    7.914179481
    2.189594880   -0.698131701   66.369923553   22.778604823    7.985239035
    2.379994435   -0.698131701   67.950946990   -5.827077832    8.127421593
    2.570393989   -0.698131701   64.472236250  -29.535882702    8.125298431
    2.760793544   -0.698131701   57.268238622  -44.501763564    7.702444872
    2.951193099   -0.698131701   48.210181884  -48.978007367    6.651987948

   -3.141592654   -0.349065850   40.678438856  -48.224056685    3.959536061
   -2.951193099   -0.349065850   32.542373680  -36.467488400    0.839478565
   -2.760793544   -0.349065850   27.023900203  -21.517114039   -2.501213654
   -2.570393989   -0.349065850   24.239437560   -8.505705004   -5.773179424
   -2.379994435   -0.349065850   23.414447154   -1.388226110   -8.850756244
   -2.189594880   -0.349065850   23.261324492   -1.360006596  -11.797272333
   -1.999195325   -0.349065850   22.571102912   -6.427244018  -14.722108356
   -1.808795770   -0.349065850   20.758247716  -12.353960219  -17.557311821
   -1.618396215   -0.349065850   18.104617102  -14.593561036  -19.900800891
   -1.427996661   -0.349065850   15.616821090  -10.393313221  -21.098361051
   -1.237597106   -0.349065850   14.550814123    0.041183396  -20.544765922
   -1.047197551   -0.349065850   15.841643925   13.683548125  -18.045708522
   -0.856797996   -0.349065850   19.691334438   26.091604850  -13.996472583
   -0.666398442   -0.349065850   25.449400177   33.059677914   -9.255096868
   -0.475998887   -0.349065850   31.779844878   31.838037470   -4.789506470
   -0.285599332   -0.349065850   37.014879020   21.583762529   -1.298153570
   -0.095199777   -0.349065850   39.529072348    3.720359698    1.044694354
    0.095199777   -0.349065850   38.196432618  -17.998428818    2.589634774
    0.285599332   -0.349065850   32.827571726  -37.520380538    3.999718108
    0.475998887   -0.349065850   24.511545911  -47.818773099    5.895052094
    0.666398442   -0.349065850   15.580967345  -43.368898516    8.518055851
    0.856797996   -0.349065850    9.036022843  -23.088312389   11.572291974
    1.047197551   -0.349065850    7.526505887    8.296367129   14.363123281
    1.237597106   -0.349065850   12.332235345   41.523459989   16.173475315
    1.427996661   -0.349065850   22.830829894   66.587097145   16.634120235
    1.618396215   -0.349065850   36.736483135   76.616210696   15.885115834
    1.808795770   -0.349065850   50.951204372   69.999762242   14.441414277
    1.999195325   -0.349065850   62.547028442   49.966001180   12.893914575
    2.189594880   -0.349065850   69.508864524   22.432171191   11.615240418
    2.379994435   -0.349065850   71.028263247   -6.192606912   10.635504259
    2.570393989   -0.349065850   67.437291059  -30.450265250    9.699763670
    2.760793544   -0.349065850   59.961903299  -46.517648103    8.433305877
    2.951193099   -0.349065850   50.389126313  -52.394705369    6.546036046

   -3.141592654    0.000000000   41.915378419  -53.816897933    1.936033945
   -2.951193099    0.000000000   32.643477190  -42.673862596   -1.172588316
   -2.760793544    0.000000000   25.938640988  -27.652584462   -4.267022438
   -2.570393989    0.000000000   22.034773064  -14.070561078   -7.107767356
   -2.379994435    0.000000000   20.216609181   -6.263548712   -9.616950956
   -2.189594880    0.000000000   19.189028058   -5.693931403  -11.871984786
   -1.999195325    0.000000000   17.719093206  -10.258103756  -13.945876295
   -1.808795770    0.000000000   15.254276978  -15.248014496  -15.708800985
   -1.618396215    0.000000000   12.209485933  -15.625732277  -16.734857479
   -1.427996661    0.000000000    9.782472752   -8.582615969  -16.456396984
   -1.237597106    0.000000000    9.369890102    5.079827999  -14.490520150
   -1.047197551    0.000000000   11.884583959   21.298922421  -10.946577677
   -0.856797996    0.000000000   17.308722788   34.699468556   -6.486933187
   -0.666398442    0.000000000   24.647676485   40.758245943   -2.072206930
   -0.475998887    0.000000000   32.236821153   37.184139559    1.456232594
   -0.285599332    0.000000000   38.224962010   24.174032324    3.722926735
   -0.095199777    0.000000000   41.021308459    4.298955184    4.971679317
    0.095199777    0.000000000   39.727478249  -17.878364380    5.920321124
    0.285599332    0.000000000   34.474103281  -36.185522565    7.424076737
    0.475998887    0.000000000   26.617685280  -44.249225352   10.054909639
    0.666398442    0.000000000   18.576949750  -37.737868380   13.783729907
    0.856797996    0.000000000   13.204455189  -16.714764610   17.923563264
    1.047197551    0.000000000   12.835376769   13.588810103   21.412277722
    1.237597106    0.000000000   18.424953763   44.298082625   23.312585800
    1.427996661    0.000000000   29.169946441   66.437387709   23.231821112
    1.618396215    0.000000000   42.814995088   74.213584168   21.448521417
    1.808795770    0.000000000   56.455207945   66.595649492   18.692221108
    1.999195325    0.000000000   67.400322360   46.689835473   15.761543364
    2.189594880    0.000000000   73.798138142   19.811636925   13.177594923
    2.379994435    0.000000000   74.871789974   -8.330645608   11.051179244
    2.570393989    0.000000000   70.870117163  -32.754050923    9.163778422
    2.760793544    0.000000000   62.882854223  -49.692957157    7.160081516
    2.951193099    0.000000000   52.587779207  -56.834682729    4.770136140

   -3.141592654    0.349065850   43.547076848  -58.495566021    1.335561184
   -2.951193099    0.349065850   33.334161390  -47.780791220   -0.750641908
   -2.760793544    0.349065850   25.653282336  -32.703836621   -2.696539364
   -2.570393989    0.349065850   20.825428884  -18.669677299   -4.419590681
   -2.379994435    0.349065850   18.188224996  -10.255239291   -5.931804801
   -2.189594880    0.349065850   16.458116484   -9.072246518   -7.312000173
   -1.999195325    0.349065850   14.411555246  -12.886708576   -8.582798616
   -1.808795770    0.349065850   11.553771713  -16.629759912   -9.583814351
   -1.618396215    0.349065850    8.424731272  -14.995822821   -9.945367653
   -1.427996661    0.349065850    6.358638951   -5.366359974   -9.259002642
   -1.237597106    0.349065850    6.799928822   10.727946285   -7.347534117
   -1.047197551    0.349065850   10.542172456   28.290221855   -4.462246202
   -0.856797996    0.349065850   17.294072658   41.364266531   -1.237876628
   -0.666398442    0.349065850   25.745675901   45.587856060    1.603426316
   -0.475998887    0.349065850   34.019443916   39.521411561    3.613809501
   -0.285599332    0.349065850   40.247711523   24.532443570    4.833166374
   -0.095199777    0.349065850   43.034766277    4.133901675    5.791794596
    0.095199777    0.349065850   41.804668136  -16.753965662    7.255521735
    0.285599332    0.349065850   37.006076818  -32.377249327    9.871581286
    0.475998887    0.349065850   30.165894838  -37.448566221   13.822380822
    0.666398442    0.349065850   23.630894662  -29.016523716   18.651891906
    0.856797996    0.349065850   19.940234245   -8.189725668   23.363142882
    1.047197551    0.349065850   20.991147229   19.627953747   26.789107791
    1.237597106    0.349065850   27.365572175   46.367602309   28.082491538
    1.427996661    0.349065850   38.106075991   64.436304202   27.046819705
    1.618396215    0.349065850   51.067526256   69.306214621   24.158898120
    1.808795770    0.349065850   63.634822293   60.537740971   20.285675174
    1.999195325    0.349065850   73.442263123   41.002665832   16.305916223
    2.189594880    0.349065850   78.860879744   15.266810666   12.796664122
    2.379994435    0.349065850   79.179212450  -11.785815986    9.935141433
    2.570393989    0.349065850   74.577736896  -35.726211452    7.590420980
    2.760793544    0.349065850   66.012133451  -52.903463969    5.497508630
    2.951193099    0.349065850   55.042236876  -60.757066656    3.438498281

   -3.141592654    0.698131701   45.491682474  -60.248756908    0.338771770
   -2.951193099    0.698131701   34.918836334  -49.798913555   -0.306131253
   -2.760793544    0.698131701   26.825579779  -34.994586404   -0.707404045
   -2.570393989    0.698131701   21.540852792  -21.153065825   -0.995952079
   -2.379994435    0.698131701   18.420821414  -12.812961292   -1.303344965
   -2.189594880    0.698131701   16.208033364  -11.542265763   -1.718334054
   -1.999195325    0.698131701   13.720495735  -14.987837183   -2.235970866
   -1.808795770    0.698131701   10.531038553  -17.930015289   -2.733847944
   -1.618396215    0.698131701    7.267722097  -15.039425868   -2.997886900
   -1.427996661    0.698131701    5.332649882   -3.946655644   -2.829958234
   -1.237597106    0.698131701    6.165062849   13.320764987   -2.170365417
   -1.047197551    0.698131701   10.454548187   31.282714907   -1.154038571
   -0.856797996    0.698131701   17.740575802   43.844188569   -0.037302116
   -0.666398442    0.698131701   26.566057126   47.003712463    0.987911537
   -0.475998887    0.698131701   35.015178814   40.037450967    1.959838377
   -0.285599332    0.698131701   41.323615155   25.058489895    3.186643269
   -0.095199777    0.698131701   44.314405703    5.968218358    5.156994839
    0.095199777    0.698131701   43.653219336  -12.465747460    8.303735520
    0.285599332    0.698131701   39.945842026  -25.218854013   12.759569728
    0.475998887    0.698131701   34.698492312  -28.082142181   18.168750342
    0.666398442    0.698131701   30.028619073  -19.144303320   23.680117431
    0.856797996    0.698131701   28.091319838   -0.025022789   28.165943095
    1.047197551    0.698131701   30.377249559   24.181655774   30.613062001
    1.237597106    0.698131701   37.194945157   46.437271955   30.514951051
    1.427996661    0.698131701   47.544773829   60.441631398   28.043855131
    1.618396215    0.698131701   59.466987612   62.672781575   23.928414051
    1.808795770    0.698131701   70.662136420   53.052644723   19.113963620
    1.999195325    0.698131701   79.085964062   34.153886759   14.430814390
    2.189594880    0.698131701   83.332733660    9.877413156   10.380962770
    2.379994435    0.698131701   82.779138903  -15.583619667    7.129211028
    2.570393989    0.698131701   77.580694697  -38.283187915    4.622452807
    2.760793544    0.698131701   68.603786663  -54.756067114    2.726593115
    2.951193099    0.698131701   57.307391936  -62.394884287    1.325199008

   -3.141592654    1.047197551   44.118288542  -61.141608868   -4.342075132
   -2.951193099    1.047197551   33.476692073  -49.655270590   -3.814835917
   -2.760793544    1.047197551   25.481301893  -34.171596033   -2.855773089
   -2.570393989    1.047197551   20.383728851  -20.075131342   -1.790025978
   -2.379994435    1.047197551   17.462525090  -11.845343348   -0.895473552
   -2.189594880    1.047197551   15.404607863  -10.895493098   -0.325311873
   -1.999195325    1.047197551   13.006078407  -14.690042443   -0.096203593
   -1.808795770    1.047197551    9.848006009  -17.875458679   -0.139034821
   -1.618396215    1.047197551    6.582702655  -15.098197224   -0.360201260
   -1.427996661    1.047197551    4.631042150   -4.065824537   -0.684457973
   -1.237597106    1.047197551    5.431953012   13.088347681   -1.045482000
   -1.047197551    1.047197551    9.661769210   30.873008395   -1.343668005
   -0.856797996    1.047197551   16.859395064   43.361663626   -1.407827351
   -0.666398442    1.047197551   25.616784391   46.873649840   -0.977889161
   -0.475998887    1.047197551   34.132572845   41.007677391    0.253108427
   -0.285599332    1.047197551   40.801448275   28.016341364    2.558040994
   -0.095199777    1.047197551   44.601377632   11.580193757    6.087595780
    0.095199777    1.047197551   45.273950105   -4.121413617   10.751886108
    0.285599332    1.047197551   43.361100762  -14.918117099   16.147946229
    0.475998887    1.047197551   40.139198732  -17.430207616   21.547115917
    0.666398442    1.047197551   37.368151341  -10.198611366   26.016938027
    0.856797996    1.047197551   36.820070131    5.367428267   28.681175456
    1.047197551    1.047197551   39.708342188   25.049143728   29.014550908
    1.237597106    1.047197551   46.268281563   42.993477799   27.033498599
    1.427996661    1.047197551   55.640730057   53.874141969   23.260411132
    1.618396215    1.047197551   66.141866377   54.570310370   18.489671640
    1.808795770    1.047197551   75.762242478   44.803783467   13.485989162
    1.999195325    1.047197551   82.673753342   26.606653761    8.797647152
    2.189594880    1.047197551   85.579869067    3.359216606    4.707640700
    2.379994435    1.047197551   83.886819332  -21.040250632    1.320162851
    2.570393989    1.047197551   77.748569966  -42.694458290   -1.321018088
    2.760793544    1.047197551   68.034748082  -58.064626914   -3.168221474
    2.951193099    1.047197551   56.220255036  -64.500890317   -4.171757648

   -3.141592654    1.396263402   39.202608051  -60.810429236  -10.864870675
   -2.951193099    1.396263402   28.825200780  -47.287403861   -9.986165678
   -2.760793544    1.396263402   21.420351372  -30.480184364   -8.410905010
   -2.570393989    1.396263402   17.079366134  -15.969372816   -6.501447890
   -2.379994435    1.396263402   14.913113240   -8.129722022   -4.588411683
   -2.189594880    1.396263402   13.481755664   -8.084979724   -2.878381332
   -1.999195325    1.396263402   11.513029842  -13.006678186   -1.457687817
   -1.808795770    1.396263402    8.564204016  -17.362859550   -0.372502483
   -1.618396215    1.396263402    5.288257271  -15.713830564    0.311087540
   -1.427996661    1.396263402    3.124564183   -5.641593512    0.529736570
   -1.237597106    1.396263402    3.564691028   10.957982275    0.328941434
   -1.047197551    1.396263402    7.392679699   28.913823476   -0.046092368
   -0.856797996    1.396263402   14.310022104   42.541438464   -0.167081592
   -0.666398442    1.396263402   23.098916874   48.168790253    0.453767083
   -0.475998887    1.396263402   32.121983947   45.114394918    2.185931308
   -0.285599332    1.396263402   39.858507652   35.099129635    5.153805559
   -0.095199777    1.396263402   45.254771186   21.115854006    9.196736513
    0.095199777    1.396263402   47.885865371    6.660864192   13.865042936
    0.285599332    1.396263402   48.009549020   -4.625469339   18.471708402
    0.475998887    1.396263402   46.549998236   -9.513051312   22.197841779
    0.666398442    1.396263402   44.935411734   -6.151865062   24.283521538
    0.856797996    1.396263402   44.732266482    4.939294158   24.282905335
    1.047197551    1.396263402   47.143993425   20.636717162   22.230052366
    1.237597106    1.396263402   52.585964691   35.918512377   18.622751404
    1.427996661    1.396263402   60.481993901   45.676998690   14.199413284
    1.618396215    1.396263402   69.413990990   46.416425300    9.642555757
    1.808795770    1.396263402   77.532191772   37.207956768    5.365887189
    1.999195325    1.396263402   83.052909351   19.562371091    1.503928515
    2.189594880    1.396263402   84.656996172   -3.293583204   -1.968749578
    2.379994435    1.396263402   81.733895764  -27.269735024   -5.070840962
    2.570393989    1.396263402   74.476637704  -48.123550686   -7.711620578
    2.760793544    1.396263402   63.853590867  -62.062982322   -9.692225485
    2.951193099    1.396263402   51.461925743  -66.463913716  -10.786731442

   -3.141592654    1.745329252   32.584477617  -59.964446104  -17.167952216
   -2.951193099    1.745329252   22.582844278  -44.275707078  -16.375404550
   -2.760793544    1.745329252   15.901258054  -26.055211856  -14.590525913
   -2.570393989    1.745329252   12.460441863  -11.101073939  -12.122927899
   -2.379994435    1.745329252   11.194557231   -3.654435676   -9.300166860
   -2.189594880    1.745329252   10.535311811   -4.505105447   -6.361552793
   -1.999195325    1.745329252    9.144401444  -10.543428389   -3.452397253
   -1.808795770    1.745329252    6.550318120  -16.119122898   -0.706414852
   -1.618396215    1.745329252    3.391799680  -15.728170575    1.685751648
   -1.427996661    1.745329252    1.118527303   -6.724713180    3.510790995
   -1.237597106    1.745329252    1.297447252    9.433075674    4.673154962
   -1.047197551    1.745329252    4.877461607   28.024925414    5.323095012
   -0.856797996    1.745329252   11.783466930   43.491409951    5.849659636
   -0.666398442    1.745329252   21.000379066   51.795208223    6.727290464
   -0.475998887    1.745329252   30.984969806   51.533186772    8.295488724
   -0.285599332    1.745329252   40.161240310   43.632157566   10.608414935
   -0.095199777    1.745329252   47.283389422   30.454030627   13.404705574
    0.095199777    1.745329252   51.639957051   15.156456664   16.157599396
    0.285599332    1.745329252   53.167985754    1.371798207   18.199655355
    0.475998887    1.745329252   52.507595981   -7.275941512   18.898209071
    0.666398442    1.745329252   50.917410159   -8.114023702   17.862462909
    0.856797996    1.745329252   49.979126794   -0.628086530   15.137108815
    1.047197551    1.745329252   51.098871695   12.921301740   11.220590393
    1.237597106    1.745329252   55.006418130   27.778143096    6.879549237
    1.427996661    1.745329252   61.420366170   38.388329441    2.824435148
    1.618396215    1.745329252   69.086752780   40.398688635   -0.565419966
    1.808795770    1.745329252   76.155737909   32.102477559   -3.325435976
    1.999195325    1.745329252   80.737713265   14.698914720   -5.755099793
    2.189594880    1.745329252   81.398278656   -8.376566412   -8.172732364
    2.379994435    1.745329252   77.484955227  -32.524849727  -10.708151716
    2.570393989    1.745329252   69.252123457  -52.980485977  -13.228811343
    2.760793544    1.745329252   57.808686595  -65.662950202  -15.397494802
    2.951193099    1.745329252   44.914362981  -68.022851571  -16.812287744

   -3.141592654    2.094395102   25.365942430  -60.181734173  -19.212822678
   -2.951193099    2.094395102   15.520438559  -42.454851776  -18.207629485
   -2.760793544    2.094395102    9.357153937  -22.524720157  -16.143794441
   -2.570393989    2.094395102    6.707785899   -6.422747260  -13.291677719
   -2.379994435    2.094395102    6.397932277    1.628300154   -9.955776762
   -2.189594880    2.094395102    6.770888728    1.002316633   -6.356510810
   -1.999195325    2.094395102    6.429070426   -5.078224533   -2.618028112
   -1.808795770    2.094395102    4.849509534  -10.990387209    1.136242984
   -1.618396215    2.094395102    2.607158734  -11.302065975    4.685836614
   -1.427996661    2.094395102    1.087169305   -3.268392751    7.727650325
   -1.237597106    2.094395102    1.835079525   11.995993658   10.021232498
   -1.047197551    2.094395102    5.856459854   30.202295541   11.545367231
   -0.856797996    2.094395102   13.198103297   46.001022319   12.527898714
   -0.666398442    2.094395102   22.970515094   55.166482099   13.309641828
   -0.475998887    2.094395102   33.686011040   55.783038024   14.130731807
   -0.285599332    2.094395102   43.713928397   48.185605093   14.987283634
   -0.095199777    2.094395102   51.652768887   34.280313419   15.615312698
    0.095199777    2.094395102   56.574098951   17.062675736   15.579584250
    0.285599332    2.094395102   58.199774065    0.358929967   14.430396939
    0.475998887    2.094395102   57.029257329  -11.633576655   11.889030687
    0.666398442    2.094395102   54.318929786  -15.361452422    8.010421802
    0.856797996    2.094395102   51.822895480   -9.454910169    3.274747608
    1.047197551    2.094395102   51.250536092    4.275294964   -1.529715306
    1.237597106    2.094395102   53.655276007   20.829912007   -5.595946829
    1.427996661    2.094395102   58.968511426   33.795789345   -8.435785205
    1.618396215    2.094395102   65.962177426   37.790133222  -10.064829106
    1.808795770    2.094395102   72.640701723   30.411218000  -10.935684905
    1.999195325    2.094395102   76.894756367   12.785103514  -11.665862303
    2.189594880    2.094395102   77.109253956  -11.200340325  -12.735131376
    2.379994435    2.094395102   72.564052922  -36.276159093  -14.297880980
    2.570393989    2.094395102   63.570300650  -57.082430821  -16.166316468
    2.760793544    2.094395102   51.381371352  -69.228270539  -17.917224677
    2.951193099    2.094395102   37.928642543  -70.190226137  -19.061867915

   -3.141592654    2.443460953   19.069293649  -59.838982607  -13.961939844
   -2.951193099    2.443460953    9.459015777  -40.348008274  -12.741220265
   -2.760793544    2.443460953    3.853532519  -18.840894727  -10.739240817
   -2.570393989    2.443460953    2.026643612   -1.541580700   -8.102660178
   -2.379994435    2.443460953    2.731614684    7.354544531   -4.987283510
   -2.189594880    2.443460953    4.258411410    7.367253909   -1.474712244
   -1.999195325    2.443460953    5.178096317    1.772315034    2.416728731
   -1.808795770    2.443460953    4.928637412   -3.942710037    6.619504017
   -1.618396215    2.443460953    4.007941847   -4.574416776   10.895501798
   -1.427996661    2.443460953    3.690878201    2.543919747   14.828793730
   -1.237597106    2.443460953    5.424989064   16.503843787   17.966802325
   -1.047197551    2.443460953   10.178866913   33.417723682   20.012912521
   -0.856797996    2.443460953   18.034077034   48.239515373   20.929254234
   -0.666398442    2.443460953   28.167013588   56.743064119   20.873615836
   -0.475998887    2.443460953   39.125019368   56.719651074   20.033284665
   -0.285599332    2.443460953   49.244312634   48.118268553   18.482586288
   -0.095199777    2.443460953   57.026501272   32.586795962   16.141400931
    0.095199777    2.443460953   61.421040799   13.134729418   12.848221654
    0.285599332    2.443460953   62.059325970   -6.091729616    8.508574220
    0.475998887    2.443460953   59.438633734  -20.313789816    3.256959931
    0.666398442    2.443460953   54.936917778  -25.270637710   -2.453807435
    0.856797996    2.443460953   50.554085790  -19.072921064   -7.879150877
    1.047197551    2.443460953   48.304123611   -3.483963599  -12.205055735
    1.237597106    2.443460953   49.495969653   15.949568401  -14.855752376
    1.427996661    2.443460953   54.166911356   31.859971281  -15.738500330
    1.618396215    2.443460953   61.009457977   37.945944244  -15.270646833
    1.808795770    2.443460953   67.810506432   31.320487967  -14.176085703
    1.999195325    2.443460953   72.208184017   13.222828185  -13.171865531
    2.189594880    2.443460953   72.400942369  -11.913993027  -12.709173636
    2.379994435    2.443460953   67.603619561  -38.151108814  -12.878483742
    2.570393989    2.443460953   58.181854446  -59.574389690  -13.467974496
    2.760793544    2.443460953   45.524522932  -71.508632319  -14.097703443
    2.951193099    2.443460953   31.724053217  -71.440826886  -14.365631776

   -3.141592654    2.792526803   15.619991983  -58.889399734    0.618959346
   -2.951193099    2.792526803    6.286023292  -38.392057294    2.751340047
   -2.760793544    2.792526803    1.156085768  -15.820031572    4.757165036
   -2.570393989    2.792526803    0.000000000    2.457915479    6.608258782
   -2.379994435    2.792526803    1.551280372   12.227283355    8.446529704
   -2.189594880    2.792526803    4.086561837   13.083440754   10.559539641
   -1.999195325    2.792526803    6.175219252    8.323556592   13.243474267
   -1.808795770    2.792526803    7.242385709    3.282116502   16.601809013
   -1.618396215    2.792526803    7.727329986    2.857516809   20.389174733
   -1.427996661    2.792526803    8.787960710    9.447382430   24.028469786
   -1.237597106    2.792526803   11.722737975   22.093060443   26.814938675
   -1.047197551    2.792526803   17.367459413   37.117114504   28.195831454
   -0.856797996    2.792526803   25.723302251   49.772677792   27.956928536
   -0.666398442    2.792526803   35.935511526   56.029113608   26.209524384
   -0.475998887    2.792526803   46.539095797   53.691755544   23.233208890
   -0.285599332    2.792526803   55.851043594   42.639099325   19.301782545
   -0.095199777    2.792526803   62.347232114   24.555914850   14.596205014
    0.095199777    2.792526803   64.980280576    2.729443160    9.240415590
    0.285599332    2.792526803   63.461825212  -18.172678129    3.414633219
    0.475998887    2.792526803   58.480249961  -32.775631950   -2.529733820
    0.666398442    2.792526803   51.703048089  -36.406175257   -8.044075193
    0.856797996    2.792526803   45.457791356  -27.251001591  -12.470365672
    1.047197551    2.792526803   42.017612461   -7.704681080  -15.262685455
    1.237597106    2.792526803   42.789257009   15.676852992  -16.217879220
    1.427996661    2.792526803   47.711228142   34.550949101  -15.572028064
    1.618396215    2.792526803   55.227819409   42.081218139  -13.893838589
    1.808795770    2.792526803   62.833049039   35.430246663  -11.830528315
    1.999195325    2.792526803   67.928679332   16.346073431   -9.860150787
    2.189594880    2.792526803   68.591001743  -10.102240134   -8.161941940
    2.379994435    2.792526803   64.024137425  -37.476028573   -6.656077574
    2.570393989    2.792526803   54.657229590  -59.585548171   -5.141152607
    2.760793544    2.792526803   41.975076438  -71.673207087   -3.440305665
    2.951193099    2.792526803   28.170426250  -71.253776847   -1.495827285
