#! FIELDS phi psi file.free der_phi der_psi
#! SET min_phi -pi
#! SET max_phi pi
#! SET nbins_phi  33
#! SET periodic_phi true
#! SET min_psi -pi
#! SET max_psi pi
#! SET nbins_psi  18
#! SET periodic_psi true
   -3.141592654   -3.141592654   19.136612762  -56.449689017   16.000472096
   -2.951193099   -3.141592654   10.119237014  -37.421178099   18.633565981
   -2.760793544   -3.141592654    5.087480978  -15.621144826   20.372856635
   -2.570393989   -3.141592654    3.962831947    2.746271959   21.322129376
   -2.379994435   -3.141592654    5.644032855   13.439965064   21.879791671
   -2.189594880   -3.141592654    8.552978608   15.881346945   22.603376404
   -1.999195325   -3.141592654   11.352588688   13.002391264   23.964369503
   -1.808795770   -3.141592654   13.472607131    9.563891970   26.101547568
   -1.618396215   -3.141592654   15.235526095    9.802078597   28.690963936
   -1.427996661   -3.141592654   17.568016232   15.612596795   31.032358509
   -1.237597106   -3.141592654   21.477035126   25.942962742   32.315485212
   -1.047197551   -3.141592654   27.535354568   37.488108607   31.948878449
   -0.856797996   -3.141592654   35.584638981   46.173165152   29.769856118
   -0.666398442   -3.141592654   44.745113442   48.681628159   26.028520784
   -0.475998887   -3.141592654   53.649670588   43.367398090   21.204647321
   -0.285599332   -3.141592654   60.797731342   30.450037045   15.778864405
   -0.095199777   -3.141592654   64.893981906   11.763102676   10.084103226
    0.095199777   -3.141592654   65.133601801   -9.402882294    4.318389310
    0.285599332   -3.141592654   61.459943926  -28.490633662   -1.336675380
    0.475998887   -3.141592654   54.760982725  -40.366972086   -6.579408990
    0.666398442   -3.141592654   46.842375119  -40.746658533  -10.949407937
    0.856797996   -3.141592654   40.079651512  -28.380861740  -13.930850244
    1.047197551   -3.141592654   36.679136531   -6.288133538  -15.166697915
    1.237597106   -3.141592654   37.877018400   18.564850408  -14.651414619
    1.427996661   -3.141592654   43.402111417   37.878879654  -12.749957995
    1.618396215   -3.141592654   51.545168474   45.328467007  -10.035042555
    1.808795770   -3.141592654   59.767487486   38.756968013   -7.031044974
    1.999195325   -3.141592654   65.548308238   20.332090380   -4.031372009
    2.189594880   -3.141592654   67.071505030   -5.000317832   -1.055398209
    2.379994435   -3.141592654   63.578924160  -31.364654621    2.042269320
    2.570393989   -3.141592654   55.418352813  -53.179600574    5.401699444
    2.760793544   -3.141592654   43.905275899  -65.967812867    9.016999013
    2.951193099   -3.141592654   31.053943704  -67.045324286   12.672026214

   -3.141592654   -2.792526803   26.463676422  -51.094452975   23.988514790
   -2.951193099   -2.792526803   18.262610978  -34.275445293   26.607834019
   -2.760793544   -2.792526803   13.615026888  -14.668221838   27.916631710
   -2.570393989   -2.792526803   12.516416134    2.241103220   28.166870746
   -2.379994435   -2.792526803   14.058578217   12.705472383   27.941726424
   -2.189594880   -2.792526803   16.907741093   16.167724762   27.929983603
   -1.999195325   -2.792526803   19.924497686   15.060503742   28.624721413
   -1.808795770   -2.792526803   22.604516570   13.293596895   30.088479385
   -1.618396215   -2.792526803   25.163849280   14.214231700   31.883443893
   -1.427996661   -2.792526803   28.278714327   19.139632036   33.224704224
   -1.237597106   -2.792526803   32.644860995   26.990850143   33.281762789
   -1.047197551   -2.792526803   38.574605842   34.993637277   31.511181937
   -0.856797996   -2.792526803   45.787497123   39.932673504   27.851871734
   -0.666398442   -2.792526803   53.446328871   39.319320206   22.691633919
   -0.475998887   -2.792526803   60.357379716   32.013472551   16.664891293
   -0.285599332   -2.792526803   65.251458368   18.329907442   10.397237995
   -0.095199777   -2.792526803   67.051564454   -0.078322267    4.324694803
    0.095199777   -2.792526803   65.126948819  -20.174929584   -1.303041761
    0.285599332   -2.792526803   59.555094935  -37.549343927   -6.310918466
    0.475998887   -2.792526803   51.341474982  -47.114092429  -10.463641812
    0.666398442   -2.792526803   42.400575124  -44.660179169  -13.430080472
    0.856797996   -2.792526803   35.184056826  -29.212048784  -14.890831269
    1.047197551   -2.792526803   31.901636889   -4.286175156  -14.713200906
    1.237597106   -2.792526803   33.692776164   22.652353135  -13.079729497
    1.427996661   -2.792526803   40.115489630   43.066923854  -10.431992736
    1.618396215   -2.792526803   49.281431777   50.788399691   -7.280277153
    1.808795770   -2.792526803   58.535032760   44.113293430   -3.978690328
    1.999195325   -2.792526803   65.331917501   25.702259564   -0.624274403
    2.189594880   -2.792526803   67.909600877    0.776827087    2.908213252
    2.379994435   -2.792526803   65.585467921  -24.838875918    6.807216825
    2.570393989   -2.792526803   58.742823692  -45.903493988   11.143365841
    2.760793544   -2.792526803   48.652719299  -58.426446153   15.752864169
    2.951193099   -2.792526803   37.195998626  -60.116185535   20.216582366

   -3.141592654   -2.443460953   34.664358292  -45.383880920   22.322744445
   -2.951193099   -2.443460953   27.345469001  -30.785542903   24.473985464
   -2.760793544   -2.443460953   23.146087187  -13.389931111   25.419603862
   -2.570393989   -2.443460953   22.129251649    1.980111435   25.390527211
   -2.379994435   -2.443460953   23.560395423   11.990366741   24.877544504
   -2.189594880   -2.443460953   26.314390044   16.019972315   24.423886813
   -1.999195325   -2.443460953   29.400680382   15.957805873   24.375505211
   -1.808795770   -2.443460953   32.331176296   14.905736607   24.716376284
   -1.618396215   -2.443460953   35.185348351   15.484650525   25.052399097
   -1.427996661   -2.443460953   38.399661375   18.690393312   24.770179185
   -1.237597106   -2.443460953   42.421514562   23.694921193   23.286384454
   -1.047197551   -2.443460953   47.411960186   28.445971051   20.301056826
   -0.856797996   -2.443460953   53.099475291   30.614461180   15.926716067
   -0.666398442   -2.443460953   58.807306436   28.378446280   10.630300052
   -0.475998887   -2.443460953   63.587444509   20.806756567    5.042913570
   -0.285599332   -2.443460953   66.412779146    7.961023058   -0.266740136
   -0.095199777   -2.443460953   66.372836894   -8.962770036   -4.960830423
    0.095199777   -2.443460953   62.917903321  -27.340775737   -8.917501791
    0.285599332   -2.443460953   56.150026931  -42.929053625  -12.122281829
    0.475998887   -2.443460953   47.089173032  -50.595600532  -14.523700492
    0.666398442   -2.443460953   37.680193670  -46.056956780  -15.967463319
    0.856797996   -2.443460953   30.404716976  -28.420789332  -16.267644360
    1.047197551   -2.443460953   27.467094485   -1.505638038  -15.336876267
    1.237597106   -2.443460953   29.935980170   26.893774376  -13.303011942
    1.427996661   -2.443460953   37.251056267   48.091468007  -10.483669956
    1.618396215   -2.443460953   47.403304913   56.064969353   -7.257072229
    1.808795770   -2.443460953   57.668786540   49.462935092   -3.892398885
    1.999195325   -2.443460953   65.503433098   31.301905348   -0.477353864
    2.189594880   -2.443460953   69.198447965    6.967025747    3.064704515
    2.379994435   -2.443460953   68.131310087  -17.815065295    6.857699345
    2.570393989   -2.443460953   62.702247552  -38.133481636   10.930717779
    2.760793544   -2.443460953   54.124678618  -50.441740953   15.126690681
    2.951193099   -2.443460953   44.141263780  -52.797537388   19.078905346

   -3.141592654   -2.094395102   40.929012636  -41.304965242   13.637425703
   -2.951193099   -2.094395102   34.230978441  -28.381307980   14.938584615
   -2.760793544   -2.094395102   30.330844275  -12.602369521   15.525826607
   -2.570393989   -2.094395102   29.345871303    1.634741050   15.516869585
   -2.379994435   -2.094395102   30.658487275   11.203446275   15.136325954
   -2.189594880   -2.094395102   33.266771768   15.336124753   14.597465102
   -1.999195325   -2.094395102   36.244232759   15.472361561   13.980964181
   -1.808795770   -2.094395102   39.069267019   14.171619417   13.183551746
   -1.618396215   -2.094395102   41.695569564   13.678503126   11.958632920
   -1.427996661   -2.094395102   44.394920597   14.970291024   10.041960981
   -1.237597106   -2.094395102   47.484999892   17.610845810    7.288033565
   -1.047197551   -2.094395102   51.101321763   20.204121775    3.771351598
   -0.856797996   -2.094395102   55.078152683   21.081127925   -0.207339960
   -0.666398442   -2.094395102   58.944626493   18.788224077   -4.219852380
   -0.475998887   -2.094395102   61.986704471   12.318941799   -7.854797635
   -0.285599332   -2.094395102   63.359387300    1.257840160  -10.846038504
   -0.095199777   -2.094395102   62.224563552  -13.783651102  -13.157051781
    0.095199777   -2.094395102   58.005517572  -30.613976979  -14.918741114
    0.285599332   -2.094395102   50.727817239  -45.060301224  -16.310518201
    0.475998887   -2.094395102   41.352940762  -51.750990325  -17.409288927
    0.666398442   -2.094395102   31.827002431  -46.077951466  -18.104123365
    0.856797996   -2.094395102   24.679871613  -26.993112562  -18.147461253
    1.047197551   -2.094395102   22.166118533    1.527725300  -17.290519872
    1.237597106   -2.094395102   25.353398799   31.351766733  -15.446995425
    1.427996661   -2.094395102   33.617328604   53.501655311  -12.755981759
    1.618396215   -2.094395102   44.846890407   61.885872387   -9.528188350
    1.808795770   -2.094395102   56.229120213   55.320358490   -6.101428469
    1.999195325   -2.094395102   65.173406640   37.098400544   -2.730671906
    2.189594880   -2.094395102   69.974541348   12.811279402    0.476867195
    2.379994435   -2.094395102   70.037845624  -11.779590195    3.525149437
    2.570393989   -2.094395102   65.777293510  -31.923955576    6.442444513
    2.760793544   -2.094395102   58.377118555  -44.366517889    9.201049678
    2.951193099   -2.094395102   49.495144539  -47.415419467   11.666014030

   -3.141592654   -1.745329252   43.824116303  -38.963274112    5.614820420
   -2.951193099   -1.745329252   37.491518191  -26.925380311    6.105637917
   -2.760793544   -1.745329252   33.773326625  -12.154842181    6.256205397
   -2.570393989   -1.745329252   32.780684503    1.126323538    6.077239740
   -2.379994435   -1.745329252   33.917474277    9.886890314    5.577223758
   -2.189594880   -1.745329252   36.205642616   13.287855534    4.722787034
   -1.999195325   -1.745329252   38.715467270   12.575808201    3.422508843
   -1.808795770   -1.745329252   40.886618882   10.152510969    1.559519812
   -1.618396215   -1.745329252   42.620046926    8.298979222   -0.935151617
   -1.427996661   -1.745329252   44.165489371    8.268771097   -4.000948218
   -1.237597106   -1.745329252   45.886794190   10.051721871   -7.415215525
   -1.047197551   -1.745329252   48.045541219   12.622973584  -10.822161136
   -0.856797996   -1.745329252   50.654983265   14.462222426  -13.822168682
   -0.666398442   -1.745329252   53.420743157   13.953332215  -16.089692637
   -0.475998887   -1.745329252   55.747211224    9.670638874  -17.464090251
   -0.285599332   -1.745329252   56.815872144    0.645475294  -17.984325296
   -0.095199777   -1.745329252   55.712212274  -12.972344746  -17.891273992
    0.095199777   -1.745329252   51.715684297  -29.228995329  -17.531998496
    0.285599332   -1.745329252   44.694396036  -43.846910463  -17.241027820
    0.475998887   -1.745329252   35.502484861  -51.046298387  -17.194256451
    0.666398442   -1.745329252   26.074042964  -45.683810533  -17.315285682
    0.856797996   -1.745329252   19.019175855  -26.298983591  -17.306330251
    1.047197551   -1.745329252   16.721056150    3.196071867  -16.777678221
    1.237597106   -1.745329252   20.353412843   34.378606795  -15.447088793
    1.427996661   -1.745329252   29.322358933   57.818045325  -13.272289048
    1.618396215   -1.745329252   41.462605554   67.029371404  -10.468169807
    1.808795770   -1.745329252   53.855780585   60.682143164   -7.391642334
    1.999195325   -1.745329252   63.801357670   42.181872486   -4.408840904
    2.189594880   -1.745329252   69.523054961   17.375243695   -1.766530359
    2.379994435   -1.745329252   70.406230950   -7.723745781    0.438977838
    2.570393989   -1.745329252   66.880258619  -28.243895995    2.226622013
    2.760793544   -1.745329252   60.152063383  -40.990266660    3.663301301
    2.951193099   -1.745329252   51.878263976  -44.434992105    4.792206990

   -3.141592654   -1.396263402   42.580733885  -39.338990404    2.925657579
   -2.951193099   -1.396263402   36.196872470  -27.089149744    2.644409772
   -2.760793544   -1.396263402   32.462960804  -12.195573797    2.131775363
   -2.570393989   -1.396263402   31.451970356    0.905421593    1.380201100
   -2.379994435   -1.396263402   32.494594439    9.031725155    0.301463864
   -2.189594880   -1.396263402   34.519495227   11.295746078   -1.276066243
   -1.999195325   -1.396263402   36.507807421    9.042242805   -3.541038028
   -1.808795770   -1.396263402   37.846260262    4.953388438   -6.580921431
   -1.618396215   -1.396263402   38.452255923    1.752229960  -10.265063377
   -1.427996661   -1.396263402   38.683300852    1.176495135  -14.208125540
   -1.237597106   -1.396263402   39.091782564    3.557023577  -17.855890930
   -1.047197551   -1.396263402   40.163669083    7.878503938  -20.657917741
   -0.856797996   -1.396263402   42.104105970   12.264725787  -22.240033995
   -0.666398442   -1.396263402   44.715195017   14.495805478  -22.503612519
   -0.475998887   -1.396263402   47.375378326   12.516978572  -21.619527623
   -0.285599332   -1.396263402   49.134721704    4.870384314  -19.945229569
   -0.095199777   -1.396263402   48.876715743   -8.505758098  -17.940405068
    0.095199777   -1.396263402   45.666105829  -25.601689150  -16.053527377
    0.285599332   -1.396263402   39.193665463  -41.790628496  -14.621359217
    0.475998887   -1.396263402   30.225718017  -50.716495685  -13.772452612
    0.666398442   -1.396263402   20.731529153  -46.572795232  -13.377198590
    0.856797996   -1.396263402   13.470779576  -27.383121120  -13.108109556
    1.047197551   -1.396263402   11.039866855    3.047799936  -12.571126492
    1.237597106   -1.396263402   14.800033685   35.935158958  -11.476500644
    1.427996661   -1.396263402   24.243345302   61.183324603   -9.748903004
    1.618396215   -1.396263402   37.156920447   71.642494806   -7.535241524
    1.808795770   -1.396263402   50.474771717   65.600555059   -5.112720536
    1.999195325   -1.396263402   61.311197649   46.480639595   -2.781843823
    2.189594880   -1.396263402   67.741322731   20.449245667   -0.767639246
    2.379994435   -1.396263402   69.078004337   -6.030666202    0.811500467
    2.570393989   -1.396263402   65.758676097  -27.705481585    1.930600129
    2.760793544   -1.396263402   59.056699471  -41.172450253    2.621249178
    2.951193099   -1.396263402   50.716368278  -44.880838473    2.935072590

   -3.141592654   -1.047197551   40.076523742  -42.174251179    4.225508881
   -2.951193099   -1.047197551   33.193431388  -29.439462365    3.105215992
   -2.760793544   -1.047197551   29.077124785  -13.867806721    1.613622469
   -2.570393989   -1.047197551   27.797149125   -0.325029640   -0.151550815
   -2.379994435   -1.047197551   28.599939746    7.611352787   -2.189438942
   -2.189594880   -1.047197551   30.274214022    8.909988636   -4.623108019
   -1.999195325   -1.047197551   31.669426865    5.148360426   -7.623061823
   -1.808795770   -1.047197551   32.119986048   -0.411016199  -11.245212464
   -1.618396215   -1.047197551   31.618554526   -4.337504778  -15.270609105
   -1.427996661   -1.047197551   30.718940971   -4.378387892  -19.169805564
   -1.237597106   -1.047197551   30.228421354   -0.131066729  -22.244441210
   -1.047197551   -1.047197551   30.852709115    6.963022882  -23.890693230
   -0.856797996   -1.047197551   32.903512490   14.302319992  -23.836080644
   -0.666398442   -1.047197551   36.145643472   18.934696176  -22.230647862
   -0.475998887   -1.047197551   39.799371249   18.310894927  -19.560086637
   -0.285599332   -1.047197551   42.694016424   10.793980063  -16.449847449
   -0.095199777   -1.047197551   43.486692886   -3.555418051  -13.473306679
    0.095199777   -1.047197551   41.062505645  -22.379733783  -11.007607913
    0.285599332   -1.047197551   35.015649016  -40.535666804   -9.178705170
    0.475998887   -1.047197551   26.122442103  -51.083027044   -7.885068877
    0.666398442   -1.047197551   16.468205713  -47.729134501   -6.883243033
    0.856797996   -1.047197551    8.996845179  -28.281684974   -5.925393932
    1.047197551   -1.047197551    6.494203450    3.294486374   -4.854758815
    1.237597106   -1.047197551   10.448875000   37.740016825   -3.639157471
    1.427996661   -1.047197551   20.376592714   64.383049503   -2.330355223
    1.618396215   -1.047197551   33.985821192   75.614818553   -1.001052768
    1.808795770   -1.047197551   48.069498201   69.524839685    0.304401565
    1.999195325   -1.047197551   59.587655041   49.603920204    1.562544340
    2.189594880   -1.047197551   66.493120426   22.256410589    2.743731854
    2.379994435   -1.047197551   68.029962185   -5.744642709    3.780897464
    2.570393989   -1.047197551   64.625103249  -28.852611652    4.563810513
    2.760793544   -1.047197551   57.592925366  -43.417931844    4.959517607
    2.951193099   -1.047197551   48.760340026  -47.712682898    4.860474415

   -3.141592654   -0.698131701   40.226107692  -45.453872958    3.745394448
   -2.951193099   -0.698131701   32.650502140  -33.357329338    1.577235423
   -2.760793544   -0.698131701   27.760516284  -18.015029899   -0.962339491
   -2.570393989   -0.698131701   25.688301245   -4.489637052   -3.665312458
   -2.379994435   -0.698131701   25.689688554    3.311333451   -6.453153236
   -2.189594880   -0.698131701   26.504448855    4.115884923   -9.409145043
   -1.999195325   -0.698131701   26.915459170   -0.413306006  -12.664436872
   -1.808795770   -0.698131701   26.244055072   -6.545533684  -16.193567374
   -1.618396215   -0.698131701   24.582074590  -10.201350703  -19.650916264
   -1.427996661   -0.698131701   22.692028541   -8.689605895  -22.397331611
   -1.237597106   -0.698131701   21.626722217   -1.697533131  -23.735255022
   -1.047197551   -0.698131701   22.263842810    8.683220561  -23.240579783
   -0.856797996   -0.698131701   24.932807131   18.942364946  -20.982220382
   -0.666398442   -0.698131701   29.251804931   25.376166022  -17.504206307
   -0.475998887   -0.698131701   34.190446453   25.124355326  -13.594469471
   -0.285599332   -0.698131701   38.314787721   16.718168862   -9.978806709
   -0.095199777   -0.698131701   40.086072773    0.723716524   -7.076876679
    0.095199777   -0.698131701   38.305770003  -19.865334434   -4.915433640
    0.285599332   -0.698131701   32.601387332  -39.346590007   -3.202638809
    0.475998887   -0.698131701   23.867873666  -50.458844296   -1.530325818
    0.666398442   -0.698131701   14.339828188  -46.933150614    0.388218683
    0.856797996   -0.698131701    7.076328250  -26.875111005    2.539780301
    1.047197551   -0.698131701    4.906773871    5.344522535    4.623479899
    1.237597106   -0.698131701    9.293695208   40.160093257    6.240835284
    1.427996661   -0.698131701   19.690320611   66.827798901    7.134782053
    1.618396215   -0.698131701   33.748012997   77.852287185    7.331452117
    1.808795770   -0.698131701   48.231778097   71.485796787    7.101332098
    1.999195325   -0.698131701   60.097352781   51.290335230    6.788529756
    2.189594880   -0.698131701   67.294077335   23.609720622    6.621845984
    2.379994435   -0.698131701   69.042769151   -4.914360026    6.615924317
    2.570393989   -0.698131701   65.723027537  -28.841213593    6.584885840
    2.760793544   -0.698131701   58.592538957  -44.494747301    6.238906075
    2.951193099   -0.698131701   49.442040046  -49.974076140    5.327896861

   -3.141592654   -0.349065850   41.209138504  -49.674888829    2.674364718
   -2.951193099   -0.349065850   32.734108302  -38.485239246   -0.131814615
   -2.760793544   -0.349065850   26.822316072  -23.527917747   -3.219792104
   -2.570393989   -0.349065850   23.695942769  -10.008711645   -6.309782885
   -2.379994435   -0.349065850   22.652682069   -2.158471298   -9.270964919
   -2.189594880   -0.349065850   22.417124073   -1.477020565  -12.152876419
   -1.999195325   -0.349065850   21.744681964   -6.176824180  -15.048986547
   -1.808795770   -0.349065850   19.989793321  -12.033909403  -17.873136878
   -1.618396215   -0.349065850   17.387120761  -14.382420714  -20.212532409
   -1.427996661   -0.349065850   14.926628931  -10.295728303  -21.416995913
   -1.237597106   -0.349065850   13.876214613    0.145404053  -20.901169839
   -1.047197551   -0.349065850   15.196097900   13.909278318  -18.498971183
   -0.856797996   -0.349065850   19.101246529   26.446448364  -14.623643656
   -0.666398442   -0.349065850   24.929835431   33.421857683  -10.122695065
   -0.475998887   -0.349065850   31.314641665   32.019608241   -5.918187642
   -0.285599332   -0.349065850   36.554216020   21.439633938   -2.638597925
   -0.095199777   -0.349065850   39.005676093    3.218208914   -0.389173189
    0.095199777   -0.349065850   37.550069035  -18.754245280    1.219440554
    0.285599332   -0.349065850   32.029090445  -38.310842785    2.840450188
    0.475998887   -0.349065850   23.581332380  -48.352202397    5.037022422
    0.666398442   -0.349065850   14.596909391  -43.352887390    7.966381038
    0.856797996   -0.349065850    8.122092639  -22.350863706   11.245762675
    1.047197551   -0.349065850    6.816610535    9.669544283   14.116168027
    1.237597106   -0.349065850   11.916515557   43.167073778   15.831775819
    1.427996661   -0.349065850   22.713821656   68.011261838   16.032371128
    1.618396215   -0.349065850   36.839775761   77.487227735   14.901110125
    1.808795770   -0.349065850   51.166627813   70.352047142   13.022652237
    1.999195325   -0.349065850   62.806997638   50.167464274   11.071829093
    2.189594880   -0.349065850   69.825552529   22.882398333    9.502025584
    2.379994435   -0.349065850   71.465997231   -5.383938182    8.401052035
    2.570393989   -0.349065850   68.040863561  -29.586154167    7.530364075
    2.760793544   -0.349065850   60.692315960  -46.134811605    6.486112797
    2.951193099   -0.349065850   51.110390512  -52.909628968    4.916949560

   -3.141592654    0.000000000   42.065109993  -54.548569593    0.875475044
   -2.951193099    0.000000000   32.582368478  -44.075119728   -1.849970749
   -2.760793544    0.000000000   25.587684888  -29.197596513   -4.645254489
   -2.570393989    0.000000000   21.415406650  -15.266534252   -7.281717093
   -2.379994435    0.000000000   19.423497453   -6.868010561   -9.676110400
   -2.189594880    0.000000000   18.334063398   -5.756913533  -11.889151854
   -1.999195325    0.000000000   16.884352869  -10.031184454  -13.973028172
   -1.808795770    0.000000000   14.467632738  -15.007330075  -15.774932969
   -1.618396215    0.000000000   11.453847958  -15.549092665  -16.856180981
   -1.427996661    0.000000000    9.021692692   -8.697470327  -16.652870553
   -1.237597106    0.000000000    8.574262572    4.861422611  -14.798548693
   -1.047197551    0.000000000   11.045039870   21.082053267  -11.420386102
   -0.856797996    0.000000000   16.431845550   34.534342388   -7.181244512
   -0.666398442    0.000000000   23.742806024   40.627390680   -3.012620221
   -0.475998887    0.000000000   31.306291586   37.042477298    0.300891695
   -0.285599332    0.000000000   37.264338350   24.006971790    2.450585993
   -0.095199777    0.000000000   40.027639885    4.133588496    3.732306083
    0.095199777    0.000000000   38.706249362  -17.985373751    4.877833022
    0.285599332    0.000000000   33.442657164  -36.165364348    6.707466577
    0.475998887    0.000000000   25.607920155  -44.017875057    9.715001021
    0.666398442    0.000000000   17.638379696  -37.202798635   13.769699438
    0.856797996    0.000000000   12.399929223  -15.840063275   18.087201439
    1.047197551    0.000000000   12.220689861   14.677399000   21.539525599
    1.237597106    0.000000000   18.013736324   45.289265966   23.174269777
    1.427996661    0.000000000   28.907680097   66.965110538   22.639013278
    1.618396215    0.000000000   42.591797374   74.105056141   20.297390575
    1.808795770    0.000000000   56.162968520   66.050353150   16.986850482
    1.999195325    0.000000000   67.001472899   46.220409559   13.610738347
    2.189594880    0.000000000   73.358623566   19.921409531   10.768244657
    2.379994435    0.000000000   74.523775580   -7.491133446    8.607797124
    2.570393989    0.000000000   70.727215256  -31.519346864    6.900383066
    2.760793544    0.000000000   62.962481333  -48.695119182    5.238300332
    2.951193099    0.000000000   52.788409659  -56.619724732    3.275136351

   -3.141592654    0.349065850   43.372187308  -58.381237334    0.430370075
   -2.951193099    0.349065850   33.098151137  -48.466988380   -1.313964273
   -2.760793544    0.349065850   25.246087422  -33.723658866   -3.002303863
   -2.570393989    0.349065850   20.230141438  -19.548037804   -4.556638504
   -2.379994435    0.349065850   17.460787547  -10.736012801   -5.982001357
   -2.189594880    0.349065850   15.676665153   -9.171901840   -7.341552212
   -1.999195325    0.349065850   13.631600794  -12.813296465   -8.639196979
   -1.808795770    0.349065850   10.784530364  -16.624795496   -9.693445488
   -1.618396215    0.349065850    7.635510419  -15.220379819  -10.121591345
   -1.427996661    0.349065850    5.501057093   -5.845296061   -9.513340428
   -1.237597106    0.349065850    5.832519199   10.088082205   -7.697240452
   -1.047197551    0.349065850    9.447534292   27.627914496   -4.930402085
   -0.856797996    0.349065850   16.080572427   40.803238942   -1.843701085
   -0.666398442    0.349065850   24.441436295   45.211638145    0.859797649
   -0.475998887    0.349065850   32.665004796   39.380962854    2.764058734
   -0.285599332    0.349065850   38.891482953   24.665037575    3.944236029
   -0.095199777    0.349065850   41.729815312    4.544725566    4.958860927
    0.095199777    0.349065850   40.600591004  -16.110327678    6.582164306
    0.285599332    0.349065850   35.938591275  -31.595578398    9.440039304
    0.475998887    0.349065850   29.251331095  -36.630709935   13.659526271
    0.666398442    0.349065850   22.869379531  -28.230698257   18.702238300
    0.856797996    0.349065850   19.320279370   -7.494900280   23.482674121
    1.047197551    0.349065850   20.484966226   20.105657481   26.770185117
    1.237597106    0.349065850   26.912492671   46.412901018   27.707345697
    1.427996661    0.349065850   37.602931292   63.849996450   26.152072226
    1.618396215    0.349065850   50.390791944   68.109221333   22.685921776
    1.808795770    0.349065850   62.698357459   59.102848038   18.297029175
    1.999195325    0.349065850   72.259196483   39.966492281   13.964615111
    2.189594880    0.349065850   77.565676425   15.197991798   10.320205602
    2.379994435    0.349065850   77.979137144  -10.733844213    7.545062373
    2.570393989    0.349065850   73.656443435  -33.943368136    5.468829201
    2.760793544    0.349065850   65.441609891  -51.127070691    3.760091518
    2.951193099    0.349065850   54.752450292  -59.665219345    2.127690914

   -3.141592654    0.698131701   45.025986445  -59.372665993   -0.553910676
   -2.951193099    0.698131701   34.522570190  -49.882750235   -0.949847468
   -2.760793544    0.698131701   26.354606515  -35.606578968   -1.148998881
   -2.570393989    0.698131701   20.940580131  -21.820856468   -1.287092650
   -2.379994435    0.698131701   17.711410921  -13.257728159   -1.500118546
   -2.189594880    0.698131701   15.438319624  -11.738301262   -1.875360328
   -1.999195325    0.698131701   12.925735907  -15.087916457   -2.397555261
   -1.808795770    0.698131701    9.710937427  -18.123606016   -2.922505077
   -1.618396215    0.698131701    6.391032821  -15.446873515   -3.212860364
   -1.427996661    0.698131701    4.356397653   -4.568713760   -3.053709663
   -1.237597106    0.698131701    5.056367690   12.587017401   -2.380155542
   -1.047197551    0.698131701    9.205672402   30.577689406   -1.335123858
   -0.856797996    0.698131701   16.369588104   43.291378005   -0.192393560
   -0.666398442    0.698131701   25.110545398   46.684751961    0.837825352
   -0.475998887    0.698131701   33.524778950   40.000280448    1.783973778
   -0.285599332    0.698131701   39.855219003   25.337846402    2.959754839
   -0.095199777    0.698131701   42.928922009    6.563512040    4.876351865
    0.095199777    0.698131701   42.405955007  -11.618380721    7.996315377
    0.285599332    0.698131701   38.872519092  -24.258395249   12.470994853
    0.475998887    0.698131701   33.803998733  -27.186206103   17.934107663
    0.666398442    0.698131701   29.284947194  -18.476222603   23.488459255
    0.856797996    0.698131701   27.441282419    0.274250925   27.938337684
    1.047197551    0.698131701   29.736752763   23.962797019   30.211438629
    1.237597106    0.698131701   36.450758636   45.550280678   29.784574689
    1.427996661    0.698131701   46.561845322   58.835151893   26.873004837
    1.618396215    0.698131701   58.122718361   60.555294745   22.297149144
    1.808795770    0.698131701   68.906028920   50.964355021   17.107722875
    1.999195325    0.698131701   76.993119907   32.833982162   12.213806065
    2.189594880    0.698131701   81.111411380    9.918725142    8.144978153
    2.379994435    0.698131701   80.708100764  -14.074641219    5.043528357
    2.570393989    0.698131701   75.901210836  -35.791592847    2.801913083
    2.760793544    0.698131701   67.424562493  -52.138859391    1.223463113
    2.951193099    0.698131701   56.571855826  -60.451043203    0.141548842

   -3.141592654    1.047197551   43.522869535  -59.973362302   -5.049746691
   -2.951193099    1.047197551   32.998962591  -49.519791007   -4.436602982
   -2.760793544    1.047197551   24.964895753  -34.622973432   -3.392575715
   -2.570393989    1.047197551   19.763316440  -20.638794016   -2.244174241
   -2.379994435    1.047197551   16.747100031  -12.246875985   -1.282317332
   -2.189594880    1.047197551   14.631903977  -11.102209434   -0.670889101
   -1.999195325    1.047197551   12.203506337  -14.823254121   -0.423347399
   -1.808795770    1.047197551    9.015466479  -18.076129454   -0.447396375
   -1.618396215    1.047197551    5.699007077  -15.435446391   -0.618917744
   -1.427996661    1.047197551    3.671359628   -4.507382050   -0.840232630
   -1.237597106    1.047197551    4.384699188   12.641897950   -1.045850518
   -1.047197551    1.047197551    8.535976398   30.516646759   -1.166759514
   -0.856797996    1.047197551   15.677633163   43.139054505   -1.085544475
   -0.666398442    1.047197551   24.404105142   46.772630081   -0.599042683
   -0.475998887    1.047197551   32.909516365   41.001468388    0.564655515
   -0.285599332    1.047197551   39.586256466   28.119042160    2.683787040
   -0.095199777    1.047197551   43.419089788   11.841011700    5.958266352
    0.095199777    1.047197551   44.159013365   -3.664326259   10.373049821
    0.285599332    1.047197551   42.349168935  -14.297166697   15.593613739
    0.475998887    1.047197551   39.251382272  -16.767255807   20.921538412
    0.666398442    1.047197551   36.595482831   -9.684029525   25.400965932
    0.856797996    1.047197551   36.112074252    5.497195714   28.089203027
    1.047197551    1.047197551   38.967478618   24.539903417   28.385020628
    1.237597106    1.047197551   45.352646219   41.650503143   26.260675900
    1.427996661    1.047197551   54.387234934   51.700120938   22.252426014
    1.618396215    1.047197551   64.418595140   51.908571600   17.222205302
    1.808795770    1.047197551   73.537906709   42.346249469   12.021228704
    1.999195325    1.047197551   80.067472353   25.190886322    7.259861179
    2.189594880    1.047197551   82.854153450    3.584789464    3.231392499
    2.379994435    1.047197551   81.367513416  -19.143268353    0.002197197
    2.570393989    1.047197551   75.704943194  -39.727899374   -2.444797406
    2.760793544    1.047197551   66.581553043  -54.989790249   -4.114666865
    2.951193099    1.047197551   55.291097033  -62.176549963   -4.981217325

   -3.141592654    1.396263402   38.666703197  -59.793065999  -11.115955590
   -2.951193099    1.396263402   28.377296767  -47.300130480  -10.305191915
   -2.760793544    1.396263402   20.910035895  -31.027822171   -8.743840561
   -2.570393989    1.396263402   16.452380671  -16.572320051   -6.799910601
   -2.379994435    1.396263402   14.187328537   -8.536465557   -4.831963501
   -2.189594880    1.396263402   12.699613744   -8.278676815   -3.072702492
   -1.999195325    1.396263402   10.706276605  -13.091438641   -1.613671667
   -1.808795770    1.396263402    7.743684875  -17.432194335   -0.479245276
   -1.618396215    1.396263402    4.453883483  -15.783148785    0.295932791
   -1.427996661    1.396263402    2.280248423   -5.658122432    0.667663955
   -1.237597106    1.396263402    2.725607934   11.048447955    0.669750980
   -1.047197551    1.396263402    6.579068985   29.088211102    0.500486825
   -0.856797996    1.396263402   13.528240451   42.681849468    0.519231627
   -0.666398442    1.396263402   22.327307261   48.116882313    1.148740652
   -0.475998887    1.396263402   31.313281333   44.777025510    2.725390294
   -0.285599332    1.396263402   38.961698190   34.544767484    5.390927809
   -0.095199777    1.396263402   44.247224427   20.559515978    9.052884341
    0.095199777    1.396263402   46.792033606    6.357670774   13.359650007
    0.285599332    1.396263402   46.894744800   -4.522522082   17.717378629
    0.475998887    1.396263402   45.491446804   -9.042221649   21.359924429
    0.666398442    1.396263402   43.983928636   -5.547547394   23.518494859
    0.856797996    1.396263402   43.878582300    5.299010465   23.681939025
    1.047197551    1.396263402   46.301299521   20.333681029   21.793492541
    1.237597106    1.396263402   51.596384730   34.653268593   18.278991559
    1.427996661    1.396263402   59.156225231   43.453337283   13.858377430
    1.618396215    1.396263402   67.603472825   43.668687303    9.253754144
    1.808795770    1.396263402   75.209989431   34.743268790    4.945361549
    1.999195325    1.396263402   80.360755762   18.283932721    1.116798321
    2.189594880    1.396263402   81.884309088   -2.807527958   -2.257148887
    2.379994435    1.396263402   79.221900978  -25.082227009   -5.240648212
    2.570393989    1.396263402   72.489749682  -44.945742855   -7.803124519
    2.760793544    1.396263402   62.484063607  -58.922405527   -9.782453234
    2.951193099    1.396263402   50.614999828  -64.214063092  -10.944692118

   -3.141592654    1.745329252   32.228814881  -59.491371323  -16.830642376
   -2.951193099    1.745329252   22.222437966  -44.699277441  -16.184574558
   -2.760793544    1.745329252   15.418531501  -26.818146333  -14.468763135
   -2.570393989    1.745329252   11.837320193  -11.746639924  -11.998109100
   -2.379994435    1.745329252   10.475640760   -3.998522983   -9.130508134
   -2.189594880    1.745329252    9.777507831   -4.584703895   -6.136462540
   -1.999195325    1.745329252    8.387855688  -10.466589629   -3.174108612
   -1.808795770    1.745329252    5.817883680  -15.943569793   -0.366545352
   -1.618396215    1.745329252    2.703029717  -15.433122256    2.114046604
   -1.427996661    1.745329252    0.500108696   -6.268420308    4.061055727
   -1.237597106    1.745329252    0.778551609   10.022080706    5.359256909
   -1.047197551    1.745329252    4.470485838   28.582360207    6.112484557
   -0.856797996    1.745329252   11.457948387   43.746297360    6.652712275
   -0.666398442    1.745329252   20.672483069   51.486677849    7.410169394
   -0.475998887    1.745329252   30.534688277   50.566065490    8.716040522
   -0.285599332    1.745329252   39.475668315   42.190105327   10.663325627
   -0.095199777    1.745329252   46.309426624   28.958736348   13.071069283
    0.095199777    1.745329252   50.414772638   14.097179545   15.511792409
    0.285599332    1.745329252   51.810707091    1.085871782   17.403619039
    0.475998887    1.745329252   51.174230650   -6.756712617   18.154966775
    0.666398442    1.745329252   49.737544347   -7.092608898   17.354428129
    0.856797996    1.745329252   48.998174832    0.342650815   14.971380744
    1.047197551    1.745329252   50.247454639   13.222184289   11.403849862
    1.237597106    1.745329252   54.110714619   26.973750153    7.334713708
    1.427996661    1.745329252   60.260089892   36.465023853    3.440470671
    1.618396215    1.745329252   67.489478034   37.872020105    0.122924915
    1.808795770    1.745329252   74.089693687   29.882216752   -2.600969856
    1.999195325    1.745329252   78.354145900   13.724097285   -4.987219946
    2.189594880    1.745329252   78.993010550   -7.595260419   -7.349476347
    2.379994435    1.745329252   75.385408255  -30.183659908   -9.850464507
    2.570393989    1.745329252   67.684124806  -49.902227428  -12.401795332
    2.760793544    1.745329252   56.812999310  -62.889181083  -14.686940861
    2.951193099    1.745329252   44.353126811  -66.308824199  -16.282794821

   -3.141592654    2.094395102   25.252587506  -60.171388767  -18.257738636
   -2.951193099    2.094395102   15.327870209  -43.183856043  -17.495183020
   -2.760793544    2.094395102    9.002821180  -23.395234740  -15.586843922
   -2.570393989    2.094395102    6.209465377   -7.006773151  -12.802455517
   -2.379994435    2.094395102    5.826400631    1.448792136   -9.470416765
   -2.189594880    2.094395102    6.196714471    1.130845090   -5.839525446
   -1.999195325    2.094395102    5.897475498   -4.776506630   -2.053293437
   -1.808795770    2.094395102    4.386185987  -10.574325339    1.757030863
   -1.618396215    2.094395102    2.234732246  -10.751923994    5.364577494
   -1.427996661    2.094395102    0.832862796   -2.572483695    8.452037588
   -1.237597106    2.094395102    1.719180369   12.739793881   10.752912808
   -1.047197551    2.094395102    5.866701398   30.739083645   12.215268258
   -0.856797996    2.094395102   13.262759375   45.982659699   13.045842095
   -0.666398442    2.094395102   22.954388032   54.309683334   13.586203928
   -0.475998887    2.094395102   33.420821858   54.050324159   14.106158837
   -0.285599332    2.094395102   43.057399080   45.899020010   14.657130433
   -0.095199777    2.094395102   50.554403691   32.051571333   15.044152496
    0.095199777    2.094395102   55.110636999   15.568759767   14.897089648
    0.285599332    2.094395102   56.560565342    0.061406912   13.808109396
    0.475998887    2.094395102   55.454107888  -10.689965050   11.501519111
    0.666398442    2.094395102   53.011658069  -13.589969125    7.990761363
    0.856797996    2.094395102   50.873178779   -7.603315884    3.680886219
    1.047197551    2.094395102   50.593816747    5.382404353   -0.722821890
    1.237597106    2.094395102   53.088916414   20.620077755   -4.472819065
    1.427996661    2.094395102   58.227588151   32.229791233   -7.095948717
    1.618396215    2.094395102   64.834467674   35.450213869   -8.580593507
    1.808795770    2.094395102   71.071273270   28.303074066   -9.337656336
    1.999195325    2.094395102   75.026764449   11.899509805   -9.960694003
    2.189594880    2.094395102   75.233078824  -10.376568247  -10.943739890
    2.379994435    2.094395102   70.991533703  -34.013551406  -12.484533831
    2.570393989    2.094395102   62.497758638  -54.264281647  -14.437643197
    2.760793544    2.094395102   50.814553316  -66.885592369  -16.388925761
    2.951193099    2.094395102   37.704583408  -68.988150442  -17.813408384

   -3.141592654    2.443460953   19.327773255  -60.285363502  -12.955726289
   -2.951193099    2.443460953    9.564661306  -41.384460705  -11.955366664
   -2.760793544    2.443460953    3.755051912  -19.849432400  -10.087777786
   -2.570393989    2.443460953    1.771726805   -2.125582707   -7.503820850
   -2.379994435    2.443460953    2.412279221    7.259017384   -4.379680666
   -2.189594880    2.443460953    3.956246744    7.612956372   -0.821726734
   -1.999195325    2.443460953    4.940909137    2.187519770    3.127158335
   -1.808795770    2.443460953    4.778433382   -3.447839846    7.373385293
   -1.618396215    2.443460953    3.957382987   -4.016148462   11.650169702
   -1.427996661    2.443460953    3.749733025    3.133547576   15.514288461
   -1.237597106    2.443460953    5.587867430   16.987698963   18.495079403
   -1.047197551    2.443460953   10.402354723   33.527428030   20.298842614
   -0.856797996    2.443460953   18.216712158   47.656562657   20.918586954
   -0.666398442    2.443460953   28.154270280   55.263788753   20.566363497
   -0.475998887    2.443460953   38.748208931   54.422758867   19.494419318
   -0.285599332    2.443460953   48.384207282   45.450060921   17.833953939
   -0.095199777    2.443460953   55.677532196   30.258949061   15.536390863
    0.095199777    2.443460953   59.719209887   11.870513243   12.438454960
    0.285599332    2.443460953   60.255600810   -5.853114720    8.412173559
    0.475998887    2.443460953   57.823640794  -18.616163895    3.536618400
    0.666398442    2.443460953   53.743659732  -22.660280094   -1.797620065
    0.856797996    2.443460953   49.875066627  -16.434690721   -6.897578177
    1.047197551    2.443460953   48.054437723   -1.742613223  -10.975626261
    1.237597106    2.443460953   49.439595351   16.187433477  -13.451107110
    1.427996661    2.443460953   54.005503096   30.586537833  -14.201832230
    1.618396215    2.443460953   60.507239900   35.806723497  -13.610112344
    1.808795770    2.443460953   66.900371049   29.370957655  -12.383355236
    1.999195325    2.443460953   71.026064903   12.452238657  -11.253411175
    2.189594880    2.443460953   71.224537191  -11.071540716  -10.714191624
    2.379994435    2.443460953   66.719959339  -36.032007541  -10.903813030
    2.570393989    2.443460953   57.752784157  -57.089449507  -11.634594918
    2.760793544    2.443460953   45.522529192  -69.646121490  -12.509844950
    2.951193099    2.443460953   31.967090893  -70.764618690  -13.075201418

   -3.141592654    2.792526803   16.222796757  -59.653691634    1.092854910
   -2.951193099    2.792526803    6.686386311  -39.631439129    3.067398024
   -2.760793544    2.792526803    1.323762455  -16.928408516    4.996607342
   -2.570393989    2.792526803    0.000000000    1.851562200    6.834819215
   -2.379994435    2.792526803    1.487900988   12.161261707    8.699672823
   -2.189594880    2.792526803    4.048556068   13.381154787   10.855464443
   -1.999195325    2.792526803    6.210821959    8.769212265   13.573949662
   -1.808795770    2.792526803    7.363856868    3.724281312   16.926979555
   -1.618396215    2.792526803    7.924830415    3.211509515   20.634787857
   -1.427996661    2.792526803    9.037276432    9.631260217   24.095996414
   -1.237597106    2.792526803   11.979197299   21.969855251   26.606291489
   -1.047197551    2.792526803   17.554708546   36.488664948   27.650640032
   -0.856797996    2.792526803   25.726979678   48.455974828   27.087292966
   -0.666398442    2.792526803   35.618203569   53.993607480   25.116127896
   -0.475998887    2.792526803   45.781715045   51.175580997   22.092792796
   -0.285599332    2.792526803   54.608569273   40.178350789   18.326263647
   -0.095199777    2.792526803   60.695714107   22.846869379   13.973698580
    0.095199777    2.792526803   63.123993834    2.374238029    9.080778777
    0.285599332    2.792526803   61.689591019  -16.924511022    3.719828858
    0.475998887    2.792526803   57.082686570  -30.163603086   -1.859432426
    0.666398442    2.792526803   50.880416462  -33.115830181   -7.169212628
    0.856797996    2.792526803   45.252413607  -24.208084682  -11.552256435
    1.047197551    2.792526803   42.296198914   -5.778210644  -14.406323137
    1.237597106    2.792526803   43.284350926   15.993618525  -15.440099613
    1.427996661    2.792526803   48.115255039   33.359683301  -14.806886898
    1.618396215    2.792526803   55.311824759   40.078792883  -13.034134302
    1.808795770    2.792526803   62.539052476   33.646956546  -10.787767279
    1.999195325    2.792526803   67.390930357   15.688668775   -8.614813351
    2.189594880    2.792526803   68.068276444   -9.287865253   -6.782512745
    2.379994435    2.792526803   63.771515736  -35.568716406   -5.276022730
    2.570393989    2.792526803   54.803112315  -57.467242004   -3.906489711
    2.760793544    2.792526803   42.469883671  -70.247899053   -2.453560612
    2.951193099    2.792526803   28.827960267  -70.988497273   -0.785777407
